TimeWindow, Flight, RiskCategory, O97, O98, O99, O100, O101, O102, O103, O104
240, Flight1, SELECTEE, 0.1413192855657194, 0.4466101034583578, 0.4120706109163396, 2.2451003652902987E-11, 8.244770554377318E-12, 1.4192012347213511E-11, 6.793738948938793E-12, 8.244293579507057E-12
240, Flight1, UNKNOWN, 0.999999999999384, 2.40196869673694E-13, 2.4017370705079655E-13, 1.3725057758173023E-13, 7.775506902901583E-14, 1.150003823531499E-13, 7.00720039774709E-14, 7.775300077695037E-14
240, Flight1, LOWRISK1, 0.9999999999971029, 7.995375609185982E-13, 7.994532783323313E-13, 4.675053500540118E-13, 2.684699728864256E-13, 3.936790658130314E-13, 2.4236817880561593E-13, 2.6846198001336774E-13
240, Flight1, LOWRISK2, 0.9999999999903878, 2.4482859169501092E-12, 2.448019442842289E-12, 1.4388808493575809E-12, 8.28819719910953E-13, 1.2130186854280336E-12, 7.485388810813117E-13, 8.287941148729218E-13
240, Flight1, LOWRISK3, 0.9999999999837781, 4.07136392292737E-12, 4.070919454801729E-12, 2.3949932520411646E-12, 1.3803287514819152E-12, 2.0194679893927614E-12, 1.246722808402853E-12, 1.38028562114564E-12
240, Flight1, LOWRISK4, 0.9999999999804741, 4.8827372567929206E-12, 4.882204822430872E-12, 2.872979182440949E-12, 1.6560543076073602E-12, 2.422647401293592E-12, 1.4957944390209686E-12, 1.6560023406337117E-12
240, Flight2, SELECTEE, 0.46197892834423726, 0.2989447144028927, 0.23907635723608897, 6.416401726444045E-12, 2.35541865187443E-12, 4.0553521500293905E-12, 1.9409855865380233E-12, 2.3552873331866504E-12
240, Flight2, UNKNOWN, 0.9999999999994384, 2.2700100275651188E-13, 2.269792315089848E-13, 1.2939502660698559E-13, 7.32006695519105E-14, 1.0836134009040984E-13, 6.595554232394063E-14, 7.319873589905456E-14
240, Flight2, LOWRISK1, 0.9999999999975469, 6.906100143022354E-13, 6.905377832982136E-13, 4.0329658848873873E-13, 2.314208940730589E-13, 3.39515014267865E-13, 2.0890044584190004E-13, 2.3141406013277917E-13
240, Flight2, LOWRISK2, 0.9999999999950838, 1.2952148332413148E-12, 1.2950756732268946E-12, 7.595897580353307E-13, 4.3697680920162316E-13, 6.400553575703272E-13, 3.9458386383544693E-13, 4.369635281739189E-13
240, Flight2, LOWRISK3, 0.9999999999837788, 4.071254581937802E-12, 4.070810458880874E-12, 2.3949474086761526E-12, 1.3803087910751472E-12, 2.0194369528519943E-12, 1.2467076713714575E-12, 1.38026565677027E-12
240, Flight2, LOWRISK4, 0.9999999999892867, 2.7187258690349652E-12, 2.718429879894759E-12, 1.598202457591176E-12, 9.20724084387259E-13, 1.3474058446091042E-12, 8.315588621342255E-13, 9.206955513671375E-13
240, Flight3, SELECTEE, 2.119569460352796E-12, 0.2716294090580965, 0.25012963808005717, 3.7834491732924133E-10, 0.25495248561659656, 2.139593301376299E-11, 2.2749481597809442E-11, 0.22328846682098208
240, Flight3, UNKNOWN, 0.9999999999995455, 2.0082700222709996E-13, 2.0080807193485082E-13, 1.1378338418456333E-13, 6.414239882596723E-14, 9.516306432214839E-14, 5.776757097624657E-14, 6.414073783462243E-14
240, Flight3, LOWRISK1, 0.9999999999969952, 8.260773994548101E-13, 8.259888963323117E-13, 4.830541259137436E-13, 2.7742251394821617E-13, 4.067881188549572E-13, 2.5045291739967675E-13, 2.7741419035488925E-13
240, Flight3, LOWRISK2, 0.9999999999887653, 3.8628635860036674E-12, 3.861179682367093E-12, 1.2640324183473959E-12, 5.807309243959389E-13, 9.292269479759427E-13, 4.983017710368971E-13, 5.806959917545752E-13
240, Flight3, LOWRISK3, 0.9999999999878965, 3.1712470347033114E-12, 3.170847809812173E-12, 1.7689117704400562E-12, 9.901370288619083E-13, 1.4667048794690058E-12, 8.877580439107715E-13, 9.901042721026747E-13
240, Flight3, LOWRISK4, 0.9999999999892859, 2.71884858058986E-12, 2.7185521979639987E-12, 1.5982550205538663E-12, 9.20747131638275E-13, 1.347441058113046E-12, 8.315763101847305E-13, 9.207185838198946E-13
240, Flight4, SELECTEE, 7.061477556593315E-13, 0.22224110877307557, 0.17736188415846885, 1.2532014691032388E-10, 0.34302420811039613, 7.148134057766625E-12, 7.623796294146254E-12, 0.2573727988176034
240, Flight4, UNKNOWN, 0.9999999999985892, 4.3479500965872575E-13, 4.347510117106119E-13, 2.5240338513455274E-13, 1.4432598907832062E-13, 2.1221134923723326E-13, 1.302213664764079E-13, 1.4432189242394336E-13
240, Flight4, LOWRISK1, 0.8126528792177515, 0.12021790747170674, 0.06712921330713782, 1.4041282488753696E-12, 5.152448382459076E-13, 8.870403556324309E-13, 4.245637481836946E-13, 5.15214555649405E-13
240, Flight4, LOWRISK2, 0.7857142857056918, 0.11254485188156373, 0.10174086240110239, 4.490070277965423E-12, 1.6486711445356571E-12, 2.838676364913873E-12, 1.3586482022351788E-12, 1.6485880859842816E-12
240, Flight4, LOWRISK3, 0.7857142857171209, 0.11746775694839931, 0.0968179573198499, 5.609907892443955E-12, 2.0598116317635425E-12, 3.5453278920724616E-12, 1.697419521726075E-12, 2.0596961230700325E-12
240, Flight4, LOWRISK4, 0.999999999989286, 2.71897249225482E-12, 2.71867576718488E-12, 1.598302200383286E-12, 9.207666023853136E-13, 1.3474750784629317E-12, 8.315921029484516E-13, 9.207380339862024E-13
240, Flight5, SELECTEE, 7.945386907018701E-13, 0.2921978439942318, 0.22956120331868626, 1.4084252139194108E-10, 0.2692717445661663, 8.039720864435314E-12, 8.56569912285346E-12, 0.20896920796301555
240, Flight5, UNKNOWN, 0.9999999999995773, 1.9321010702346419E-13, 1.9319202542310946E-13, 1.0921319298656014E-13, 6.148299640089126E-14, 9.12950940005084E-14, 5.5362860601037535E-14, 6.14814165785625E-14
240, Flight5, LOWRISK1, 0.9999999999981442, 5.440789438448511E-13, 5.440223953821123E-13, 3.1684908434541884E-13, 1.815225265785016E-13, 2.665827779615065E-13, 1.638233566413971E-13, 1.8151724006790331E-13
240, Flight5, LOWRISK2, 0.999999999988129, 3.7386476734571784E-12, 3.737612283361459E-12, 1.498354707069661E-12, 7.304098389840562E-13, 1.143426211118303E-12, 6.344376006720521E-13, 7.303772300649799E-13
240, Flight5, LOWRISK3, 0.9999999999816003, 4.780910394301211E-12, 4.780312710749055E-12, 2.6623011035885186E-12, 1.4889242674175299E-12, 2.2061973927276992E-12, 1.3346273014657022E-12, 1.4888754354323825E-12
240, Flight5, LOWRISK4, 0.9999999999861386, 3.49179826465512E-12, 3.4914169070473594E-12, 2.0535686712347847E-12, 1.1833792070789861E-12, 1.7314794693250948E-12, 1.0688134180799055E-12, 1.183342308626005E-12
240, Flight6, SELECTEE, 2.302771849426748E-12, 0.5221098896397562, 0.4271953480421798, 1.3858334440941014E-10, 0.037019333915233606, 9.339929266568066E-12, 7.975708227884223E-12, 0.013675428244970887
240, Flight6, UNKNOWN, 0.9999999999992405, 2.752902997138758E-13, 2.7526345555783154E-13, 1.5808295867595247E-13, 8.981662983012885E-14, 1.3259739942011572E-13, 8.097201824309864E-14, 8.981420480227977E-14
240, Flight6, LOWRISK1, 0.9999999999972027, 7.750245417893546E-13, 7.749429587702295E-13, 4.5305743324265106E-13, 2.6013400472731177E-13, 3.814915549936208E-13, 2.3483797754207156E-13, 2.601262746268249E-13
240, Flight6, LOWRISK2, 0.9999999999957951, 1.1205800771081054E-12, 1.1204601475163183E-12, 6.566917954170885E-13, 3.7761620257450675E-13, 5.532606273861553E-13, 3.4096210919153776E-13, 3.776047862333322E-13
240, Flight6, LOWRISK3, 0.9999999999755145, 6.100759432802027E-12, 6.1000919509902556E-12, 3.5903456408933536E-12, 2.069812858545542E-12, 3.0276909998557383E-12, 1.8695366917776404E-12, 2.069747539741776E-12
240, Flight6, LOWRISK4, 0.9999999999672546, 8.128782718916884E-12, 8.12789760374258E-12, 4.785161073987071E-12, 2.759075554149859E-12, 4.0355414452919776E-12, 2.492180839746339E-12, 2.7589878734823535E-12
240, Flight7, SELECTEE, 0.14131928556395154, 0.46125602059877124, 0.3974246938076456, 1.1230478519051084E-11, 4.123253527967183E-12, 7.099548926782649E-12, 3.3976846090231777E-12, 4.123033368606623E-12
240, Flight7, UNKNOWN, 0.9999999999994925, 2.1376857694193063E-13, 2.1374822232517692E-13, 1.2150937072623356E-13, 6.862690378949278E-14, 1.0169569384629591E-13, 6.182138658378655E-14, 6.862510652202156E-14
240, Flight7, LOWRISK1, 0.9999999999973848, 7.303218078999647E-13, 7.302451879290843E-13, 4.2670920686521265E-13, 2.449314873773034E-13, 3.592656398649569E-13, 2.211051464450077E-13, 2.449242320786363E-13
240, Flight7, LOWRISK2, 0.9999999999903878, 2.4482859169501092E-12, 2.448019442842289E-12, 1.4388808493575809E-12, 8.28819719910953E-13, 1.2130186854280336E-12, 7.485388810813117E-13, 8.287941148729218E-13
240, Flight7, LOWRISK3, 0.9999999999892862, 2.718786312092423E-12, 2.7184901211427265E-12, 1.5982289545822094E-12, 9.207360937489369E-13, 1.347423439322577E-12, 8.315677612308179E-13, 9.207075733747773E-13
240, Flight7, LOWRISK4, 0.9999999999861393, 3.4915982355185316E-12, 3.4912175534641928E-12, 2.0534858351978012E-12, 1.183343835271656E-12, 1.7314230722718205E-12, 1.0687862058031718E-12, 1.1833069713747277E-12
240, Flight8, SELECTEE, 7.059871883589548E-13, 0.12506904358797982, 0.11165921015275497, 1.2590417641841368E-10, 0.44560980088360175, 7.14589492313541E-12, 7.626004034672979E-12, 0.3176619452346237
240, Flight8, UNKNOWN, 0.833333333329822, 0.1195347193047899, 0.04713194736449438, 4.631465182590891E-13, 1.700416393776829E-13, 2.928517024392882E-13, 1.4012679195442967E-13, 1.700336288063043E-13
240, Flight8, LOWRISK1, 0.5209522393915539, 0.3725697674552291, 0.10647799315111203, 9.168662677363156E-13, 3.3662449199356154E-13, 5.797538468503006E-13, 2.7740292839658705E-13, 3.366086547023714E-13
240, Flight8, LOWRISK2, 0.49999999999364747, 0.27658041968110025, 0.2234195803106081, 5.614886844624218E-12, 2.061493037172563E-12, 3.549917447431175E-12, 1.698804964070795E-12, 2.0613910018969054E-12
240, Flight8, LOWRISK3, 0.5000000000084923, 0.2544499166258677, 0.24555008324642608, 4.4776469385645505E-11, 1.6458247174425256E-11, 2.8300904640533107E-11, 1.356301507671772E-11, 1.6457289493906835E-11
240, Flight8, LOWRISK4, 0.9999999999892821, 2.720133820159604E-12, 2.7198337218900976E-12, 1.5987354591638161E-12, 9.20953528939458E-13, 1.3478016672690152E-12, 8.317493118219567E-13, 9.209247257013764E-13
240, Flight9, SELECTEE, 1.2721220576899565E-12, 0.37203298247312355, 0.3207445409270755, 2.25968284492703E-10, 0.16898422933404136, 1.2836879442190731E-11, 1.360254849330077E-11, 0.13823824701242188
240, Flight9, UNKNOWN, 0.999999999998901, 3.583697193656436E-13, 3.583340614549897E-13, 2.072591770144887E-13, 1.1825004547134905E-13, 1.7411390507147572E-13, 1.0666317098888052E-13, 1.1824675966319563E-13
240, Flight9, LOWRISK1, 0.9999999999981902, 5.326830876799981E-13, 5.326283124372555E-13, 3.1016746360833627E-13, 1.7767419264844116E-13, 2.6094884181247255E-13, 1.6034786195263567E-13, 1.7766904837143717E-13
240, Flight9, LOWRISK2, 0.9999999999961704, 1.0284646134273291E-12, 1.028354740537987E-12, 6.024022049219509E-13, 3.4629383225488346E-13, 5.074658302402115E-13, 3.1266761539932404E-13, 3.462833970689504E-13
240, Flight9, LOWRISK3, 0.9999999999861366, 3.4923352634936173E-12, 3.4919518134101028E-12, 2.0537674791522413E-12, 1.1834663514544732E-12, 1.7316304880111898E-12, 1.0688862623485609E-12, 1.1834294036642237E-12
240, Flight9, LOWRISK4, 0.999999999986139, 3.491706044657006E-12, 3.4913250148362793E-12, 2.0535313709206942E-12, 1.1833631461619518E-12, 1.7314533862105387E-12, 1.06880077638361E-12, 1.1833262662810535E-12
240, Flight10, SELECTEE, 2.302771849426748E-12, 0.5221098896397562, 0.4271953480421798, 1.3858334440941014E-10, 0.037019333915233606, 9.339929266568066E-12, 7.975708227884223E-12, 0.013675428244970887
240, Flight10, UNKNOWN, 0.9999999999994004, 2.362548414695871E-13, 2.3623209615978134E-13, 1.3490458253217913E-13, 7.639510187007073E-14, 1.1301778290074317E-13, 6.884281737956977E-14, 7.639307416850322E-14
240, Flight10, LOWRISK1, 0.9999999999982341, 5.219141875925498E-13, 5.218606286410555E-13, 3.0381669717807094E-13, 1.7400877158292583E-13, 2.55591057858741E-13, 1.5703670750519351E-13, 1.7400374290240665E-13
240, Flight10, LOWRISK2, 0.9999999999950835, 1.295236883764588E-12, 1.29509761317226E-12, 7.595990367639924E-13, 4.369813926037986E-13, 6.400620875801073E-13, 3.9458746647863246E-13, 4.3696811664701803E-13
240, Flight10, LOWRISK3, 0.9999999999804723, 4.883240170980443E-12, 4.882705905266903E-12, 2.87318071801984E-12, 1.6561417157828723E-12, 2.4227893337805606E-12, 1.4958630391742978E-12, 1.6560897285401378E-12
240, Flight10, LOWRISK4, 0.9999999999892863, 2.718765386989155E-12, 2.7184693042045536E-12, 1.5982203493678874E-12, 9.207319057735009E-13, 1.3474172041451E-12, 8.315645111346028E-13, 9.207033729359839E-13
240, Flight11, SELECTEE, 0.9999999999861555, 3.4910230644081214E-12, 3.4906406324146274E-12, 2.053292055343052E-12, 1.183288109464775E-12, 1.7312882030585796E-12, 1.0687404179791076E-12, 1.1832511757180195E-12
240, Flight11, UNKNOWN, 0.9999999999996152, 1.8401127488427183E-13, 1.8399423973513673E-13, 1.0369471676471024E-13, 5.827273687434598E-14, 8.662496255312802E-14, 5.246020156761112E-14, 5.827125545401719E-14
240, Flight11, LOWRISK1, 0.9999999999963491, 9.8717832473404E-13, 9.870732540282232E-13, 5.782528131300258E-13, 3.324215919632899E-13, 4.871284409411795E-13, 3.001441372792658E-13, 3.3241158488236736E-13
240, Flight11, LOWRISK2, 0.9999999999893029, 2.717968810547638E-12, 2.717672942043189E-12, 1.5979399876127027E-12, 9.206367220503155E-13, 1.3472195817196194E-12, 8.314877363967721E-13, 9.206081993169074E-13
240, Flight11, LOWRISK3, 0.9999999999804912, 4.88187135086888E-12, 4.881338970080522E-12, 2.8726706386409984E-12, 1.655948313795017E-12, 2.4224312529818675E-12, 1.495709631078251E-12, 1.6558963451267999E-12
240, Flight11, LOWRISK4, 0.9999999999672736, 8.127467688737964E-12, 8.126583459939925E-12, 4.784651081527913E-12, 2.7588835990533662E-12, 4.035197849091407E-12, 2.4920340933307313E-12, 2.7587959284802307E-12
240, Flight12, SELECTEE, 2.302771849426748E-12, 0.5221098896397562, 0.4271953480421798, 1.3858334440941014E-10, 0.037019333915233606, 9.339929266568066E-12, 7.975708227884223E-12, 0.013675428244970887
240, Flight12, UNKNOWN, 0.9999999999992935, 2.623998911112772E-13, 2.623743981491184E-13, 1.5043462910904046E-13, 8.538927416866063E-14, 1.2613742798393772E-13, 7.697110750303643E-14, 8.538698050168459E-14
240, Flight12, LOWRISK1, 0.9999999999980966, 5.556255677024276E-13, 5.555682812197436E-13, 3.2370407867023946E-13, 1.8548858602045123E-13, 2.7236985888376846E-13, 1.674073281052423E-13, 1.8548319679062893E-13
240, Flight12, LOWRISK2, 0.9999999999955808, 1.1732610028215015E-12, 1.1731352377123547E-12, 6.877296961134149E-13, 3.9552078975683125E-13, 5.794405492886364E-13, 3.5713548622060216E-13, 3.955088126205655E-13
240, Flight12, LOWRISK3, 0.9999999999804723, 4.883240170980443E-12, 4.882705905266903E-12, 2.87318071801984E-12, 1.6561417157828723E-12, 2.4227893337805606E-12, 1.4958630391742978E-12, 1.6560897285401378E-12
240, Flight12, LOWRISK4, 0.9999999999672546, 8.128782718916884E-12, 8.12789760374258E-12, 4.785161073987071E-12, 2.759075554149859E-12, 4.0355414452919776E-12, 2.492180839746339E-12, 2.7589878734823535E-12
240, Flight13, SELECTEE, 0.14131928556395154, 0.46125602059877124, 0.3974246938076456, 1.1230478519051084E-11, 4.123253527967183E-12, 7.099548926782649E-12, 3.3976846090231777E-12, 4.123033368606623E-12
240, Flight13, UNKNOWN, 0.9999999999984631, 4.65746209682033E-13, 4.656988513629196E-13, 2.7067554627838045E-13, 1.5487680321950048E-13, 2.2762935238745276E-13, 1.3975319376672348E-13, 1.548723749010938E-13
240, Flight13, LOWRISK1, 0.9999999999979396, 5.941858804546002E-13, 5.941243288595209E-13, 3.4644299210509294E-13, 1.986115302930481E-13, 2.9155295929579634E-13, 1.7926204314951232E-13, 1.9860572785173276E-13
240, Flight13, LOWRISK2, 0.9999999999903878, 2.4482859169501092E-12, 2.448019442842289E-12, 1.4388808493575809E-12, 8.28819719910953E-13, 1.2130186854280336E-12, 7.485388810813117E-13, 8.287941148729218E-13
240, Flight13, LOWRISK3, 0.9999999999507304, 1.2186400857708603E-11, 1.2185075396057314E-11, 7.175419705660428E-12, 4.137908551662692E-12, 6.051727457955874E-12, 3.7377310597676365E-12, 4.137775568957205E-12
240, Flight13, LOWRISK4, 0.9999999999879097, 3.0568660352807166E-12, 3.0565329560357117E-12, 1.7973931046257554E-12, 1.0356219866225277E-12, 1.5154157904772545E-12, 9.353469377928016E-13, 1.0355898167002044E-12
240, Flight14, SELECTEE, 9.086603885303988E-13, 0.3827337311566395, 0.3100437922911864, 1.612948475496273E-10, 0.17839933492988985, 9.169802447301717E-12, 9.714713046230172E-12, 0.12882314144153867
240, Flight14, UNKNOWN, 0.9999999999995286, 2.0492877995095856E-13, 2.0490939328806268E-13, 1.1623589252411265E-13, 6.556700775859554E-14, 9.723734829674024E-14, 5.905547591407136E-14, 6.556530314002116E-14
240, Flight14, LOWRISK1, 0.9999999999979944, 5.807454185004456E-13, 5.806853176399422E-13, 3.385150257299898E-13, 1.9403577395801128E-13, 2.848644306362699E-13, 1.7512835719275312E-13, 1.9403011566276677E-13
240, Flight14, LOWRISK2, 0.9999999999955805, 1.1733284297611728E-12, 1.1732024615594356E-12, 6.877539938185239E-13, 3.955312197665389E-13, 5.794592018377989E-13, 3.571442713970178E-13, 3.9551924245984233E-13
240, Flight14, LOWRISK3, 0.9999999999837753, 4.07224566266703E-12, 4.071797914606401E-12, 2.395326202133744E-12, 1.3804732749205068E-12, 2.0197157379863618E-12, 1.2468420539562014E-12, 1.3804300138906251E-12
240, Flight14, LOWRISK4, 0.9999999999011688, 2.435506881729296E-11, 2.435243225314173E-11, 1.4344647137964695E-11, 8.274059725676085E-12, 1.2099494397827329E-11, 7.47425248044277E-12, 8.27378631172049E-12
240, Flight15, SELECTEE, 1.588657320995042E-12, 0.20971938817877117, 0.1898836046363633, 2.8350488578281416E-10, 0.32474840257459464, 1.6062600166526336E-11, 1.7123647437878607E-11, 0.2756486042923335
240, Flight15, UNKNOWN, 0.9999999999983166, 5.017124507395482E-13, 5.016610652038074E-13, 2.918929159384885E-13, 1.6712439530200809E-13, 2.455303302463149E-13, 1.5081729094271007E-13, 1.671195836589671E-13
240, Flight15, LOWRISK1, 0.8126528792176881, 0.12640097592471297, 0.06094614485527726, 9.985572767878776E-13, 3.6642832671915554E-13, 6.308841508006687E-13, 3.01941091254071E-13, 3.664072061859855E-13
240, Flight15, LOWRISK2, 0.7857142857057691, 0.11181420977072207, 0.10247150451053583, 4.988468746580329E-12, 1.8317418693101726E-12, 3.1537905562611768E-12, 1.5095224160912977E-12, 1.8316504695709297E-12
240, Flight15, LOWRISK3, 0.7857142857229823, 0.10809464821616611, 0.10619106594218762, 4.453596701155966E-11, 1.639718939805325E-11, 2.8159273601041417E-11, 1.3517457206883789E-11, 1.6396339332771797E-11
240, Flight15, LOWRISK4, 0.999999999986138, 3.4919612700282987E-12, 3.4915793599862922E-12, 2.0536322481193795E-12, 1.1834065840234794E-12, 1.7315254242199923E-12, 1.0688355937383076E-12, 1.1833696520930287E-12
240, Flight16, SELECTEE, 7.061477556593315E-13, 0.22224110877307557, 0.17736188415846885, 1.2532014691032388E-10, 0.34302420811039613, 7.148134057766625E-12, 7.623796294146254E-12, 0.2573727988176034
240, Flight16, UNKNOWN, 0.9999999999985892, 4.3479500965872575E-13, 4.347510117106119E-13, 2.5240338513455274E-13, 1.4432598907832062E-13, 2.1221134923723326E-13, 1.302213664764079E-13, 1.4432189242394336E-13
240, Flight16, LOWRISK1, 0.8126528792176994, 0.1249025105979708, 0.062444610181817815, 1.0698721235604765E-12, 3.925956549740314E-13, 6.759278208804648E-13, 3.235026612503813E-13, 3.9257293604264553E-13
240, Flight16, LOWRISK2, 0.7857142857052929, 0.12026510927945931, 0.09402060501037739, 1.9530086034542254E-12, 7.170324642998098E-13, 1.234790866681914E-12, 5.908879255978742E-13, 7.169980057432394E-13
240, Flight16, LOWRISK3, 0.7857142857170234, 0.11845439776966364, 0.09583131650034497, 4.98708663878148E-12, 1.831119421297855E-12, 3.151891974029788E-12, 1.5089619080881819E-12, 1.83101751333884E-12
240, Flight16, LOWRISK4, 0.9999999999672491, 8.130516680451888E-12, 8.129625941238008E-12, 4.785853229214896E-12, 2.759371945345953E-12, 4.036030194151743E-12, 2.4924161349598877E-12, 2.7592839395696105E-12
240, Flight17, SELECTEE, 0.14131928556454096, 0.4538538841592249, 0.40482683023661536, 1.4972150337872482E-11, 5.497324013077283E-12, 9.464551327423945E-12, 4.5299020157705945E-12, 5.497020359972853E-12
240, Flight17, UNKNOWN, 0.9999999999996104, 1.8508291148603583E-13, 1.8506575628517341E-13, 1.0434405749518521E-13, 5.865242460295037E-14, 8.717554136826264E-14, 5.280372091661763E-14, 5.865093167687184E-14
240, Flight17, LOWRISK1, 0.9999999999981902, 5.326678012952634E-13, 5.326130577136854E-13, 3.101618165344352E-13, 1.776717662200165E-13, 2.609446101465042E-13, 1.6034585519502958E-13, 1.7766662163623713E-13
240, Flight17, LOWRISK2, 0.9999999999961706, 1.0283967962036664E-12, 1.0282871350282761E-12, 6.023774332890885E-13, 3.4628317466899026E-13, 5.074470233051333E-13, 3.126587292329478E-13, 3.4627273897846035E-13
240, Flight17, LOWRISK3, 0.999999999975516, 6.100248440761629E-12, 6.099582781322083E-12, 3.5901449407416706E-12, 2.06972624632791E-12, 3.0275472080374175E-12, 1.8694675095180715E-12, 2.06966098467688E-12
240, Flight17, LOWRISK4, 0.9999999999011846, 2.4350124115948264E-11, 2.434750297930574E-11, 1.4342529017466239E-11, 8.273157451397142E-12, 1.2098091485000982E-11, 7.47357450489784E-12, 8.272884970467142E-12
240, Flight18, SELECTEE, 1.270963679103976E-12, 0.21226214062819157, 0.18734085222900032, 2.2632851256790233E-10, 0.32874261868035964, 1.285665939878543E-11, 1.3708757969226363E-11, 0.27165438820862586
240, Flight18, UNKNOWN, 0.9999999999987725, 3.8981899328341427E-13, 3.897799157070755E-13, 2.2584360105039552E-13, 1.289869555824378E-13, 1.8979871630683805E-13, 1.1636361305483996E-13, 1.2898333760352781E-13
240, Flight18, LOWRISK1, 0.8126528792176881, 0.12640097592471297, 0.06094614485527726, 9.985572767878776E-13, 3.6642832671915554E-13, 6.308841508006687E-13, 3.01941091254071E-13, 3.664072061859855E-13
240, Flight18, LOWRISK2, 0.785714285705307, 0.1234443193596408, 0.09084139492994478, 2.041966026915031E-12, 7.49623830252643E-13, 1.2908899490375628E-12, 6.1773841367539E-13, 7.495857355194188E-13
240, Flight18, LOWRISK3, 0.7857142857229823, 0.10809464821616611, 0.10619106594218762, 4.453596701155966E-11, 1.639718939805325E-11, 2.8159273601041417E-11, 1.3517457206883789E-11, 1.6396339332771797E-11
240, Flight18, LOWRISK4, 0.999999999989286, 2.71897249225482E-12, 2.71867576718488E-12, 1.598302200383286E-12, 9.207666023853136E-13, 1.3474750784629317E-12, 8.315921029484516E-13, 9.207380339862024E-13
240, Flight19, SELECTEE, 1.2704161331826255E-12, 0.12279819306939561, 0.11393006059654846, 2.2758123726318515E-10, 0.4204224157745806, 1.2846119961942781E-11, 1.371107229874371E-11, 0.3428493303044088
240, Flight19, UNKNOWN, 0.8333333333298087, 0.1239300435463396, 0.04273662312317768, 3.807217437451454E-13, 1.3978137408618236E-13, 2.4073815056601195E-13, 1.1519019668842187E-13, 1.3977483995916324E-13
240, Flight19, LOWRISK1, 0.520952239391567, 0.3589500472301543, 0.12009771337595654, 9.983590235933077E-13, 3.6654534844576835E-13, 6.312845662906191E-13, 3.020601988047687E-13, 3.6652824895415427E-13
240, Flight19, LOWRISK2, 0.49999999999309996, 0.32318985004174017, 0.17681014995979216, 2.1392916838802363E-12, 7.854294372593594E-13, 1.3526674640684868E-12, 6.472493951623007E-13, 7.853920905881041E-13
240, Flight19, LOWRISK3, 0.5000000000050352, 0.2590733737556434, 0.2409266261797839, 2.2434739913922235E-11, 8.238967518022486E-12, 1.4178247936613124E-11, 6.7892822718699486E-12, 8.238494187098085E-12
240, Flight19, LOWRISK4, 0.9999999999009039, 2.4440464183105513E-11, 2.443758049369899E-11, 1.4376416125581939E-11, 8.287715441170767E-12, 1.2123246017509078E-11, 7.485647315939229E-12, 8.28742664263554E-12
240, Flight20, SELECTEE, 3.1800719436162636E-12, 0.268060616298191, 0.2536984306977506, 5.719889052747841E-10, 0.24953648397624179, 3.20360545247908E-11, 3.4018984502145695E-11, 0.22870446838693476
240, Flight20, UNKNOWN, 0.9999999999995286, 2.0492986073454054E-13, 2.0491047845719317E-13, 1.1623625923692223E-13, 6.556715711543448E-14, 9.723762613021605E-14, 5.905559972881844E-14, 6.556545296950111E-14
240, Flight20, LOWRISK1, 0.9999999999980962, 5.558024411538679E-13, 5.557445727645916E-13, 3.237657074089734E-13, 1.855155374212647E-13, 2.7241856805225376E-13, 1.6743060963615501E-13, 1.8551012453808847E-13
240, Flight20, LOWRISK2, 0.9999999999833938, 4.589469830601116E-12, 4.588791213418485E-12, 2.321818509262506E-12, 1.2390691312304825E-12, 1.871932599416664E-12, 1.098205696111088E-12, 1.23903141721765E-12
240, Flight20, LOWRISK3, 0.9999999999438062, 1.4443741468559134E-11, 1.4441831809064032E-11, 8.024763061175767E-12, 4.482502861838116E-12, 6.644440580637441E-12, 4.016518557288715E-12, 4.482341991178302E-12
240, Flight20, LOWRISK4, 0.9999999999804727, 4.883133883515911E-12, 4.8826001293770604E-12, 2.8731432067222156E-12, 1.6561241441018985E-12, 2.4227590993258764E-12, 1.4958481885323062E-12, 1.6560721078043235E-12
240, Flight21, SELECTEE, 0.14131928556319218, 0.4852473102111224, 0.3734334042088979, 6.4180358072208085E-12, 2.356307098288248E-12, 4.0576722998933265E-12, 1.941709768723551E-12, 2.3561885444062015E-12
240, Flight21, UNKNOWN, 0.9999999999995668, 1.9564790328076818E-13, 1.956295400992871E-13, 1.1068338615017401E-13, 6.234074223876104E-14, 9.254061244053956E-14, 5.6138717782202874E-14, 6.233913514614214E-14
240, Flight21, LOWRISK1, 0.999999999997468, 7.098960977821248E-13, 7.098217382976353E-13, 4.146677092244822E-13, 2.3798302285957403E-13, 3.491076587117516E-13, 2.1482829926776897E-13, 2.3797598533184604E-13
240, Flight21, LOWRISK2, 0.9999999999947942, 1.3663943189107354E-12, 1.3662472735522809E-12, 8.015232052342018E-13, 4.611657635719873E-13, 6.754247130568237E-13, 4.1643370553691643E-13, 4.611517287734927E-13
240, Flight21, LOWRISK3, 0.9999999999892862, 2.718786312092423E-12, 2.7184901211427265E-12, 1.5982289545822094E-12, 9.207360937489369E-13, 1.347423439322577E-12, 8.315677612308179E-13, 9.207075733747773E-13
240, Flight21, LOWRISK4, 0.9999999999804741, 4.8827372567929206E-12, 4.882204822430872E-12, 2.872979182440949E-12, 1.6560543076073602E-12, 2.422647401293592E-12, 1.4957944390209686E-12, 1.6560023406337117E-12
240, Flight22, SELECTEE, 7.95319738308731E-13, 0.3884175050461586, 0.3043600184178393, 1.3914801979400566E-10, 0.22112610225325913, 8.023509114041265E-12, 8.501249391215656E-12, 0.08609637412661743
240, Flight22, UNKNOWN, 0.9999999999986993, 4.078342483652443E-13, 4.077932348763204E-13, 2.3648632603104104E-13, 1.351344079106803E-13, 1.9878016513797846E-13, 1.2191755975155714E-13, 1.3513059863146635E-13
240, Flight22, LOWRISK1, 0.9999999999969961, 8.257084759099921E-13, 8.256211973093301E-13, 4.829259200353371E-13, 2.77366500743955E-13, 4.066863689668143E-13, 2.504043796102707E-13, 2.773582289914026E-13
240, Flight22, LOWRISK2, 0.9999999999920396, 2.042793043788972E-12, 2.042570407981909E-12, 1.1999532068497106E-12, 6.909859960212499E-13, 1.0114831390356108E-12, 6.24029740762384E-13, 6.909647361384173E-13
240, Flight22, LOWRISK3, 0.9999999999879079, 3.0574403892097486E-12, 3.0571051783970443E-12, 1.797612152461286E-12, 1.0357170017385685E-12, 1.5155771097814199E-12, 9.354245495306726E-13, 1.0356847699425774E-12
240, Flight22, LOWRISK4, 0.9999999999672539, 8.12913499166922E-12, 8.128248815227481E-12, 4.785307098346009E-12, 2.7591372365115865E-12, 4.035640263935498E-12, 2.492228053428176E-12, 2.7590495019295294E-12
240, Flight23, SELECTEE, 0.46197892834423726, 0.2989447144028927, 0.23907635723608897, 6.416401726444045E-12, 2.35541865187443E-12, 4.0553521500293905E-12, 1.9409855865380233E-12, 2.3552873331866504E-12
240, Flight23, UNKNOWN, 0.9999999999992931, 2.6238265570174557E-13, 2.6235716336470245E-13, 1.5042885790068245E-13, 8.538736463556063E-14, 1.2613333910089846E-13, 7.696955598575595E-14, 8.538507056320286E-14
240, Flight23, LOWRISK1, 0.9999999999981444, 5.438870712234519E-13, 5.438310864226932E-13, 3.1678214954220104E-13, 1.8149385953863517E-13, 2.665304852916441E-13, 1.637987550640366E-13, 1.8148859378772006E-13
240, Flight23, LOWRISK2, 0.9999999999903884, 2.4482598966441556E-12, 2.4479935435762567E-12, 1.438869132308993E-12, 8.288140064755771E-13, 1.2130107296108824E-12, 7.485346029589633E-13, 8.287883933067816E-13
240, Flight23, LOWRISK3, 0.9999999999861392, 3.4915989507725802E-12, 3.4912181699365765E-12, 2.053486455541398E-12, 1.1833444650765943E-12, 1.7314235825950615E-12, 1.068786656935812E-12, 1.1833076060466814E-12
240, Flight23, LOWRISK4, 0.9999999999011894, 2.4348552045924075E-11, 2.4345935463035468E-11, 1.4341816578699806E-11, 8.272857072783653E-12, 1.2097645678273245E-11, 7.473359494971033E-12, 8.27258483779984E-12
240, Flight24, SELECTEE, 2.1163980477171078E-12, 0.1212548641777539, 0.1154733893741728, 3.828888673839699E-10, 0.40609106789558824, 2.135664431647889E-11, 2.2794961257983287E-11, 0.35718067812367055
240, Flight24, UNKNOWN, 0.8333333333298462, 0.11365719253535259, 0.05300947413350117, 6.154145726477524E-13, 2.259414039184066E-13, 3.891187099159028E-13, 1.861920266213294E-13, 2.2593059954476589E-13
240, Flight24, LOWRISK1, 0.5209522393916309, 0.331442135186218, 0.14760562541874625, 1.4039331478462863E-12, 5.154480978779572E-13, 8.877228186860634E-13, 4.2476646461823693E-13, 5.154238839018255E-13
240, Flight24, LOWRISK2, 0.4999999999935494, 0.2799542945890061, 0.220045705404465, 4.99113672605711E-12, 1.83248138171766E-12, 3.155620657677285E-12, 1.5100862445870516E-12, 1.8323913608070404E-12
240, Flight24, LOWRISK3, 0.5000000000024023, 0.29256779582731557, 0.20743220415563746, 5.615577621622362E-12, 2.061445761692535E-12, 3.5496982114206144E-12, 1.6987391694194949E-12, 2.0613378481822667E-12
240, Flight24, LOWRISK4, 0.9999999999754955, 6.106807042323611E-12, 6.106122329047171E-12, 3.5926098419588103E-12, 2.0707859211212196E-12, 3.0293888331094675E-12, 1.870352301492363E-12, 2.0707193332657136E-12
240, Flight25, SELECTEE, 0.46197892834411164, 0.29971948560507156, 0.23830158603617502, 5.614823422140147E-12, 2.0611074428997345E-12, 3.54876278421615E-12, 1.6984557082179252E-12, 2.0609935710524014E-12
240, Flight25, UNKNOWN, 0.9999999999995968, 1.8846801496653974E-13, 1.8845046398468528E-13, 1.0637245960978362E-13, 5.983160449799496E-14, 8.889170047487711E-14, 5.386982999952398E-14, 5.983007459909477E-14
240, Flight25, LOWRISK1, 0.9999999999969964, 8.256807913611181E-13, 8.255936091877418E-13, 4.829151108251151E-13, 2.7736135819682316E-13, 4.0667818810376556E-13, 2.50400158062411E-13, 2.7735308387259243E-13
240, Flight25, LOWRISK2, 0.9999999999961706, 1.0283908927160874E-12, 1.0282812420757526E-12, 6.023749518124434E-13, 3.462820260624898E-13, 5.074453012934918E-13, 3.1265785544603793E-13, 3.4627158774245687E-13
240, Flight25, LOWRISK3, 0.9999999999755169, 6.099985658373845E-12, 6.09932080954192E-12, 3.5900356050159782E-12, 2.0696793841375906E-12, 3.0274732160905003E-12, 1.8694318936295545E-12, 2.069614126075345E-12
240, Flight25, LOWRISK4, 0.9999999999892867, 2.7187258690349652E-12, 2.718429879894759E-12, 1.598202457591176E-12, 9.20724084387259E-13, 1.3474058446091042E-12, 8.315588621342255E-13, 9.206955513671375E-13
240, Flight26, SELECTEE, 1.2714751509702487E-12, 0.27938744989265907, 0.2423715973578812, 2.2553082038893151E-10, 0.26383241090651083, 1.28548891597692E-11, 1.3686943925675101E-11, 0.2144085415899471
240, Flight26, UNKNOWN, 0.9999999999993409, 2.5075418569761173E-13, 2.507299209276373E-13, 1.4352268975650758E-13, 8.13878496594607E-14, 1.2029918379533293E-13, 7.3355065042486E-14, 8.138567518901482E-14
240, Flight26, LOWRISK1, 0.9999999999969952, 8.260773994548101E-13, 8.259888963323117E-13, 4.830541259137436E-13, 2.7742251394821617E-13, 4.067881188549572E-13, 2.5045291739967675E-13, 2.7741419035488925E-13
240, Flight26, LOWRISK2, 0.9999999999846834, 4.294755758613283E-12, 4.294086798660454E-12, 2.125839079270511E-12, 1.1234394475823663E-12, 1.7039933659597379E-12, 9.934577722715916E-13, 1.1234044130404549E-12
240, Flight26, LOWRISK3, 0.9999999999863228, 3.573552908693556E-12, 3.573104828560777E-12, 1.9922203736183583E-12, 1.1148189406817634E-12, 1.6515521592749686E-12, 9.994634134099544E-13, 1.1147822564991953E-12
240, Flight26, LOWRISK4, 0.9999999999672519, 8.12963038180643E-12, 8.128742512510098E-12, 4.7855078422448314E-12, 2.7592236814782153E-12, 4.035780590774858E-12, 2.492296063421195E-12, 2.7591358494048976E-12
240, Flight27, SELECTEE, 7.945386907018701E-13, 0.2921978439942318, 0.22956120331868626, 1.4084252139194108E-10, 0.2692717445661663, 8.039720864435314E-12, 8.56569912285346E-12, 0.20896920796301555
240, Flight27, UNKNOWN, 0.9999999999986733, 4.142550714129314E-13, 4.1421335136131853E-13, 2.402740587226004E-13, 1.373206755459572E-13, 2.019757853449497E-13, 1.238925386901474E-13, 1.3731679855308305E-13
240, Flight27, LOWRISK1, 0.9999999999981442, 5.440789438448511E-13, 5.440223953821123E-13, 3.1684908434541884E-13, 1.815225265785016E-13, 2.665827779615065E-13, 1.638233566413971E-13, 1.8151724006790331E-13
240, Flight27, LOWRISK2, 0.9999999999846834, 4.294755758613283E-12, 4.294086798660454E-12, 2.125839079270511E-12, 1.1234394475823663E-12, 1.7039933659597379E-12, 9.934577722715916E-13, 1.1234044130404549E-12
240, Flight27, LOWRISK3, 0.9999999999863228, 3.573552908693556E-12, 3.573104828560777E-12, 1.9922203736183583E-12, 1.1148189406817634E-12, 1.6515521592749686E-12, 9.994634134099544E-13, 1.1147822564991953E-12
240, Flight27, LOWRISK4, 0.9999999999804727, 4.883133883515911E-12, 4.8826001293770604E-12, 2.8731432067222156E-12, 1.6561241441018985E-12, 2.4227590993258764E-12, 1.4958481885323062E-12, 1.6560721078043235E-12
240, Flight28, SELECTEE, 6.324602563855324E-12, 0.11940692507706922, 0.11732132784999665, 1.242784291543063E-9, 0.3896775921110865, 6.285331786019072E-11, 6.716530978675733E-11, 0.37359415358306247
240, Flight28, UNKNOWN, 0.8333333333298039, 0.12599887657667125, 0.04066779009293769, 3.482569732230486E-13, 1.278625158658342E-13, 2.202115260517574E-13, 1.0536820341339954E-13, 1.2785655627305983E-13
240, Flight28, LOWRISK1, 0.5209522393915539, 0.3725697674552291, 0.10647799315111203, 9.168662677363156E-13, 3.3662449199356154E-13, 5.797538468503006E-13, 2.7740292839658705E-13, 3.366086547023714E-13
240, Flight28, LOWRISK2, 0.49999999999311706, 0.31901950299685833, 0.1809804970043716, 2.2462452629750567E-12, 8.24697865372165E-13, 1.4202912470312568E-12, 6.796092941403077E-13, 8.24658631757341E-13
240, Flight28, LOWRISK3, 0.5000000000032836, 0.26250022349689245, 0.23749977647020298, 1.1227070113107727E-11, 4.121837108435423E-12, 7.09614213783759E-12, 3.3965851371198424E-12, 4.1216118247577355E-12
240, Flight28, LOWRISK4, 0.99999999998046, 4.887171208293927E-12, 4.886625739202787E-12, 2.874652989891142E-12, 1.6567740843989396E-12, 2.4238930646802617E-12, 1.496393067709043E-12, 1.6567212575607476E-12
240, Flight29, SELECTEE, 0.46197892834411164, 0.29971948560507156, 0.23830158603617502, 5.614823422140147E-12, 2.0611074428997345E-12, 3.54876278421615E-12, 1.6984557082179252E-12, 2.0609935710524014E-12
240, Flight29, UNKNOWN, 0.9999999999991431, 2.9908114983861095E-13, 2.9905180269938645E-13, 1.7218424005445652E-13, 9.797535918600417E-14, 1.445053971683232E-13, 8.834448533344656E-14, 9.797268982330044E-14
240, Flight29, LOWRISK1, 0.999999999997621, 6.723482106041785E-13, 6.722780032304074E-13, 3.925340327822731E-13, 2.2521159150027517E-13, 3.3043653272429053E-13, 2.032914503601674E-13, 2.2520495243843224E-13
240, Flight29, LOWRISK2, 0.9999999999926757, 1.8864693625365847E-12, 1.8862649031645475E-12, 1.1079222827416479E-12, 6.379136928752107E-13, 9.338670321259538E-13, 5.760924979309158E-13, 6.378940999853202E-13
240, Flight29, LOWRISK3, 0.9999999999672552, 8.128587687019384E-12, 8.127703115275713E-12, 4.7850744669992285E-12, 2.7590396432797938E-12, 4.0354865715658234E-12, 2.4921545380932967E-12, 2.758952037260958E-12
240, Flight29, LOWRISK4, 0.9999999999804741, 4.882657123125447E-12, 4.8821248318960155E-12, 2.8729450154378343E-12, 1.6560403390930379E-12, 2.4226253958249055E-12, 1.4957842269830649E-12, 1.6559883711016742E-12
240, Flight30, SELECTEE, 0.1413192855657194, 0.4466101034583578, 0.4120706109163396, 2.2451003652902987E-11, 8.244770554377318E-12, 1.4192012347213511E-11, 6.793738948938793E-12, 8.244293579507057E-12
240, Flight30, UNKNOWN, 0.9999999999989574, 3.4457608198849083E-13, 3.445419016796038E-13, 1.9910287083394104E-13, 1.1353641264350781E-13, 1.6722939780295873E-13, 1.0240440924202758E-13, 1.1353327089803586E-13
240, Flight30, LOWRISK1, 0.9999999999963358, 9.878515117980762E-13, 9.877463890061865E-13, 5.784844208197865E-13, 3.3249870351002835E-13, 4.872929385305618E-13, 3.002069278048842E-13, 3.3248870568166966E-13
240, Flight30, LOWRISK2, 0.9999999999879093, 3.056938218889163E-12, 3.056604812168769E-12, 1.7974225749103298E-12, 1.035635048849404E-12, 1.5154363164974347E-12, 9.353569564356247E-13, 1.0356028983951424E-12
240, Flight30, LOWRISK3, 0.9999999999672539, 8.129058574239464E-12, 8.128172554983576E-12, 4.785270543471688E-12, 2.759123380184525E-12, 4.0356190478485E-12, 2.4922181598937E-12, 2.759035755510826E-12
240, Flight30, LOWRISK4, 0.9999999999892866, 2.718734312783191E-12, 2.7184383309617683E-12, 1.598207263631306E-12, 9.207265070092953E-13, 1.347408609777478E-12, 8.315604795744259E-13, 9.206979791994855E-13
240, Flight31, SELECTEE, 0.14131928556306636, 0.4935065615482962, 0.36517415287399096, 5.6158319223240346E-12, 2.061789344604376E-12, 3.550572190420599E-12, 1.6990199591482148E-12, 2.0616868029107763E-12
240, Flight31, UNKNOWN, 0.9999999999988812, 3.6323804452056525E-13, 3.6320186083834E-13, 2.1013568390296904E-13, 1.1991168910121084E-13, 1.7654152519454905E-13, 1.0816441420370315E-13, 1.1990835120759302E-13
240, Flight31, LOWRISK1, 0.9999999999978821, 6.082902949526495E-13, 6.082271823104716E-13, 3.5476102050880336E-13, 2.0341228666852101E-13, 2.985703866441077E-13, 1.835988670787622E-13, 2.0340633350676852E-13
240, Flight31, LOWRISK2, 0.9999999999936926, 1.6368369185959618E-12, 1.636659979712503E-12, 9.60853188939028E-13, 5.530760792004847E-13, 8.098163441327058E-13, 4.994572524814498E-13, 5.530591604226857E-13
240, Flight31, LOWRISK3, 0.9999999999011706, 2.4354469612135034E-11, 2.435183402904166E-11, 1.434436726945559E-11, 8.27394777004502E-12, 1.2099324592447243E-11, 7.474170976112741E-12, 8.273674740659116E-12
240, Flight31, LOWRISK4, 0.9999999999672555, 8.128551876226257E-12, 8.12766756753028E-12, 4.7850600843089576E-12, 2.7590325846076956E-12, 4.0354760099720094E-12, 2.4921491297703606E-12, 2.75894494591485E-12
240, Flight32, SELECTEE, 7.942000925182829E-13, 0.12459597982274748, 0.11213227390635434, 1.4171248235087135E-10, 0.4396308985106346, 8.037715539898668E-12, 8.578027812278879E-12, 0.32364084760148365
240, Flight32, UNKNOWN, 0.8333333333298156, 0.1214941090936032, 0.0451725575757923, 4.2382254407080604E-13, 1.5560488335053768E-13, 2.67989151914471E-13, 1.282298914203753E-13, 1.5559758039182324E-13
240, Flight32, LOWRISK1, 0.5209522393916535, 0.3267722988128995, 0.15227546179165447, 1.5491691002107477E-12, 5.687679102865581E-13, 9.79547543248616E-13, 4.687054793734018E-13, 5.687410563003115E-13
240, Flight32, LOWRISK2, 0.49999999999313544, 0.31507221682318787, 0.18492778317770786, 2.3644567978399252E-12, 8.68099482673212E-13, 1.4950321863228614E-12, 7.153751929032457E-13, 8.680581507855539E-13
240, Flight32, LOWRISK3, 0.500000000002697, 0.2649110427746803, 0.23508895720298517, 7.486333444667426E-12, 2.748364534689833E-12, 4.732246024011924E-12, 2.2647982975765814E-12, 2.748221824731851E-12
240, Flight32, LOWRISK4, 0.9999999999837689, 4.074338576427779E-12, 4.073885422186772E-12, 2.396111834179365E-12, 1.3808096321161987E-12, 2.020303676931303E-12, 1.2471243733252843E-12, 1.3807658834108886E-12
240, Flight33, SELECTEE, 0.4619789283501522, 0.2749860198638102, 0.2630350516669592, 4.4710602277823774E-11, 1.6444155047358835E-11, 2.8269757894565755E-11, 1.3553276005172417E-11, 1.644318877463726E-11
240, Flight33, UNKNOWN, 0.9999999999990093, 3.3185599098891375E-13, 3.3182316957677354E-13, 1.9158141842771436E-13, 1.0918983215436985E-13, 1.6088079661994425E-13, 9.847728996388237E-14, 1.0918682316319453E-13
