TimeWindow, Flight, RiskCategory, O209, O210, O211, O212, O213, O214, O215, O216
240, Flight1, SELECTEE, 7.191472271364175E-13, 6.277209267307526E-12, 4.759443034679422E-12, 0.4725719989299905, 0.26106540790836275, 0.1524280010487301, 0.11393459208185705, 1.9336135722602213E-11
240, Flight1, UNKNOWN, 0.665133080749842, 0.013802273222635289, 2.675853929877963E-12, 0.15642386442636164, 4.450989286600955E-13, 0.1646407815972405, 4.4515660874126056E-13, 3.870029245375261E-13
240, Flight1, LOWRISK1, 0.33061197335248976, 0.02449223981425206, 4.5735303666376095E-12, 0.33512086988304135, 7.614818399832595E-13, 0.30977491694349074, 7.614042768902453E-13, 6.620347086221684E-13
240, Flight1, LOWRISK2, 0.2438322835003534, 0.05550944852012972, 1.1394122013840748E-11, 0.38501011469105706, 1.9227157963837462E-12, 0.3156481532715837, 1.921673385132051E-12, 1.6699317271156743E-12
240, Flight1, LOWRISK3, 0.142652848904007, 0.21612435969239388, 2.1085659229046086E-10, 0.35984104481965257, 2.7321859890449214E-11, 0.28138174629492974, 2.7492232695962163E-11, 2.337864214158174E-11
240, Flight1, LOWRISK4, 0.9999999999839838, 3.2749150561186452E-12, 2.8818940964375147E-12, 2.8800493758600712E-12, 1.4012316213763552E-12, 2.8832518998308167E-12, 1.4019041095682787E-12, 1.3252753416368229E-12
240, Flight2, SELECTEE, 0.1522846440086376, 0.12943820389293548, 3.3736733726442337E-11, 0.3959119522546884, 5.7243859155611746E-12, 0.32236519979363765, 5.711160959670157E-12, 4.960763839504078E-12
240, Flight2, UNKNOWN, 0.9999999999977272, 4.703493156897914E-13, 4.1443377636432657E-13, 4.143648158578138E-13, 2.008916680458321E-13, 4.145075570963075E-13, 2.0092523580062154E-13, 1.9009320208116113E-13
240, Flight2, LOWRISK1, 0.9999999999952159, 1.0152371799231757E-12, 8.628916111992639E-13, 8.934275445661738E-13, 3.91874951740809E-13, 8.934621187208869E-13, 3.918954594973995E-13, 3.674174218365353E-13
240, Flight2, LOWRISK2, 0.8301189186598387, 0.028929732123673228, 6.879688845705832E-12, 0.07049321898328173, 1.1795006214931524E-12, 0.07045813022297968, 1.1795127637275821E-12, 1.0202673320961219E-12
240, Flight2, LOWRISK3, 0.6537249788711329, 0.11647518994652159, 1.960904001484219E-10, 0.11509344555541878, 2.921857890519183E-11, 0.11470638534787667, 2.9167195212981066E-11, 2.460629262533032E-11
240, Flight2, LOWRISK4, 0.9999999999857718, 2.910200075975084E-12, 2.5610163913054293E-12, 2.5588701358494258E-12, 1.2451227077369735E-12, 2.561813284233359E-12, 1.2457362339162016E-12, 1.1776121410966874E-12
240, Flight3, SELECTEE, 0.15505699179502322, 0.10448707382574152, 2.4084326100713064E-11, 0.4069806448350227, 4.105034974926922E-12, 0.33347528950839667, 4.097951747586237E-12, 3.561202767144644E-12
240, Flight3, UNKNOWN, 0.9999999999991628, 1.773846017758706E-13, 1.56366425554886E-13, 1.563302926223653E-13, 7.568009725885037E-14, 1.563779389553519E-13, 7.568138940954361E-14, 7.161202227354172E-14
240, Flight3, LOWRISK1, 0.9999999999965672, 7.392055780392443E-13, 6.193821396258393E-13, 6.49445805398213E-13, 2.7518084350039555E-13, 6.495032796409069E-13, 2.7520225344207893E-13, 2.5718702252101345E-13
240, Flight3, LOWRISK2, 0.8300015117028174, 0.02998639473564437, 7.822992157230344E-12, 0.06996608302952047, 1.3447704148536095E-12, 0.07004601052037457, 1.3447924167110216E-12, 1.1630051943262853E-12
240, Flight3, LOWRISK3, 0.6537249788711329, 0.11647518994652159, 1.960904001484219E-10, 0.11509344555541878, 2.921857890519183E-11, 0.11470638534787667, 2.9167195212981066E-11, 2.460629262533032E-11
240, Flight3, LOWRISK4, 0.999999999968191, 6.502455479230767E-12, 5.711460634335573E-12, 5.701125531877031E-12, 2.787624687573833E-12, 5.713135914240286E-12, 2.7906324576318567E-12, 2.6348681221418036E-12
240, Flight4, SELECTEE, 2.4214493409382482E-14, 5.987125725381121E-14, 5.975589290746372E-14, 1.6879317323576774E-13, 0.9999999999554557, 7.351892610798547E-14, 1.2962558044739517E-13, 4.406110950906119E-11
240, Flight4, UNKNOWN, 0.11013311241807454, 0.008801988224239601, 1.5145884984332751E-12, 0.5120136805825167, 2.5030764439543006E-13, 0.3690512187729687, 2.5021910676173026E-13, 2.178484009278006E-13
240, Flight4, LOWRISK1, 1.5535827899478304E-13, 1.3633136432077682E-12, 1.0443050107016037E-12, 0.5906465076406423, 0.09686274960883201, 0.2426868256858655, 0.06980391705780994, 4.319717488092568E-12
240, Flight4, LOWRISK2, 5.926502747473073E-13, 5.169476049139483E-12, 3.93234092732167E-12, 0.5228079119720757, 0.2314145736914515, 0.14385875468359946, 0.1019187596275795, 1.563173529854618E-11
240, Flight4, LOWRISK3, 6.332355810481851E-12, 6.344005772938993E-11, 4.581702608912936E-11, 0.4044445255926941, 0.4050341102488564, 0.09555547420149721, 0.09496588966177454, 1.7962081255078087E-10
240, Flight4, LOWRISK4, 0.6962048108983135, 0.06749003499390822, 2.1065930559529883E-11, 0.12232316457162296, 3.5600517533762727E-12, 0.11398198950492275, 3.5597169590731773E-12, 3.079273672634884E-12
240, Flight5, SELECTEE, 1.0749056796179509E-12, 9.377620937513257E-12, 7.073578864121883E-12, 0.47267367448195163, 0.2617417189403271, 0.15232632548547878, 0.11325828104642342, 2.832538895768017E-11
240, Flight5, UNKNOWN, 0.6658411635718867, 0.007429527825598109, 1.3913194946589623E-12, 0.15493962653160645, 2.301033485199998E-13, 0.1717896820688896, 2.30093993824894E-13, 2.001587168614354E-13
240, Flight5, LOWRISK1, 0.33118366255131826, 0.019347037025708475, 3.707406211155722E-12, 0.3368775152181153, 6.161590379589403E-13, 0.31259178519941494, 6.161166994873064E-13, 5.358507064509412E-13
240, Flight5, LOWRISK2, 0.24286652327111938, 0.06420129058139537, 1.3106991916945473E-11, 0.38037198334265443, 2.216036751782634E-12, 0.3125602027854015, 2.2146614559788177E-12, 1.9239666341608593E-12
240, Flight5, LOWRISK3, 0.15830443521392842, 0.07526008311748998, 2.1036539695005417E-11, 0.4465746397456338, 3.588926273257886E-12, 0.3198608418916514, 3.5863282512064424E-12, 3.1169107552241265E-12
240, Flight5, LOWRISK4, 0.9999999999681389, 6.511766606639426E-12, 5.720897613199179E-12, 5.713603280425208E-12, 2.7911755095502562E-12, 5.7240252032616405E-12, 2.7937598084639038E-12, 2.63846645614922E-12
240, Flight6, SELECTEE, 2.4366884234028028E-12, 2.1257607393809207E-11, 1.3089697730533285E-11, 0.6334158294920397, 1.2063460667247015E-11, 0.36658417043805597, 1.1976842228006316E-11, 9.058146259697084E-12
240, Flight6, UNKNOWN, 0.9999999999958651, 1.0576661601661003E-12, 6.541132311006575E-13, 9.415654280330485E-13, 1.9717274348221815E-13, 9.41993864806207E-13, 1.9717605881464993E-13, 1.7772066482563475E-13
240, Flight6, LOWRISK1, 0.5530665165072004, 0.02240135141898068, 4.550634252122846E-12, 0.21227502339994608, 7.605260231448759E-13, 0.21225710866717254, 7.605333220892837E-13, 6.609948459262004E-13
240, Flight6, LOWRISK2, 0.43936001454417684, 0.04575986914105801, 8.154984561415515E-12, 0.2652419498815963, 1.368427580233476E-12, 0.2496381664211229, 1.3682981866087047E-12, 1.186715150571403E-12
240, Flight6, LOWRISK3, 0.31432746199929146, 0.17105284198847134, 8.880422735428847E-11, 0.2672394341520868, 1.3763431401100591E-11, 0.2473802617320012, 1.3770549997231884E-11, 1.1843336376268238E-11
240, Flight6, LOWRISK4, 0.9999999999817224, 3.737100380472641E-12, 3.2873753833520966E-12, 3.2841105709185533E-12, 1.5996558408930812E-12, 3.2885513962782767E-12, 1.6006216730485552E-12, 1.5127530068665209E-12
240, Flight7, SELECTEE, 8.973413913659457E-13, 8.110942754820962E-12, 5.983225197690808E-12, 0.2046547182250471, 0.6879325182569056, 0.045345281746954055, 0.06206748172980788, 2.6326399631715472E-11
240, Flight7, UNKNOWN, 0.3321603889926727, 0.01055649904676398, 1.8292802661570243E-12, 0.3352142432127905, 3.0211977345176467E-13, 0.3220688687451089, 3.020981547440632E-13, 2.6284913625162597E-13
240, Flight7, LOWRISK1, 0.10864260096163049, 0.022216591335428457, 4.05033205426755E-12, 0.508577131659155, 6.746150007892012E-13, 0.3605636760378324, 6.741431544577665E-13, 5.869705184701289E-13
240, Flight7, LOWRISK2, 0.050871252224117446, 0.04215872999761466, 8.582009741000396E-12, 0.5904067858601321, 1.4502695385799994E-12, 0.3165632319054267, 1.4476758077050296E-12, 1.2616483837574717E-12
240, Flight7, LOWRISK3, 3.929349966285048E-12, 2.0556847232240156E-11, 1.1285619724087912E-11, 0.6816079168714099, 4.4595798669209324E-12, 0.3183920830812461, 4.449526469508457E-12, 3.650509911868559E-12
240, Flight7, LOWRISK4, 0.9999999999815291, 3.772113304481966E-12, 3.3234537774488873E-12, 3.328903790600995E-12, 1.6112792410972535E-12, 3.3313216163591907E-12, 1.6117185305780404E-12, 1.5246044200529073E-12
240, Flight8, SELECTEE, 3.157540707616811E-12, 3.508907310675748E-11, 2.448921984153688E-11, 0.11700372486231536, 0.8212618091940928, 0.025853417878751537, 0.03588104793465563, 6.748136754333986E-11
240, Flight8, UNKNOWN, 0.23721124446143219, 0.007955942688040752, 1.35345951170873E-12, 0.4037592426100863, 2.2323713004288663E-13, 0.351073570238479, 2.2319245623476288E-13, 1.9424268630327769E-13
240, Flight8, LOWRISK1, 0.04534905428130856, 0.020429940030882044, 3.773534523624266E-12, 0.5782276909399287, 6.318454322681126E-13, 0.3559933147423266, 6.311742455156152E-13, 5.500951704107272E-13
240, Flight8, LOWRISK2, 1.221870116235948E-12, 9.715766911341387E-12, 4.370754423676025E-12, 0.6769833284645924, 1.663034271652977E-12, 0.3230166715154058, 1.660078756435706E-12, 1.3843914840589375E-12
240, Flight8, LOWRISK3, 1.2643563132983173E-12, 8.232544425208347E-12, 6.419856792015832E-12, 0.5874923848287882, 0.16097213085462025, 0.19822190087144795, 0.05331358340730901, 2.1950175722788623E-11
240, Flight8, LOWRISK4, 0.9999999999619988, 8.838465668464437E-12, 6.569448348464828E-12, 7.711613348086929E-12, 2.4696064312190362E-12, 7.713066983601227E-12, 2.4697927757034005E-12, 2.261461316628906E-12
240, Flight9, SELECTEE, 1.2462796005209796E-12, 1.1597109947046186E-11, 8.442430513924585E-12, 0.2044111614276519, 0.6880160704202866, 0.04558883853231402, 0.06198392956261769, 3.5876304185612695E-11
240, Flight9, UNKNOWN, 0.33141803334345743, 0.017237699888384684, 3.067301884066609E-12, 0.3334217389745727, 5.083689658686555E-13, 0.31792252778909136, 5.083503740910841E-13, 4.4221173372986307E-13
240, Flight9, LOWRISK1, 0.1088877167284617, 0.020010549434385353, 3.6334835018819942E-12, 0.5089363113004316, 6.043543509316059E-13, 0.36216542253138617, 6.039722554665418E-13, 5.258472353535586E-13
240, Flight9, LOWRISK2, 0.04661195746532232, 0.0804923828138095, 2.1106150721535075E-11, 0.5760758357350237, 3.6211455317025124E-12, 0.29681982395439616, 3.6048449539611424E-12, 3.1484640372941887E-12
240, Flight9, LOWRISK3, 3.678607684898318E-12, 2.394394529812294E-11, 1.2494172519748249E-11, 0.6823571737493097, 5.125991643790954E-12, 0.3176428261971803, 5.114472785866834E-12, 4.172620479679949E-12
240, Flight9, LOWRISK4, 0.9999999998776642, 2.4999438607609347E-11, 2.1846366435381142E-11, 2.1775602403690953E-11, 1.0838410452647694E-11, 2.1819586283151303E-11, 1.0857591976809867E-11, 1.0231293117168562E-11
240, Flight10, SELECTEE, 1.561955787984219E-12, 1.3511153295082554E-11, 8.37897568090476E-12, 0.6301423588098656, 7.439763482978282E-12, 0.36985764114619424, 7.399775134440656E-12, 5.624770964003991E-12
240, Flight10, UNKNOWN, 0.9999999999956879, 1.0306355134305299E-12, 7.370561867693877E-13, 9.120476308747409E-13, 2.583325982016355E-13, 9.123378906068808E-13, 2.5835796710044465E-13, 2.357576876989563E-13
240, Flight10, LOWRISK1, 0.5530058118811753, 0.02294769305412703, 3.7682439956914605E-12, 0.21232497082206755, 6.27563636834972E-13, 0.21172152423709437, 6.275713791859478E-13, 5.450190200771158E-13
240, Flight10, LOWRISK2, 0.4390156767652963, 0.048858909150531, 8.56304461304642E-12, 0.2637599234648888, 1.4362782609002256E-12, 0.24836549060663532, 1.436132077796985E-12, 1.245327780947374E-12
240, Flight10, LOWRISK3, 0.31083539481302846, 0.2024814465215491, 2.0465264132373518E-10, 0.25273926256815027, 2.7537950999224676E-11, 0.2339438958140613, 2.7577827172473594E-11, 2.3474899156272533E-11
240, Flight10, LOWRISK4, 0.9999999999371152, 1.2862136681112136E-11, 1.1266590897608821E-11, 1.123825241586607E-11, 5.526798599862019E-12, 1.1268105929549912E-11, 5.536061170528993E-12, 5.219262598220955E-12
240, Flight11, SELECTEE, 2.4821258034516006E-14, 6.044421856694657E-14, 6.03996917378342E-14, 1.6957303069109062E-13, 0.9999999998887014, 7.373491799042024E-14, 1.297273329798112E-13, 1.1081246445702048E-10
240, Flight11, UNKNOWN, 0.10942712328649294, 0.015155890407276279, 2.6509298833496474E-12, 0.5067679722466627, 4.397394967816066E-13, 0.3686490140556874, 4.3958627952901976E-13, 3.827162343751842E-13
240, Flight11, LOWRISK1, 1.330868301298294E-13, 1.168581931831286E-12, 8.953148008447101E-13, 0.590255036231612, 0.09694890460732829, 0.2430782970956092, 0.06971776205957532, 3.7104273654973294E-12
240, Flight11, LOWRISK2, 2.961042374389538E-13, 2.593892539324194E-12, 1.980564565250249E-12, 0.5215206958712538, 0.23003677002930076, 0.14514597079385586, 0.10329656329255335, 8.198163650753084E-12
240, Flight11, LOWRISK3, 9.47131636420902E-13, 8.198870470580488E-12, 6.198508704827087E-12, 0.41349390375817635, 0.3940991235434735, 0.08650609622634844, 0.1059008764327971, 2.3892683963420848E-11
240, Flight11, LOWRISK4, 0.6950428527148322, 0.07794765862966403, 3.409363730228409E-11, 0.11670606852137529, 5.656464757936516E-12, 0.11030342008387485, 5.655710741929287E-12, 4.8804423738737156E-12
240, Flight12, SELECTEE, 1.0565242096843475E-12, 9.380010034281835E-12, 6.989665600631247E-12, 0.32028871551690213, 0.506437626796024, 0.07971128445049164, 0.09356237318971115, 2.947724202604745E-11
240, Flight12, UNKNOWN, 0.4651534926844877, 0.013618565816258102, 2.4984160270607924E-12, 0.25861855554399826, 4.138677740601989E-13, 0.2626093859516022, 4.1386942418603494E-13, 3.5997201466531815E-13
240, Flight12, LOWRISK1, 0.19619457948553004, 0.034248784616695956, 6.412874039318733E-12, 0.42594619943534767, 1.0723629283193806E-12, 0.34361043645296946, 1.0717127625761724E-12, 9.324182670132899E-13
240, Flight12, LOWRISK2, 0.12708370428507262, 0.05624666145066895, 1.1406011157005795E-11, 0.49692314583242636, 1.927952535631192E-12, 0.3197464884149297, 1.925081812939233E-12, 1.6756465232922511E-12
240, Flight12, LOWRISK3, 0.05025810140806118, 0.1476770872738972, 9.384024311069826E-11, 0.5326001973364504, 1.3829933328851082E-11, 0.26946461384816683, 1.3815808669897504E-11, 1.1970715282185127E-11
240, Flight12, LOWRISK4, 0.9999999999816599, 3.74763671602223E-12, 3.2988630973842886E-12, 3.299128203532077E-12, 1.6037169360728012E-12, 3.302070755948432E-12, 1.6043078188476253E-12, 1.5170038413949878E-12
240, Flight13, SELECTEE, 6.860959787508256E-13, 7.029097949320872E-12, 4.983669576068277E-12, 0.05153875876094755, 0.9220150802502817, 0.010961241215800638, 0.015484919738154676, 2.214887419100153E-11
240, Flight13, UNKNOWN, 0.16474755987159873, 0.017271961139496205, 3.01573472325031E-12, 0.45324058310213594, 5.000884912459624E-13, 0.3647398958823506, 4.999675903242432E-13, 4.35156844295122E-13
240, Flight13, LOWRISK1, 1.9778853972220438E-13, 1.6867443051759898E-12, 1.1820223986309703E-12, 0.6452545464339394, 1.888632508208976E-12, 0.35474545355800585, 1.88682641511199E-12, 1.2450380636414048E-12
240, Flight13, LOWRISK2, 8.385587714489133E-13, 7.1612794684652995E-12, 5.466984015728563E-12, 0.6053626349526673, 0.11130692608666837, 0.20713736502986738, 0.07619307389682468, 2.0537617051849537E-11
240, Flight13, LOWRISK3, 1.3554976118993664E-12, 1.1538436647981756E-11, 8.710288968751144E-12, 0.5005652110992221, 0.27069888467149483, 0.12443478887470208, 0.10430111530115183, 3.185726341666484E-11
240, Flight13, LOWRISK4, 0.8276940799229595, 0.05075328039179345, 3.523996778838863E-11, 0.06148842443341316, 5.6553064494188495E-12, 0.06006421520045192, 5.6549450309077944E-12, 4.8644035079202864E-12
240, Flight14, SELECTEE, 8.083684636702472E-13, 7.053009746228912E-12, 5.3408438599686786E-12, 0.4725935988468179, 0.2613005931359396, 0.15240640112907428, 0.1136994068534113, 2.1587308906783828E-11
240, Flight14, UNKNOWN, 0.6659151447244359, 0.006763697452832883, 1.211841340181352E-12, 0.16170369668310308, 2.0016247768592297E-13, 0.1656174611378744, 2.0015253840913855E-13, 1.7417813358695242E-13
240, Flight14, LOWRISK1, 0.3307619323786101, 0.023142608579410945, 4.3476932869914955E-12, 0.33557918901293754, 7.235294547045407E-13, 0.3105162700226501, 7.234641777348874E-13, 6.290796165024184E-13
240, Flight14, LOWRISK2, 0.24427367991396254, 0.0515368807983903, 1.0697327307184407E-11, 0.3875568218675838, 1.8035623708917572E-12, 0.3166326174042253, 1.8026355502984387E-12, 1.5667622983123861E-12
240, Flight14, LOWRISK3, 0.15332848226120444, 0.12004365968364769, 2.8330262979769205E-11, 0.40407579177759667, 4.740673971768084E-12, 0.3225520662356715, 4.73872865837382E-12, 4.102420461717155E-12
240, Flight14, LOWRISK4, 0.9999999999744544, 5.221185356610275E-12, 4.589790569227757E-12, 4.585051952586983E-12, 2.2365996629896095E-12, 4.592216977544452E-12, 2.2383097264496157E-12, 2.1146528675497576E-12
240, Flight15, SELECTEE, 7.776182499173875E-13, 7.2757271499498135E-12, 5.286118637661747E-12, 0.11769153731054083, 0.8211882551485706, 0.025165605521810977, 0.035954601981719604, 2.405112707892001E-11
240, Flight15, UNKNOWN, 0.23693610914521965, 0.010432160533489936, 1.7926613811816808E-12, 0.40038123283422755, 2.960485357099079E-13, 0.3522504974844529, 2.9600821599287636E-13, 2.575966525272094E-13
240, Flight15, LOWRISK1, 0.04412343651985543, 0.03146049988151529, 6.142809449365207E-12, 0.5760739513519219, 1.0389280757356188E-12, 0.348342112237616, 1.0372221811616E-12, 9.04651154945418E-13
240, Flight15, LOWRISK2, 1.4206569869042452E-12, 1.163651450016027E-11, 5.933965670215127E-12, 0.6755797676761356, 2.8120803232189938E-12, 0.32442023229700934, 2.8026345264719472E-12, 2.299794997384677E-12
240, Flight15, LOWRISK3, 1.8887722067054717E-12, 1.4281754727222068E-11, 1.0836030683791061E-11, 0.5964350249038196, 0.13442085729747866, 0.1892792607749876, 0.07986485695295197, 4.378811048185137E-11
240, Flight15, LOWRISK4, 0.9999999999223528, 1.6433058494540705E-11, 1.3856702169363523E-11, 1.4338098224352213E-11, 6.368947319128173E-12, 1.4350435032544722E-11, 6.372896774025271E-12, 5.959271337327695E-12
240, Flight16, SELECTEE, 9.083391612706296E-13, 8.02779587702058E-12, 6.004846514191649E-12, 0.3203009691109632, 0.5065039896107374, 0.079699030861264, 0.09349601037656782, 2.5559417155915277E-11
240, Flight16, UNKNOWN, 0.4649906289797988, 0.015084339158164504, 2.7730790463205496E-12, 0.25845085643846366, 4.597513729144582E-13, 0.261474175419513, 4.597572124541471E-13, 3.998577777956918E-13
240, Flight16, LOWRISK1, 0.1976007100268681, 0.021593609747240516, 3.96279193045333E-12, 0.43052687018424257, 6.586972070174283E-13, 0.35027881003582845, 6.584498174601741E-13, 5.729591459479071E-13
240, Flight16, LOWRISK2, 0.12818779061451188, 0.04630988448821191, 9.050578788327806E-12, 0.5002879385704353, 1.523398716163878E-12, 0.32521438631345323, 1.5215404463604974E-12, 1.324421329284886E-12
240, Flight16, LOWRISK3, 0.05343600908691191, 0.119075918222637, 4.3198441753185605E-11, 0.5485801632945427, 7.088304201898782E-12, 0.2789079093324381, 7.071680196727944E-12, 6.14429050504387E-12
240, Flight16, LOWRISK4, 0.9999999999575558, 8.668353306519877E-12, 7.614643348827633E-12, 7.609135576912645E-12, 3.720505622834727E-12, 7.623119044127704E-12, 3.7239985452457195E-12, 3.5169586262840723E-12
240, Flight17, SELECTEE, 6.860959787508256E-13, 7.029097949320872E-12, 4.983669576068277E-12, 0.05153875876094755, 0.9220150802502817, 0.010961241215800638, 0.015484919738154676, 2.214887419100153E-11
240, Flight17, UNKNOWN, 0.16548428801332046, 0.010641407865251409, 1.829324282971064E-12, 0.45794074951595093, 3.0229432860190824E-13, 0.3659335546028127, 3.0223053481550656E-13, 2.6306170163543135E-13
240, Flight17, LOWRISK1, 2.5599064963926456E-13, 2.191912468969016E-12, 1.5146461157520386E-12, 0.6458145416211664, 2.1993533400386438E-12, 0.35418545836901355, 2.196494597114718E-12, 1.4916332116518883E-12
240, Flight17, LOWRISK2, 8.385587714489133E-13, 7.1612794684652995E-12, 5.466984015728563E-12, 0.6053626349526673, 0.11130692608666837, 0.20713736502986738, 0.07619307389682468, 2.0537617051849537E-11
240, Flight17, LOWRISK3, 9.647971115016233E-13, 8.152325556917327E-12, 6.200643656712993E-12, 0.4959106389291348, 0.2893685038084181, 0.12908936105713462, 0.0856314961667286, 2.3298464396953402E-11
240, Flight17, LOWRISK4, 0.8274541032598813, 0.052913070346173395, 4.5196856478728076E-11, 0.06045681606175738, 7.078968421081835E-12, 0.059176010266789654, 7.078538556461512E-12, 6.076421467010411E-12
240, Flight18, SELECTEE, 1.771481141989615E-12, 1.535396447749152E-11, 9.510256401123795E-12, 0.6310545610219116, 8.541529173547217E-12, 0.3689454389279524, 8.490590120874975E-12, 6.445705744777163E-12
240, Flight18, UNKNOWN, 0.9999999999956879, 1.0306355134305299E-12, 7.370561867693877E-13, 9.120476308747409E-13, 2.583325982016355E-13, 9.123378906068808E-13, 2.5835796710044465E-13, 2.357576876989563E-13
240, Flight18, LOWRISK1, 0.5522443540789568, 0.02980081327122981, 6.359119063777225E-12, 0.20958183851868922, 1.0681032903380994E-12, 0.2083729941217335, 1.0680825007311506E-12, 9.277341197047485E-13
240, Flight18, LOWRISK2, 0.4405120637950458, 0.035391425884343304, 7.134210636900594E-12, 0.27091891290903486, 1.1991461271755631E-12, 0.25317759740103535, 1.1990617481662536E-12, 1.0406402858723487E-12
240, Flight18, LOWRISK3, 0.32083838420551086, 0.11245454221016071, 2.1439924300092218E-11, 0.29172080019258506, 3.573017083867294E-12, 0.2749862733600984, 3.5728324240055464E-12, 3.0913245726897532E-12
240, Flight18, LOWRISK4, 0.9999999999371152, 1.2862136681112136E-11, 1.1266590897608821E-11, 1.123825241586607E-11, 5.526798599862019E-12, 1.1268105929549912E-11, 5.536061170528993E-12, 5.219262598220955E-12
240, Flight19, SELECTEE, 1.2462796005209796E-12, 1.1597109947046186E-11, 8.442430513924585E-12, 0.2044111614276519, 0.6880160704202866, 0.04558883853231402, 0.06198392956261769, 3.5876304185612695E-11
240, Flight19, UNKNOWN, 0.3322566175077671, 0.009690442411080765, 1.6734394862565952E-12, 0.3358858165225549, 2.762568342042208E-13, 0.3221671235561635, 2.7623340461487746E-13, 2.403504682644756E-13
240, Flight19, LOWRISK1, 0.10834215656151273, 0.024920590935937504, 4.5754262115150454E-12, 0.5080422919165362, 7.633197640736645E-13, 0.3586949605792805, 7.627295009764342E-13, 6.641223431013346E-13
240, Flight19, LOWRISK2, 0.045140742857283964, 0.0937333142789067, 2.8170442528588905E-11, 0.5708664225942783, 4.822279525465526E-12, 0.290259520227585, 4.794443047297424E-12, 4.191245871967986E-12
240, Flight19, LOWRISK3, 7.30011519256665E-12, 5.68473722434335E-11, 3.366667832978322E-11, 0.6831448237360642, 2.7813418411862314E-11, 0.31685517608950203, 2.8226646982712767E-11, 2.0611980975469264E-11
240, Flight19, LOWRISK4, 0.9999999999573731, 8.697589357965685E-12, 7.648215768666191E-12, 7.651979339806293E-12, 3.732476496015139E-12, 7.664245604196275E-12, 3.735357848112971E-12, 3.529319837156047E-12
240, Flight20, SELECTEE, 2.4214493409382482E-14, 5.987125725381121E-14, 5.975589290746372E-14, 1.6879317323576774E-13, 0.9999999999554557, 7.351892610798547E-14, 1.2962558044739517E-13, 4.406110950906119E-11
240, Flight20, UNKNOWN, 0.11002469938522824, 0.009777705519669501, 1.688220147080453E-12, 0.5110315126727096, 2.7917078829921133E-13, 0.3691660824199354, 2.7907976908715266E-13, 2.429742394353348E-13
240, Flight20, LOWRISK1, 1.631593355717316E-13, 1.4314372652403648E-12, 1.0964176015200382E-12, 0.5907151522800452, 0.09683100418310842, 0.24261818104621344, 0.0698356624834444, 4.529863929760271E-12
240, Flight20, LOWRISK2, 3.256860759965158E-13, 2.8523003983757025E-12, 2.1769241811203465E-12, 0.5220800750754838, 0.22973876876938812, 0.1445865915886822, 0.10359456455214262, 8.980741901129744E-12
240, Flight20, LOWRISK3, 1.1025618048161005E-12, 9.572055239497841E-12, 7.215997525370679E-12, 0.41248014487288437, 0.3967176370589987, 0.08751985510666287, 0.10328236291592102, 2.7674808174201668E-11
240, Flight20, LOWRISK4, 0.6957924535842974, 0.07120125081625212, 2.4243076385248268E-11, 0.12030679104991902, 4.062607203525737E-12, 0.11269950451368571, 4.062071813950637E-12, 3.510120961734722E-12
240, Flight21, SELECTEE, 7.724895541217031E-13, 8.055338184398677E-12, 5.694520887611061E-12, 0.05150362994740978, 0.9220525200904145, 0.010996370025974509, 0.015447479897289488, 2.4421756592339148E-11
240, Flight21, UNKNOWN, 0.16483636093251117, 0.016472751591441258, 2.868819478913288E-12, 0.4537656198661229, 4.755158448501449E-13, 0.3649252676057237, 4.754088305541451E-13, 4.137801563119611E-13
240, Flight21, LOWRISK1, 3.197557263442736E-13, 2.7459592388451073E-12, 1.8752327570155343E-12, 0.6461270672673978, 2.5340324342778375E-12, 0.3538729327208732, 2.5297443074109443E-12, 1.7536434155715548E-12
240, Flight21, LOWRISK2, 3.1612980345780724E-13, 2.7383495774386113E-12, 2.1002569427183804E-12, 0.6046158305884055, 0.10818228759894848, 0.2078841694104529, 0.07931771238903829, 8.03248294728384E-12
240, Flight21, LOWRISK3, 6.404599063736329E-12, 6.276127524277348E-11, 4.513113149257982E-11, 0.49368619243704953, 0.2747712668448801, 0.1313138073602772, 0.10022873306728534, 1.7624326572228033E-10
240, Flight21, LOWRISK4, 0.8276940799229595, 0.05075328039179345, 3.523996778838863E-11, 0.06148842443341316, 5.6553064494188495E-12, 0.06006421520045192, 5.6549450309077944E-12, 4.8644035079202864E-12
240, Flight22, SELECTEE, 6.16089281144872E-12, 6.819742171300671E-11, 4.817280100601122E-11, 0.3178642659940844, 0.5067419381342508, 0.08213573377821605, 0.09325806178786031, 1.8308970428865858E-10
240, Flight22, UNKNOWN, 0.4656932063861901, 0.008761142501972036, 1.5276335232543388E-12, 0.25905804910605357, 2.5217339197390137E-13, 0.26648760200356547, 2.521592141055368E-13, 2.1937201757205208E-13
240, Flight22, LOWRISK1, 0.19619457948553004, 0.034248784616695956, 6.412874039318733E-12, 0.42594619943534767, 1.0723629283193806E-12, 0.34361043645296946, 1.0717127625761724E-12, 9.324182670132899E-13
240, Flight22, LOWRISK2, 0.11993865702390964, 0.12055208677735099, 3.379340690345111E-11, 0.4685035914262215, 5.731543886837265E-12, 0.29100566472234385, 5.712628732931411E-12, 4.968885116693117E-12
240, Flight22, LOWRISK3, 0.04818474491597943, 0.1663372955640991, 2.1014999986015185E-10, 0.5194748678648357, 2.629303163311016E-11, 0.2660030913692539, 2.6666827303173007E-11, 2.2754796730226584E-11
240, Flight22, LOWRISK4, 0.9999999999369104, 1.288750391862253E-11, 1.1302012178261337E-11, 1.1285459892558494E-11, 5.545026859086414E-12, 1.131097428788642E-11, 5.5522503811901565E-12, 5.238714660183125E-12
240, Flight23, SELECTEE, 2.5010678000984218E-14, 6.092671277300682E-14, 6.085151043348764E-14, 1.7303391410840227E-13, 0.9999999999313558, 7.435818171859564E-14, 1.296826245448805E-13, 6.815269960183814E-11
240, Flight23, UNKNOWN, 0.10929894868575644, 0.016309461813674254, 2.8659570876025308E-12, 0.5058282098006338, 4.757617608928384E-13, 0.36856337969573644, 4.755757282661885E-13, 4.140615904338052E-13
240, Flight23, LOWRISK1, 1.9794447579306564E-13, 1.7347041419056139E-12, 1.3283668621100022E-12, 0.5908109663353969, 0.09669352789937534, 0.24252236698974966, 0.06997313876680444, 5.444825742150567E-12
240, Flight23, LOWRISK2, 3.8321396039735223E-13, 3.3534412337979126E-12, 2.5574642152388947E-12, 0.52259035862607, 0.22993776202363042, 0.14407630803625723, 0.1033955712973305, 1.045008962170858E-11
240, Flight23, LOWRISK3, 6.332355810481851E-12, 6.344005772938993E-11, 4.581702608912936E-11, 0.4044445255926941, 0.4050341102488564, 0.09555547420149721, 0.09496588966177454, 1.7962081255078087E-10
240, Flight23, LOWRISK4, 0.6950428527148322, 0.07794765862966403, 3.409363730228409E-11, 0.11670606852137529, 5.656464757936516E-12, 0.11030342008387485, 5.655710741929287E-12, 4.8804423738737156E-12
240, Flight24, SELECTEE, 9.228103516935713E-13, 8.04945844311845E-12, 6.085343436142728E-12, 0.4726313443067988, 0.261523547950835, 0.15236865566545793, 0.11347645203740553, 2.4477404117262128E-11
240, Flight24, UNKNOWN, 0.6655515211416808, 0.010036309696836233, 1.9616683397758472E-12, 0.15606283169158527, 3.2528233991931466E-13, 0.16834933746703495, 3.252985103563088E-13, 2.8286917533752065E-13
240, Flight24, LOWRISK1, 0.33096284841865514, 0.021334364219317947, 4.047949696780498E-12, 0.3362169171270714, 6.732300223886735E-13, 0.31148587022900814, 6.731779989455891E-13, 5.854051483625963E-13
240, Flight24, LOWRISK2, 0.24176770326063285, 0.0740906706732429, 1.5434066593417484E-11, 0.37561880052413027, 2.6156859947928458E-12, 0.30852282551909277, 2.613784569493988E-12, 2.2701317074340207E-12
240, Flight24, LOWRISK3, 0.15003913177765268, 0.14964781401914098, 4.2599235701033105E-11, 0.3923073936285503, 7.0737278991946165E-12, 0.3080056605118273, 7.0707008047668765E-12, 6.11721454466572E-12
240, Flight24, LOWRISK4, 0.9999999999576829, 8.649134586092645E-12, 7.591741044992835E-12, 7.579054130343027E-12, 3.7111042603076214E-12, 7.59562035151802E-12, 3.7155020776049994E-12, 3.5069892196072107E-12
240, Flight25, SELECTEE, 5.8007699992363254E-12, 5.430675720510109E-11, 3.171001908616193E-11, 0.6366313538159629, 3.04874391080472E-11, 0.36336864600878693, 3.0523026825995835E-11, 2.2453943701761193E-11
240, Flight25, UNKNOWN, 0.9999999999958812, 1.0595352152205108E-12, 6.45742897066563E-13, 9.442302643588633E-13, 1.9207715011007608E-13, 9.446815493152185E-13, 1.9207911835554024E-13, 1.7296084554464337E-13
240, Flight25, LOWRISK1, 0.5530603598278928, 0.02245676153261024, 4.673226164745014E-12, 0.21169043052540473, 7.812068637620596E-13, 0.21279244810720976, 7.812123193033608E-13, 6.790415985979084E-13
240, Flight25, LOWRISK2, 0.4378804802770425, 0.05907567753971749, 1.3014204863647344E-11, 0.25901625473051054, 2.2084589441109905E-12, 0.2440275874334148, 2.2080995652187597E-12, 1.916191912289792E-12
240, Flight25, LOWRISK3, 0.3161598651343038, 0.15456121381094326, 5.6461467362193315E-11, 0.2747864226683622, 9.303173368222265E-12, 0.25449249830332504, 9.305833101206246E-12, 8.027624385457968E-12
240, Flight25, LOWRISK4, 0.9999999999857685, 2.91088369880519E-12, 2.5616899206887578E-12, 2.5598253907031335E-12, 1.2453595825407473E-12, 2.56257900442368E-12, 1.2459282563497867E-12, 1.1778595571124256E-12
240, Flight26, SELECTEE, 0.6557718106345463, 0.09805370422973386, 5.860765078868291E-11, 0.12136718502595945, 9.235136402248087E-12, 0.12480730002478056, 9.235890789057161E-12, 7.93501364549189E-12
240, Flight26, UNKNOWN, 0.9999999999991571, 1.785384129550827E-13, 1.573719880857242E-13, 1.573273607839412E-13, 7.617479334470252E-14, 1.5737717631279406E-13, 7.617733274152907E-14, 7.207852884445752E-14
240, Flight26, LOWRISK1, 0.9999999999952577, 9.742030247493658E-13, 8.5835556026578E-13, 8.583687692266759E-13, 4.1617999815488014E-13, 8.586310078640576E-13, 4.1623876053456933E-13, 3.9377041983594954E-13
240, Flight26, LOWRISK2, 0.9999999999946608, 1.0957954542835122E-12, 9.65570969084233E-13, 9.655618759989242E-13, 4.682559068041836E-13, 9.659205933418541E-13, 4.683183044138723E-13, 4.4305541650889823E-13
240, Flight26, LOWRISK3, 0.9999999999857645, 2.910638161296649E-12, 2.562883704397791E-12, 2.5613407595799596E-12, 1.2457323115514659E-12, 2.5640647537511152E-12, 1.2462802799828187E-12, 1.1784439726900657E-12
240, Flight26, LOWRISK4, 0.9999999999371929, 1.2848154987056186E-11, 1.1253849508685767E-11, 1.121971915132442E-11, 5.520821261779114E-12, 1.1253493869986993E-11, 5.531433552502388E-12, 5.213415846271031E-12
240, Flight27, SELECTEE, 3.010440052664206E-12, 2.645274973366235E-11, 1.61806449550447E-11, 0.6348318686223948, 1.5148051157497486E-11, 0.3651681312904177, 1.5036093157675304E-11, 1.1329923103486672E-11
240, Flight27, UNKNOWN, 0.9999999999958208, 1.052595292042769E-12, 6.759051511550389E-13, 9.34741140372111E-13, 2.111590152973477E-13, 9.351075897993586E-13, 2.1116654514462207E-13, 1.908377516707744E-13
240, Flight27, LOWRISK1, 0.5526786619599047, 0.025892042343534802, 5.567192315743361E-12, 0.2074935278459462, 9.322565568131698E-13, 0.21393576784240456, 9.322466016805265E-13, 8.104263071625634E-13
240, Flight27, LOWRISK2, 0.4378804802770425, 0.05907567753971749, 1.3014204863647344E-11, 0.25901625473051054, 2.2084589441109905E-12, 0.2440275874334148, 2.2080995652187597E-12, 1.916191912289792E-12
240, Flight27, LOWRISK3, 0.32222274355724956, 0.09999530803989257, 2.758111660350876E-11, 0.3112833140553525, 4.750621505184704E-12, 0.2664986343063314, 4.750475456122625E-12, 4.124282283111433E-12
240, Flight27, LOWRISK4, 0.9999999999744804, 5.216632518882945E-12, 4.58506455171494E-12, 4.579006586697664E-12, 2.234920875497499E-12, 4.586749078158252E-12, 2.2367714619695616E-12, 2.1129331510238906E-12
240, Flight28, SELECTEE, 5.0971687264147804E-12, 2.7558673611529508E-11, 2.508469743428881E-11, 0.051970786897624036, 0.9211775033665158, 0.010529212974928287, 0.016322496621455882, 8.176780061965046E-11
240, Flight28, UNKNOWN, 0.1658621892030298, 0.007240297158511248, 1.2300834159167183E-12, 0.4643280712948856, 2.028897750837921E-13, 0.36256944234179334, 2.0284337295707843E-13, 1.765326945392238E-13
240, Flight28, LOWRISK1, 4.209341484911933E-13, 3.626363482109549E-12, 2.4420891008864242E-12, 0.646540621199916, 3.0599868157020444E-12, 0.35345937878535216, 3.0528569062650028E-12, 2.1606011991489263E-12
240, Flight28, LOWRISK2, 1.1199833214152138E-12, 9.50244455375956E-12, 7.237630164900462E-12, 0.6058235947346912, 0.11134312140098283, 0.2066764052391803, 0.0761568785797195, 2.7598562207057635E-11
240, Flight28, LOWRISK3, 1.6960520393927043E-12, 1.4496026009049169E-11, 1.0887541905078194E-11, 0.5012464211629659, 0.26853718727538584, 0.12375357880021212, 0.10646281269506952, 3.9319384609552036E-11
240, Flight28, LOWRISK4, 0.8276940799229595, 0.05075328039179345, 3.523996778838863E-11, 0.06148842443341316, 5.6553064494188495E-12, 0.06006421520045192, 5.6549450309077944E-12, 4.8644035079202864E-12
240, Flight29, SELECTEE, 8.973413913659457E-13, 8.110942754820962E-12, 5.983225197690808E-12, 0.2046547182250471, 0.6879325182569056, 0.045345281746954055, 0.06206748172980788, 2.6326399631715472E-11
240, Flight29, UNKNOWN, 0.332539025895466, 0.0071487669222750514, 1.2138316743949865E-12, 0.34073393330260504, 2.0010622318774523E-13, 0.31957827387789817, 2.0007946710625463E-13, 1.7410335682759565E-13
240, Flight29, LOWRISK1, 0.10847033292754168, 0.02376700364191537, 4.349824960884429E-12, 0.5082880536914025, 7.251819256349425E-13, 0.35947460973274226, 7.246436909264822E-13, 6.309535580266107E-13
240, Flight29, LOWRISK2, 0.04721558599434176, 0.0750597260550309, 1.8780974785471266E-11, 0.5780065560064352, 3.220004528145572E-12, 0.2997181319162166, 3.2069313360190255E-12, 2.800045975209195E-12
240, Flight29, LOWRISK3, 1.233338669380119E-11, 1.2297457671056352E-10, 6.760585113574994E-11, 0.6759789340161204, 6.001673669144683E-11, 0.3240210656159019, 6.20555353811994E-11, 4.3023746403816716E-11
240, Flight29, LOWRISK4, 0.9999999998776642, 2.499943762973393E-11, 2.1846365689367443E-11, 2.1775601661912852E-11, 1.0838410269545207E-11, 2.1819585538782013E-11, 1.0857591793109412E-11, 1.02312929541478E-11
240, Flight30, SELECTEE, 3.2273980660542096E-12, 3.665830476214117E-11, 2.4398785377924192E-11, 0.051263311592172914, 0.9221538894548217, 0.011236688288780335, 0.015346110525186307, 7.478679453048069E-11
240, Flight30, UNKNOWN, 0.165420908809041, 0.01121182070366375, 1.9291699737013268E-12, 0.45748983502041657, 3.1888424440812363E-13, 0.36587743546406676, 3.188204065574693E-13, 2.774985006409829E-13
240, Flight30, LOWRISK1, 3.711713451608952E-13, 3.193193827007229E-12, 2.1639776105835664E-12, 0.6463513628014789, 2.801904624849331E-12, 0.3536486371852631, 2.796267364425906E-12, 1.961456271983143E-12
240, Flight30, LOWRISK2, 3.320787646158508E-13, 2.875423497001887E-12, 2.205161175739866E-12, 0.6046925540616143, 0.10845580250013255, 0.20780744593673792, 0.07904419748772115, 8.41387176087321E-12
240, Flight30, LOWRISK3, 2.2562841699659607E-12, 1.94008152270315E-11, 1.4464299819393194E-11, 0.5006027332891538, 0.2692656881068904, 0.12439726665630065, 0.10573431186037695, 5.1189134544944155E-11
240, Flight30, LOWRISK4, 0.8271919718963744, 0.05527225259625159, 6.115799299975217E-11, 0.059349890127761096, 9.455699083362122E-12, 0.058185885291475184, 9.45579575497277E-12, 8.100775739885591E-12