TimeWindow, Flight, RiskCategory, O185, O186, O187, O188, O189, O190, O191, O192
240, Flight1, SELECTEE, 9.968559313905964E-13, 8.962283192473521E-12, 6.729944944224254E-12, 0.4748010197685262, 0.2619230841927978, 0.15019898020822015, 0.1130769157865745, 2.7210468772515106E-11
240, Flight1, UNKNOWN, 0.41586908461642214, 0.007178238476800483, 3.730786012180391E-12, 0.28738211428488225, 6.211186932814117E-13, 0.28957056261640746, 6.211181055313373E-13, 5.330009159964167E-13
240, Flight1, LOWRISK1, 0.33213208201627664, 0.010811261750117361, 6.381432981260522E-12, 0.3506374850794038, 1.06244424666197E-12, 0.3064191711448025, 1.0624429860427313E-12, 9.117117435170103E-13
240, Flight1, LOWRISK2, 0.16371934656084094, 0.02652588094784793, 1.6164370457009147E-11, 0.45927488251612, 2.691507809277226E-12, 0.3504798899513523, 2.691508792493524E-12, 2.309641872190064E-12
240, Flight1, LOWRISK3, 0.14699960575992074, 0.17700354760618192, 2.459767901769415E-10, 0.38080852758448147, 4.0325623957512545E-11, 0.2951883186882129, 4.032094587297324E-11, 3.459795731708593E-11
240, Flight1, LOWRISK4, 0.9999999999778382, 4.565766276884542E-12, 3.971796029030308E-12, 3.971784417062343E-12, 1.938283242046826E-12, 3.971820647612352E-12, 1.938289276249085E-12, 1.8226313379394185E-12
240, Flight2, SELECTEE, 0.15859196248132668, 0.07267233765365834, 4.848920905047133E-11, 0.4159640328393807, 8.074253370422862E-12, 0.3527716669540864, 8.074199197499208E-12, 6.928491446112153E-12
240, Flight2, UNKNOWN, 0.9999999999968484, 6.526644749703108E-13, 5.676862355085819E-13, 5.676873156176515E-13, 2.7696889304290123E-13, 5.676876527986472E-13, 2.769688413388055E-13, 2.6043708018077796E-13
240, Flight2, LOWRISK1, 0.999999999977037, 6.2401978432871494E-12, 3.3452043799877856E-12, 5.334619224773031E-12, 9.448420735374758E-13, 5.334449582465865E-12, 9.448399359688408E-13, 8.374458766312433E-13
240, Flight2, LOWRISK2, 0.6650142098738657, 0.014872111149313718, 1.0101475562565536E-11, 0.16106273277798727, 1.682169859959125E-12, 0.1590509461839424, 1.6821699836473733E-12, 1.4433894866645531E-12
240, Flight2, LOWRISK3, 0.6549774196570457, 0.10520322221875159, 2.59736675598217E-10, 0.12042530076828875, 4.032120731832048E-11, 0.11939405698103615, 4.0317221203117593E-11, 3.4520912384493715E-11
240, Flight2, LOWRISK4, 0.9999999999803023, 4.058513465021528E-12, 3.530486484064336E-12, 3.5304619814565132E-12, 1.722918212329496E-12, 3.5304985873357077E-12, 1.7229242782346697E-12, 1.620110182897154E-12
240, Flight3, SELECTEE, 0.16061170360512614, 0.05449466755398769, 3.4633759233703926E-11, 0.4234226678116339, 5.767467344447329E-12, 0.3614709609781527, 5.767439491305182E-12, 4.949114425300917E-12
240, Flight3, UNKNOWN, 0.9999999999988263, 2.4551310867530316E-13, 2.1350566961771455E-13, 2.135057958761522E-13, 1.0413485946811483E-13, 2.135058200960814E-13, 1.0413487258093696E-13, 9.791530442285731E-14
240, Flight3, LOWRISK1, 0.9999999999772733, 6.628687692433119E-12, 2.8140317927854984E-12, 5.6532009390890005E-12, 6.936978190912057E-13, 5.653063803705967E-12, 6.936965111085455E-13, 6.087056518707084E-13
240, Flight3, LOWRISK2, 0.664696117839464, 0.01773493945741617, 1.1544264266107784E-11, 0.15990679002556485, 1.922469214847445E-12, 0.1576621526605347, 1.922469456150144E-12, 1.6495624008697243E-12
240, Flight3, LOWRISK3, 0.6549774196570457, 0.10520322221875159, 2.59736675598217E-10, 0.12042530076828875, 4.032120731832048E-11, 0.11939405698103615, 4.0317221203117593E-11, 3.4520912384493715E-11
240, Flight3, LOWRISK4, 0.999999999955662, 9.130568550236251E-12, 7.942695799918493E-12, 7.942534985224507E-12, 3.8763408465934866E-12, 7.942723801620436E-12, 3.876374269601038E-12, 3.645037312614555E-12
240, Flight4, SELECTEE, 4.46783262306103E-14, 9.504685249363362E-14, 9.478171255215181E-14, 3.501792474922357E-13, 0.9999999999382773, 1.0964062002803747E-13, 1.4315321480927626E-13, 6.090375867128477E-11
240, Flight4, UNKNOWN, 6.855260809469637E-13, 6.197273167774286E-12, 1.5612096611749427E-12, 0.6408635734865534, 3.9239549817719655E-13, 0.35913642650394906, 3.923965405138407E-13, 3.307216328216844E-13
240, Flight4, LOWRISK1, 2.1360419946968746E-13, 1.919567737346975E-12, 1.4422166613263244E-12, 0.6074709895417215, 0.09506769513708965, 0.22586234376321268, 0.07159897154857375, 5.845465406520507E-12
240, Flight4, LOWRISK2, 8.156043534362743E-13, 7.333898635269828E-12, 5.506558876012215E-12, 0.403027169460866, 0.39979685627412664, 0.09697283051540968, 0.10020314371367368, 2.2286348602947167E-11
240, Flight4, LOWRISK3, 8.942324526553433E-12, 8.182400706562647E-11, 6.069182555547661E-11, 0.40175358869313177, 0.40286205984584045, 0.09824641094779236, 0.09713794011881526, 2.429802833254796E-10
240, Flight4, LOWRISK4, 0.5510417562206125, 0.04062419412601999, 3.030173976974473E-11, 0.20227075418097232, 5.046179256292056E-12, 0.2060632954276898, 5.046192320613834E-12, 4.3297448636515595E-12
240, Flight5, SELECTEE, 1.4952773224300526E-12, 1.3446168412183917E-11, 1.0094315772730103E-11, 0.47387114126201085, 0.26291091228543617, 0.151128858698542, 0.11208908768824732, 4.074622196655659E-11
240, Flight5, UNKNOWN, 0.415991702933552, 0.006074673624525192, 1.9246768321985647E-12, 0.28414052156445724, 3.204165785247039E-13, 0.2937931018746436, 3.204166388448743E-13, 2.7496252881424584E-13
240, Flight5, LOWRISK1, 0.33240794326460993, 0.008328510516398376, 5.1595498227647246E-12, 0.3520060263346112, 8.589981315201208E-13, 0.30725751987678435, 8.589970980965968E-13, 7.371307261778771E-13
240, Flight5, LOWRISK2, 0.16328887645275952, 0.030400111917975273, 1.8650736300986345E-11, 0.45768198565832646, 3.1055803934104587E-12, 0.34862902594343026, 3.105581816216764E-12, 2.664957470380316E-12
240, Flight5, LOWRISK3, 0.16098370735632558, 0.051146633464682276, 3.030364504207507E-11, 0.43173918391802873, 5.046738747318025E-12, 0.3561304752162542, 5.046664531407326E-12, 4.3306753161571234E-12
240, Flight5, LOWRISK4, 0.9999999999556615, 9.130465509678242E-12, 7.94283711517768E-12, 7.942741232233987E-12, 3.876367036073219E-12, 7.942899151917533E-12, 3.876394912234691E-12, 3.645093415588034E-12
240, Flight6, SELECTEE, 3.810262110510407E-12, 3.4141512563404843E-11, 2.0136203502248746E-11, 0.6282601564943102, 1.4851440929898218E-11, 0.3717398434065453, 1.485048559180748E-11, 1.1404419665120947E-11
240, Flight6, UNKNOWN, 0.6661562928699781, 0.004593364205853198, 2.245366956513227E-12, 0.15916407366661406, 3.738205215575379E-13, 0.17008626925425907, 3.7382055889087375E-13, 3.207861400146281E-13
240, Flight6, LOWRISK1, 0.5542756572467881, 0.011519084643271936, 6.381274158228033E-12, 0.22137969666181845, 1.062445651937814E-12, 0.21282556143872178, 1.0624450942072665E-12, 9.116988050384976E-13
240, Flight6, LOWRISK2, 0.331062935874292, 0.02043357713574951, 1.1546263267906196E-11, 0.3435935554443069, 1.9224946666289174E-12, 0.30490993152862905, 1.9224960184650095E-12, 1.6497206250903337E-12
240, Flight6, LOWRISK3, 0.3188155767038797, 0.13065980914203815, 1.2160247892833513E-10, 0.2865490223743684, 2.018092816214477E-11, 0.26397559160045625, 2.0180672360963097E-11, 1.7311818795978522E-11
240, Flight6, LOWRISK4, 0.9999999999746698, 5.217923158927228E-12, 4.539074874121924E-12, 4.539042791051885E-12, 2.2151533771048215E-12, 4.539097169784753E-12, 2.215162578132223E-12, 2.082975814799604E-12
240, Flight7, SELECTEE, 1.2815082225019822E-12, 1.1566354688276677E-11, 8.658510511772336E-12, 0.20430336643981215, 0.688897675134687, 0.04569663352458323, 0.06110232484428812, 3.514142107901397E-11
240, Flight7, UNKNOWN, 0.16615966198611332, 0.0045630421413629385, 2.5261332229493313E-12, 0.4597863115734472, 4.2054833927991957E-13, 0.3694909842953667, 4.205481263770742E-13, 3.608901165692095E-13
240, Flight7, LOWRISK1, 0.10998651769391748, 0.010121340684384101, 5.639364491412778E-12, 0.5308097283578853, 9.389063561359622E-13, 0.34908241325550865, 9.389041213990406E-13, 8.057150187107827E-13
240, Flight7, LOWRISK2, 1.8023770721464603E-12, 1.5406551123319922E-11, 6.83079378663407E-12, 0.666664263129422, 2.7501693499885772E-12, 0.3333357368404737, 2.7505574661054582E-12, 2.2398312200502292E-12
240, Flight7, LOWRISK3, 1.1245321815835898E-12, 1.0014933545656601E-11, 7.32509639461804E-12, 0.6682352550727504, 4.945937734029848E-11, 0.33176474479254386, 4.9860305597525326E-11, 1.693997719004471E-11
240, Flight7, LOWRISK4, 0.9999999999728203, 5.656700361781624E-12, 4.868008057347131E-12, 4.92070644662593E-12, 2.3256876308653457E-12, 4.920740140355869E-12, 2.3256937566160895E-12, 2.180493635350086E-12
240, Flight8, SELECTEE, 4.483257890551596E-12, 4.388818738525106E-11, 3.1469146117438884E-11, 0.11625820921765957, 0.8220147398254897, 0.02659893349191369, 0.03512811726183408, 1.232806632069445E-10
240, Flight8, UNKNOWN, 0.09484997516271035, 0.0034930806928213276, 1.86546416468687E-12, 0.5312903257952242, 3.1055793938890975E-13, 0.3703666183465094, 3.105579682656052E-13, 2.665043074482066E-13
240, Flight8, LOWRISK1, 0.04657220140981443, 0.009421615822334497, 5.271217639137156E-12, 0.599602840045887, 8.776839773035192E-13, 0.3444033427142026, 8.776814457603181E-13, 7.53190355746653E-13
240, Flight8, LOWRISK2, 3.901025748176735E-13, 3.505377510794789E-12, 2.633920534545492E-12, 0.5813964434168208, 0.1346561247936055, 0.20431784228835537, 0.0796295894840921, 1.0615232133916588E-11
240, Flight8, LOWRISK3, 1.2813402584445142E-12, 1.1511588448001903E-11, 8.649617013140065E-12, 0.5844968704116235, 0.12860915567609194, 0.20121741517632583, 0.08567655867962326, 3.491141989665925E-11
240, Flight8, LOWRISK4, 0.8058988808877321, 0.03262435787253161, 3.4676728391948284E-11, 0.08118777470640517, 5.76468687974635E-12, 0.08028898648219851, 5.764673177761589E-12, 4.944830911148168E-12
240, Flight9, SELECTEE, 1.7939437856949355E-12, 1.623715428117398E-11, 1.213175527306556E-11, 0.20401763795412858, 0.6890941431981586, 0.04598236199350364, 0.06090585677489823, 4.916651211725534E-11
240, Flight9, UNKNOWN, 0.16583076888347104, 0.007523080063329259, 4.254425779870698E-12, 0.45770885687845186, 7.082931636218654E-13, 0.3689372941684872, 7.082925179586249E-13, 6.078140533646776E-13
240, Flight9, LOWRISK1, 0.11008475955654223, 0.009237163921374565, 5.051983361080826E-12, 0.5305089241791284, 8.411024672875112E-13, 0.35016915233551693, 8.411006878077284E-13, 7.217859076655692E-13
240, Flight9, LOWRISK2, 2.4666603874684982E-12, 2.1447572205354956E-11, 1.2626241927875524E-11, 0.6649306646508565, 9.55164412491601E-12, 0.33506933528687094, 9.557175570907213E-12, 7.2516336803911856E-12
240, Flight9, LOWRISK3, 1.2804671450281868E-12, 1.140425005469089E-11, 8.31452097663825E-12, 0.6681406307022446, 4.994070563733672E-11, 0.33185936915812403, 5.036094622135021E-11, 1.8348667109910163E-11
240, Flight9, LOWRISK4, 0.9999999998016201, 4.1534195280762253E-11, 3.548779785417762E-11, 3.61109106370127E-11, 1.6741841272389343E-11, 3.611369641712883E-11, 1.674244550614555E-11, 1.5667403286090686E-11
240, Flight10, SELECTEE, 2.16499770340974E-12, 1.943963228009416E-11, 1.1858639672066681E-11, 0.628613079669686, 1.0471886226801922E-11, 0.3713869202666566, 1.0472683669440396E-11, 7.795518031139509E-12
240, Flight10, UNKNOWN, 0.6659467046552641, 0.0064796581371034025, 3.3679321055825585E-12, 0.15980628231418015, 5.607303571035663E-13, 0.16776735488850014, 5.607300847620909E-13, 4.811748515266169E-13
240, Flight10, LOWRISK1, 0.554418125540455, 0.010236870001435977, 5.271586081294017E-12, 0.2212271124855465, 8.776653978644908E-13, 0.21411789196480063, 8.776651715943032E-13, 7.531459401848637E-13
240, Flight10, LOWRISK2, 0.33095506760406657, 0.021404391567173924, 1.212347694554197E-11, 0.3412401982346321, 2.0186135049475514E-12, 0.3064003425762529, 2.018615664136115E-12, 1.7322024164850373E-12
240, Flight10, LOWRISK3, 0.31475800932869136, 0.16717791538715543, 2.467166049611549E-10, 0.2695934189252029, 4.031728253711918E-11, 0.24847065599704188, 4.03184706909167E-11, 3.4574252559035724E-11
240, Flight10, LOWRISK4, 0.9999999999113226, 1.8257076043673807E-11, 1.588214446835083E-11, 1.5881334570814653E-11, 7.751756099852518E-12, 1.5882067665786552E-11, 7.751897358993964E-12, 7.289242179238394E-12
240, Flight11, SELECTEE, 7.300070815305117E-15, 3.47824541393623E-14, 3.477849714183695E-14, 1.3090867424721537E-14, 0.999999999837121, 4.989068991201293E-14, 1.4299535888671857E-13, 1.6261465005573114E-10
240, Flight11, UNKNOWN, 6.707628172801316E-13, 6.0349224881924335E-12, 2.283968539023913E-12, 0.644771336585134, 7.672892073097137E-13, 0.3552286634036947, 7.672888699314346E-13, 6.35471782769708E-13
240, Flight11, LOWRISK1, 1.8308976516464809E-13, 1.6453634017427584E-12, 1.2361915184024828E-12, 0.6100330642165559, 0.09443819703794219, 0.22330026908936693, 0.07222846964807575, 5.012957275733085E-12
240, Flight11, LOWRISK2, 4.078018043465475E-13, 3.6658951266110295E-12, 2.7533462224040843E-12, 0.4043501235400342, 0.39912865088377136, 0.09564987644949316, 0.10087134910872989, 1.116283694814665E-11
240, Flight11, LOWRISK3, 1.2813774213035076E-12, 1.1524760899109519E-11, 8.64983349561173E-12, 0.40116213447816595, 0.40630795197106223, 0.09883786541430986, 0.09369204808001107, 3.5013195215773546E-11
240, Flight11, LOWRISK4, 0.5487918662937996, 0.060873203448246, 4.8495710192639074E-11, 0.20340333180271838, 8.07327756266257E-12, 0.18693159838368562, 8.073299631007322E-12, 6.92639995618082E-12
240, Flight12, SELECTEE, 1.495130736562925E-12, 1.3466549247335221E-11, 1.0096136411241383E-11, 0.3202828667079952, 0.5073122552556427, 0.07971713325071611, 0.09268774471972162, 4.0884939897234765E-11
240, Flight12, UNKNOWN, 0.26585429808907185, 0.00731131721755487, 3.4643567643038876E-12, 0.3814787974495232, 5.767516248078266E-13, 0.3453555872387557, 5.767513885411648E-13, 4.949325533220327E-13
240, Flight12, LOWRISK1, 0.19829857659639052, 0.015312810545733522, 8.980948116644007E-12, 0.44881822530902743, 1.4952953213384117E-12, 0.3375703875356122, 1.4952925556075756E-12, 1.2831584646540602E-12
240, Flight12, LOWRISK2, 0.06380063842872759, 0.0257942541344281, 1.6164616602223298E-11, 0.5761658712338872, 2.691496756209285E-12, 0.3342392361791185, 2.691492578796787E-12, 2.309709594935944E-12
240, Flight12, LOWRISK3, 0.054447292361921376, 0.10997436837808396, 1.217743519125636E-10, 0.5470907938414349, 2.0201100936638095E-11, 0.2884875452390717, 2.019468083339172E-11, 1.7336211612668968E-11
240, Flight12, LOWRISK4, 0.9999999999746698, 5.2176791253579846E-12, 4.5391313008764195E-12, 4.5391317230688516E-12, 2.215137098282138E-12, 4.539173636494462E-12, 2.2151445961573115E-12, 2.0829955633458235E-12
240, Flight13, SELECTEE, 9.96688832930494E-13, 9.229278396533773E-12, 6.806245435506444E-12, 0.051277846186657115, 0.9216108667637278, 0.011222153785030735, 0.01588913321998394, 2.758639081407938E-11
240, Flight13, UNKNOWN, 0.04087700317049102, 0.007106971475475552, 4.18093933800283E-12, 0.589251145339871, 6.960823965716096E-13, 0.36276488000801044, 6.960809343014044E-13, 5.973453334362505E-13
240, Flight13, LOWRISK1, 1.970261423842018E-13, 1.7697565068414343E-12, 1.305481753003123E-12, 0.6658231233347315, 1.181168168433896E-11, 0.33417687663490686, 1.1822733668760344E-11, 3.4914365543321003E-12
240, Flight13, LOWRISK2, 1.1215208849050698E-12, 1.0082368517164501E-11, 7.571555179425427E-12, 0.48784301349923476, 0.27418337823591843, 0.1371569864674482, 0.10081662174809478, 3.054652341787115E-11
240, Flight13, LOWRISK3, 1.7938322608405977E-12, 1.612691350711877E-11, 1.21074614368089E-11, 0.48948963157899017, 0.27357086308058853, 0.13551036828860794, 0.10142913697291364, 4.888989919832127E-11
240, Flight13, LOWRISK4, 0.6606262454185398, 0.054363791343444996, 4.85198180547283E-11, 0.14588585336242277, 8.072345915428687E-12, 0.13912410980402115, 8.072348303303163E-12, 6.924948566282962E-12
240, Flight14, SELECTEE, 1.1214630823277367E-12, 1.0083085520818145E-11, 7.571082615956541E-12, 0.474529606280117, 0.26220744030598336, 0.15047039369258156, 0.11279255967196314, 3.0597632449655174E-11
240, Flight14, UNKNOWN, 0.41653289069611094, 0.0012039837617598122, 1.6724872566364356E-12, 0.2847750812526806, 2.784318479455688E-13, 0.2974880442869989, 2.7843191580854317E-13, 2.3893324097909467E-13
240, Flight14, LOWRISK1, 0.3322040665307167, 0.010163401120491503, 6.06238965723745E-12, 0.3509780833359618, 1.0093221053323061E-12, 0.30665444900390115, 1.0093209066863758E-12, 8.661268049744273E-13
240, Flight14, LOWRISK2, 0.1638996423279866, 0.024903219044600595, 1.5154260940251683E-11, 0.45994243234143234, 2.5232906790827178E-12, 0.3512547062636327, 2.523291467246572E-12, 2.1652936958897327E-12
240, Flight14, LOWRISK3, 0.16066992441344038, 0.053970679940059586, 4.040499949315847E-11, 0.44327956884452235, 6.728996660037332E-12, 0.34207982674235904, 6.72884249177198E-12, 5.774109709837491E-12
240, Flight14, LOWRISK4, 0.9999999999645316, 7.304682629744583E-12, 6.354494788195509E-12, 6.354445918391328E-12, 3.1011553088725374E-12, 6.354543878618899E-12, 3.1011722657408107E-12, 2.9161277122728665E-12
240, Flight15, SELECTEE, 1.1212915384150242E-12, 1.0168779420709604E-11, 7.588525662602349E-12, 0.11689019786957248, 0.8216294795382012, 0.02596694495621893, 0.03551337758630122, 3.0845933359292465E-11
240, Flight15, UNKNOWN, 0.09472462239866553, 0.00462125556858789, 2.474567899212704E-12, 0.5329991044736604, 4.1196582090997716E-13, 0.36765501755545277, 4.1196542749871633E-13, 3.5352625716883915E-13
240, Flight15, LOWRISK1, 0.04598740722057792, 0.014684763521911465, 8.659041176525186E-12, 0.59794881227377, 1.4419326674945384E-12, 0.3413790169709785, 1.4419255417284943E-12, 1.2374152290251746E-12
240, Flight15, LOWRISK2, 5.98198791981413E-13, 5.375509771455954E-12, 4.038747855339119E-12, 0.5781293659643362, 0.1429938965298533, 0.20758491973408047, 0.0712918177454398, 1.629620396693478E-11
240, Flight15, LOWRISK3, 2.2422808786446645E-12, 2.0137481692898106E-11, 1.5131325036839257E-11, 0.5845019679987375, 0.13355588896492757, 0.20121231755801988, 0.08072982537972721, 6.109513964110709E-11
240, Flight15, LOWRISK4, 0.8043775895559827, 0.0463159797566929, 1.3012153707744415E-10, 0.051012715668121406, 2.0136210424226538E-11, 0.09829371483158732, 2.013601763067728E-11, 1.7240471077884884E-11
240, Flight16, SELECTEE, 1.2815719022433621E-12, 1.153829636465945E-11, 8.653436784000935E-12, 0.32038946058356194, 0.5072248446912045, 0.07961053938209856, 0.09277515528661998, 3.5060022541800994E-11
240, Flight16, UNKNOWN, 0.2658106738844607, 0.007703935058650607, 3.849262237587216E-12, 0.38155309209007676, 6.40835846273137E-13, 0.34493229896114935, 6.408355051090615E-13, 5.499246372073239E-13
240, Flight16, LOWRISK1, 0.19889468187969486, 0.009947862999633197, 5.511309532100659E-12, 0.45228639432224366, 9.17565574375478E-13, 0.3388710607903128, 9.175640933784456E-13, 7.873950940696483E-13
240, Flight16, LOWRISK2, 0.06436196569749397, 0.020742308719090018, 1.2761878284911652E-11, 0.5784104242970971, 2.124871126936918E-12, 0.33648530126750187, 2.124869014479495E-12, 1.823454870295133E-12
240, Flight16, LOWRISK3, 0.05834860180737508, 0.07486258343288936, 6.061539687672052E-11, 0.5614814957506435, 1.0096588176358888E-11, 0.30530731891963825, 1.0095594867783702E-11, 8.66452485251455E-12
240, Flight16, LOWRISK4, 0.9999999999408864, 1.2170549548195485E-11, 1.058876915369946E-11, 1.0588504756011306E-11, 5.167812031315693E-12, 1.0588792850923945E-11, 5.1678648956302505E-12, 4.859651046597133E-12
240, Flight17, SELECTEE, 9.96688832930494E-13, 9.229278396533773E-12, 6.806245435506444E-12, 0.051277846186657115, 0.9216108667637278, 0.011222153785030735, 0.01588913321998394, 2.758639081407938E-11
240, Flight17, UNKNOWN, 0.04116213902157621, 0.004540748817438671, 2.5260760386871736E-12, 0.5921394248139747, 4.2054801459471164E-13, 0.3621576873433006, 4.205476022843781E-13, 3.608939912040235E-13
240, Flight17, LOWRISK1, 2.523029529587391E-13, 2.26595757265642E-12, 1.663292751691799E-12, 0.6631887721262288, 1.188759014845658E-11, 0.33681122784177353, 1.1898722097411386E-11, 4.082992321160336E-12
240, Flight17, LOWRISK2, 1.1215208849050698E-12, 1.0082368517164501E-11, 7.571555179425427E-12, 0.48784301349923476, 0.27418337823591843, 0.1371569864674482, 0.10081662174809478, 3.054652341787115E-11
240, Flight17, LOWRISK3, 1.2814234186119192E-12, 1.1519383522121936E-11, 8.650095849101172E-12, 0.4821450032815522, 0.2897564378302608, 0.14285499660269174, 0.08524356222911073, 3.495197674202527E-11
240, Flight17, LOWRISK4, 0.6598943919303427, 0.060950472724399914, 6.071300540033727E-11, 0.1428082077314677, 1.0089140925365153E-11, 0.1363469275242625, 1.0089132627047592E-11, 8.654308080970165E-12
240, Flight18, SELECTEE, 2.466939802058513E-12, 2.2152306656173854E-11, 1.3527648148071684E-11, 0.6285397040145698, 1.200591412041935E-11, 0.3714602959129142, 1.20069459897121E-11, 8.930246251938154E-12
240, Flight18, UNKNOWN, 0.6659467046552641, 0.0064796581371034025, 3.3679321055825585E-12, 0.15980628231418015, 5.607303571035663E-13, 0.16776735488850014, 5.607300847620909E-13, 4.811748515266169E-13
240, Flight18, LOWRISK1, 0.5538965086760382, 0.014931421777299414, 8.980694714287257E-12, 0.21941195871614538, 1.4952969584793046E-12, 0.21176011081728097, 1.4952961478370226E-12, 1.2831169020315507E-12
240, Flight18, LOWRISK2, 0.3318063595127706, 0.01374276439095694, 1.0103223641528749E-11, 0.3447788828070344, 1.6821991507861588E-12, 0.3096719932743454, 1.682200187970636E-12, 1.4435184842347763E-12
240, Flight18, LOWRISK3, 0.32786878591150176, 0.04918092636920503, 3.030681299774386E-11, 0.3198317205087071, 5.046857210193537E-12, 0.3031185671658735, 5.046828564036994E-12, 4.33039165160535E-12
240, Flight18, LOWRISK4, 0.9999999999113226, 1.8257076043673807E-11, 1.588214446835083E-11, 1.5881334570814653E-11, 7.751756099852518E-12, 1.5882067665786552E-11, 7.751897358993964E-12, 7.289242179238394E-12
240, Flight19, SELECTEE, 1.7939437856949355E-12, 1.623715428117398E-11, 1.213175527306556E-11, 0.20401763795412858, 0.6890941431981586, 0.04598236199350364, 0.06090585677489823, 4.916651211725534E-11
240, Flight19, UNKNOWN, 0.16618892605730598, 0.004299665500856352, 2.3096155030243684E-12, 0.46086619980528465, 3.8450133544511684E-13, 0.3686452086331629, 3.845011657143207E-13, 3.299567344141816E-13
240, Flight19, LOWRISK1, 0.10985891111476438, 0.011269799895983732, 6.3813035454556526E-12, 0.5307416649217895, 1.062448067700667E-12, 0.34812962405806264, 1.0624452857752461E-12, 9.11730879872512E-13
240, Flight19, LOWRISK2, 2.9798096713282872E-12, 2.604119885024303E-11, 1.5907358274810593E-11, 0.6642085052543336, 1.3931667693100584E-11, 0.33579149466253594, 1.3942153725302205E-11, 1.0346430192719965E-11
240, Flight19, LOWRISK3, 6.336721822384741E-12, 5.65184218831307E-11, 3.8607243613953756E-11, 0.667571329754966, 7.405090771644974E-11, 0.3324286699492823, 7.489881584964374E-11, 4.5358044378961224E-11
240, Flight19, LOWRISK4, 0.9999999999350768, 1.3554905103191976E-11, 1.1620050814493947E-11, 1.1789079073894547E-11, 5.512496443409534E-12, 1.1789308947991078E-11, 5.5125382489034635E-12, 5.163089967443671E-12
240, Flight20, SELECTEE, 4.46783262306103E-14, 9.504685249363362E-14, 9.478171255215181E-14, 3.501792474922357E-13, 0.9999999999382773, 1.0964062002803747E-13, 1.4315321480927626E-13, 6.090375867128477E-11
240, Flight20, UNKNOWN, 6.767526161836604E-13, 6.109197419025266E-12, 1.6860840772112563E-12, 0.641815879144152, 4.449927629605623E-13, 0.3581841208461574, 4.449937912461432E-13, 3.7407068480984626E-13
240, Flight20, LOWRISK1, 2.2428430792756433E-13, 2.0155406803731788E-12, 1.5143257084572755E-12, 0.6066684873762777, 0.09526275661968744, 0.2266648459283085, 0.07140391006585385, 6.1367485880274545E-12
240, Flight20, LOWRISK2, 4.485818622549194E-13, 4.032579867451359E-12, 3.0286690112938258E-12, 0.40436997891840915, 0.39852804213853227, 0.09563002106979243, 0.10147195785349854, 1.227611113317346E-11
240, Flight20, LOWRISK3, 1.4948890391407278E-12, 1.3447430043671295E-11, 1.0090904190533139E-11, 0.4012883601874753, 0.4058381949177669, 0.09871163969805939, 0.09416180513085244, 4.0831032011667154E-11
240, Flight20, LOWRISK4, 0.5506069721749606, 0.0445372505323486, 3.4631597702782677E-11, 0.20527217852812427, 5.7669663227230374E-12, 0.1995835987134714, 5.766981309855654E-12, 4.948081774509278E-12
240, Flight21, SELECTEE, 1.121251505117855E-12, 1.0448447290147934E-11, 7.67957397902808E-12, 0.051243415428781636, 0.9216608249420642, 0.011256584538661999, 0.015839175040210776, 3.1050249533756476E-11
240, Flight21, UNKNOWN, 0.040913096717556496, 0.006782129552105596, 3.975336437615083E-12, 0.5898269000951917, 6.618486706780057E-13, 0.36247787362929756, 6.618472830834353E-13, 5.679672656666173E-13
240, Flight21, LOWRISK1, 3.1378241689560524E-13, 2.8177338511938504E-12, 2.0573148998607928E-12, 0.6620302165261946, 1.1993877810186293E-11, 0.3379697834400564, 1.2005028471212868E-11, 4.641722380202637E-12
240, Flight21, LOWRISK2, 4.272185054304027E-13, 3.839886515902939E-12, 2.8844932639012607E-12, 0.49198210367293455, 0.26826249901946014, 0.13301789631630728, 0.1067375009724903, 1.1674526076001853E-11
240, Flight21, LOWRISK3, 8.947244206269697E-12, 8.094366650875356E-11, 6.042321342793997E-11, 0.48860328641621154, 0.27390547225484757, 0.1363967132181555, 0.1010945277166146, 2.438751598256285E-10
240, Flight21, LOWRISK4, 0.6606262454185398, 0.054363791343444996, 4.85198180547283E-11, 0.14588585336242277, 8.072345915428687E-12, 0.13912410980402115, 8.072348303303163E-12, 6.924948566282962E-12
240, Flight22, SELECTEE, 8.947585736907708E-12, 8.33169817639177E-11, 6.125604302545793E-11, 0.3186931251515569, 0.5083774100020806, 0.08130687455946342, 0.09162258989097584, 2.424213565903544E-10
240, Flight22, UNKNOWN, 0.2662412914256511, 0.003828377189766146, 2.1087851643991376E-12, 0.37989063846741855, 3.5106624649314683E-13, 0.35003969291407044, 3.510662495890844E-13, 3.012641463823577E-13
240, Flight22, LOWRISK1, 0.19829857659639052, 0.015312810545733522, 8.980948116644007E-12, 0.44881822530902743, 1.4952953213384117E-12, 0.3375703875356122, 1.4952925556075756E-12, 1.2831584646540602E-12
240, Flight22, LOWRISK2, 0.059445364638666086, 0.06499171821107302, 4.85077400532523E-11, 0.5591553524572339, 8.074142989430254E-12, 0.3164075646214604, 8.073975866784855E-12, 6.929027547165322E-12
240, Flight22, LOWRISK3, 0.051221329859550704, 0.13900803076667048, 2.487898631477154E-10, 0.5317539632266026, 4.041767831869041E-11, 0.27801667578292155, 4.037854097853304E-11, 3.468686400848874E-11
240, Flight22, LOWRISK4, 0.9999999999113507, 1.8247934075111675E-11, 1.58776997265646E-11, 1.587659118415825E-11, 7.749876157704168E-12, 1.5877352824652455E-11, 7.750018612202905E-12, 7.28792571412635E-12
240, Flight23, SELECTEE, 1.463745374948328E-14, 4.649723914409626E-14, 4.645979610248717E-14, 7.691176797164537E-14, 0.9999999999019126, 6.148933386698754E-14, 1.4305253326870193E-13, 9.771682465156835E-11
240, Flight23, UNKNOWN, 6.753197267633229E-13, 6.073679871707361E-12, 2.403224923470314E-12, 0.6447140671494351, 8.462667758256121E-13, 0.3552859328390005, 8.462662351561375E-13, 6.98558159932556E-13
240, Flight23, LOWRISK1, 2.7185937612455664E-13, 2.443054074081665E-12, 1.83553755358432E-12, 0.6040591925832512, 0.09579702196823892, 0.22927414071978985, 0.07086964471675426, 7.433704344177923E-12
240, Flight23, LOWRISK2, 5.277437148971427E-13, 4.744457659666392E-12, 3.563119778669741E-12, 0.4040275445209062, 0.39867112743319066, 0.0959724554647237, 0.10132887255792589, 1.4436566564640308E-11
240, Flight23, LOWRISK3, 8.942324526553433E-12, 8.182400706562647E-11, 6.069182555547661E-11, 0.40175358869313177, 0.40286205984584045, 0.09824641094779236, 0.09713794011881526, 2.429802833254796E-10
240, Flight23, LOWRISK4, 0.5487918662937996, 0.060873203448246, 4.8495710192639074E-11, 0.20340333180271838, 8.07327756266257E-12, 0.18693159838368562, 8.073299631007322E-12, 6.92639995618082E-12
240, Flight24, SELECTEE, 1.2816707538188069E-12, 1.1524281564417403E-11, 8.652502076834273E-12, 0.47422331760604514, 0.26253206269467755, 0.15077668236144812, 0.11246793728143988, 3.4949224713921974E-11
240, Flight24, UNKNOWN, 0.41590206004237135, 0.006881459644313398, 2.7247822419345327E-12, 0.2963522066483706, 4.536233179799745E-13, 0.2808642736609419, 4.53623147516453E-13, 3.8927166779414915E-13
240, Flight24, LOWRISK1, 0.33230297384997165, 0.009273235247637375, 5.639467547359091E-12, 0.35147611487983754, 9.389045314653115E-13, 0.30694767601424866, 9.389034095337088E-13, 8.057001479880678E-13
240, Flight24, LOWRISK2, 0.16271169280939504, 0.03559476470470285, 2.2041134835728517E-11, 0.45547385956756664, 3.670220509071979E-12, 0.3462196828858228, 3.6702226698123106E-12, 3.1494711553251502E-12
240, Flight24, LOWRISK3, 0.157219697067468, 0.08502272603262975, 6.061605071494928E-11, 0.4218614640708604, 1.0093416763188203E-11, 0.3358961127395967, 1.0093077110337927E-11, 8.660838560779092E-12
240, Flight24, LOWRISK4, 0.9999999999408797, 1.2173039427687968E-11, 1.05897693435495E-11, 1.0589542205768405E-11, 5.1682941881334576E-12, 1.058983647328646E-11, 5.168347636208287E-12, 4.859954609333601E-12
240, Flight25, SELECTEE, 8.719700362317918E-12, 7.826919518532944E-11, 4.756206601020466E-11, 0.6280761951124182, 4.140460435006623E-11, 0.3719238046393599, 4.1416304565659187E-11, 3.08995642773966E-11
240, Flight25, UNKNOWN, 0.6661865274393566, 0.004321253081529462, 2.165180854404802E-12, 0.15912473827134022, 3.6047012575209787E-13, 0.1703674812045966, 3.604701757366126E-13, 3.0932970407224967E-13
240, Flight25, LOWRISK1, 0.5542606345473278, 0.011654288938235235, 6.553722305201327E-12, 0.2212338933448803, 1.0911609046477056E-12, 0.21285118315990262, 1.0911603318712017E-12, 9.36338655714495E-13
240, Flight25, LOWRISK2, 0.3299462199045822, 0.03048402085569154, 1.865002181439286E-11, 0.3375738523680793, 3.1055733079623327E-12, 0.30199590684413935, 3.1055766183969684E-12, 2.6648619888910084E-12
240, Flight25, LOWRISK3, 0.3217918944684178, 0.10387294930391391, 8.089409569564285E-11, 0.29844878896449134, 1.3456774369040044E-11, 0.27588636714384285, 1.3456603862428328E-11, 1.1544851169073333E-11
240, Flight25, LOWRISK4, 0.9999999999803025, 4.058541238451418E-12, 3.5305084400309764E-12, 3.5304910185565692E-12, 1.7229254982094256E-12, 3.5305234652407605E-12, 1.7229308733224526E-12, 1.6201175509436442E-12
240, Flight26, SELECTEE, 0.6585123752403291, 0.07338862282450881, 8.128662399993796E-11, 0.13200923203574738, 1.3451716296590665E-11, 0.13608976977970788, 1.3451550978303419E-11, 1.1536056943997722E-11
240, Flight26, UNKNOWN, 0.999999999998818, 2.471725153730781E-13, 2.149524507859655E-13, 2.149524020475028E-13, 1.048385556519746E-13, 2.1495249396278849E-13, 1.0483857504442643E-13, 9.857729123366992E-14
240, Flight26, LOWRISK1, 0.9999999999934455, 1.3531505115946624E-12, 1.1770561377854529E-12, 1.1770550615119633E-12, 5.743616913639453E-13, 1.177058335432306E-12, 5.743620985793972E-13, 5.400857136692204E-13
240, Flight26, LOWRISK2, 0.9999999999926243, 1.522245949315196E-12, 1.3241592665765408E-12, 1.3241585221840878E-12, 6.461492092742137E-13, 1.3241624095102194E-12, 6.461497909190228E-13, 6.075906088360884E-13
240, Flight26, LOWRISK3, 0.999999999980303, 4.058564065951464E-12, 3.530567800073382E-12, 3.530571047899505E-12, 1.7229436635525346E-12, 3.530595499751021E-12, 1.7229474265649562E-12, 1.6201395614949624E-12
240, Flight26, LOWRISK4, 0.9999999999113247, 1.825731556262374E-11, 1.5881845317546517E-11, 1.5880899211085202E-11, 7.751683495773144E-12, 1.5881691289074367E-11, 7.75183800708451E-12, 7.289103275637588E-12
240, Flight27, SELECTEE, 4.577274976246333E-12, 4.1051869000814284E-11, 2.454351391810277E-11, 0.6280655835763985, 1.9547123176570914E-11, 0.37193441629951907, 1.954729862914443E-11, 1.480743686955271E-11
240, Flight27, UNKNOWN, 0.6660927349775047, 0.005165385237874416, 2.474467972303131E-12, 0.15942524151873788, 4.11964962855172E-13, 0.1693166382622493, 4.119649493740387E-13, 3.5351874611659223E-13
240, Flight27, LOWRISK1, 0.5540941538667188, 0.013152615062389371, 7.822027559004628E-12, 0.22036276946034578, 1.3023551736704133E-12, 0.21239046159902, 1.3023544880224447E-12, 1.1175594038968042E-12
240, Flight27, LOWRISK2, 0.3299462199045822, 0.03048402085569154, 1.865002181439286E-11, 0.3375738523680793, 3.1055733079623327E-12, 0.30199590684413935, 3.1055766183969684E-12, 2.6648619888910084E-12
240, Flight27, LOWRISK3, 0.32583415056542175, 0.06749264447333804, 4.040954447542683E-11, 0.3129346167638471, 6.728958170496909E-12, 0.2937385881377705, 6.728910733686459E-12, 5.773680122497526E-12
240, Flight27, LOWRISK4, 0.9999999999645316, 7.304728175601819E-12, 6.354421408671559E-12, 6.3543471804495926E-12, 3.1011435776989937E-12, 6.3544560080153515E-12, 3.1011624809585926E-12, 2.9161019431368493E-12
240, Flight28, SELECTEE, 8.400175022493929E-12, 2.527181329755165E-10, 1.1127689348441538E-10, 0.05137871760440048, 0.9214020686758534, 0.01112128177972674, 0.016097931318814544, 2.4882788951175744E-10
240, Flight28, UNKNOWN, 0.041355174302767236, 0.0028034312875950826, 1.6958610036348376E-12, 0.5868281307872898, 2.823246836561712E-13, 0.3690132636198634, 2.823249491654527E-13, 2.4227776556310496E-13
240, Flight28, LOWRISK1, 4.1417735788725483E-13, 3.7185888428864914E-12, 2.6926839609177203E-12, 0.661328304332222, 1.222828235086286E-11, 0.3386716956312075, 1.2239452411496662E-11, 5.404547263397005E-12
240, Flight28, LOWRISK2, 1.4953832046534441E-12, 1.3444777837934679E-11, 1.0095008437051412E-11, 0.48668710804398124, 0.27660837771919994, 0.13831289191055443, 0.09839162226056966, 4.067770375607562E-11
240, Flight28, LOWRISK3, 2.242106966040249E-12, 2.0159479528052688E-11, 1.5131763375153285E-11, 0.49030284306902355, 0.27252001567779083, 0.1346971567840104, 0.10247998437059598, 6.106430825727543E-11
240, Flight28, LOWRISK4, 0.6606262454185398, 0.054363791343444996, 4.85198180547283E-11, 0.14588585336242277, 8.072345915428687E-12, 0.13912410980402115, 8.072348303303163E-12, 6.924948566282962E-12
240, Flight29, SELECTEE, 1.2815082225019822E-12, 1.1566354688276677E-11, 8.658510511772336E-12, 0.20430336643981215, 0.688897675134687, 0.04569663352458323, 0.06110232484428812, 3.514142107901397E-11
240, Flight29, UNKNOWN, 0.16630152563230216, 0.003286269326557457, 1.6725003537912464E-12, 0.4613703362788877, 2.784315118287348E-13, 0.36904186875980277, 2.7843158585445444E-13, 2.389343529948413E-13
240, Flight29, LOWRISK1, 0.10991414004245324, 0.010772739547118378, 6.062271914531295E-12, 0.5308140961080772, 1.0093251310293436E-12, 0.3484990242934224, 1.0093225832309603E-12, 8.661440405226743E-13
240, Flight29, LOWRISK2, 2.31211629674946E-12, 2.007783627038112E-11, 1.156823269347369E-11, 0.6652731067128268, 8.132835142805566E-12, 0.33472689323155375, 8.136958593257057E-12, 6.2371974308031044E-12
240, Flight29, LOWRISK3, 1.4152722748311793E-11, 1.266854992836572E-10, 8.286824822327455E-11, 0.6670670982567478, 1.1502171504583347E-10, 0.33293290121057145, 1.1650781616863486E-10, 7.746314196071458E-11
240, Flight29, LOWRISK4, 0.9999999998016199, 4.1534187797401294E-11, 3.5487792343593504E-11, 3.611090505678217E-11, 1.6741840138256368E-11, 3.611369083125551E-11, 1.6742444371495056E-11, 1.5667402288429148E-11
240, Flight30, SELECTEE, 4.523793618125656E-12, 6.236190398206022E-11, 3.7424225091563964E-11, 0.05119561584329333, 0.9213590827379452, 0.01130438397166612, 0.016140917215048185, 1.2775549128561083E-10
240, Flight30, UNKNOWN, 0.04113779523113791, 0.004759842931242373, 2.6648628749101827E-12, 0.592373765087054, 4.436553638987146E-13, 0.3617285967466512, 4.436548008339148E-13, 3.8072351742075865E-13
240, Flight30, LOWRISK1, 3.6433315467552994E-13, 3.271356194509594E-12, 2.378419552933264E-12, 0.6615951380947634, 1.2103291776362042E-11, 0.33840486187006436, 1.2114451131845891E-11, 5.044616270344403E-12
240, Flight30, LOWRISK2, 4.485813692383126E-13, 4.031918855459292E-12, 3.0287182353594624E-12, 0.4916584839993264, 0.26862294170840784, 0.13334151598922098, 0.10637705828329722, 1.2256624948298498E-11
240, Flight30, LOWRISK3, 2.9890173398673455E-12, 2.6881850849389133E-11, 2.0169933147373102E-11, 0.4901791337452419, 0.2727157052633495, 0.13482086608352087, 0.10228429477652685, 8.133850676067055E-11
240, Flight30, LOWRISK4, 0.658966639396864, 0.06930024550416443, 8.11717830233243E-11, 0.1390795502625486, 1.34488448973317E-11, 0.1326535647168376, 1.3448802928132839E-11, 1.1534427406286401E-11