TimeWindow, Flight, RiskCategory, O65, O66, O67, O68, O69, O70, O71, O72
240, Flight1, SELECTEE, 1.4675695289389617E-9, 1.1899049174903979E-8, 8.595322080367502E-9, 0.4774656848546845, 0.25881799931504296, 0.14753428403735083, 0.11618196585693259, 4.401223934191601E-8
240, Flight1, UNKNOWN, 0.9999999963629733, 7.652672019123589E-10, 6.543942121216103E-10, 6.549514723917328E-10, 3.224159965865381E-10, 6.553156355583436E-10, 3.2251778407390135E-10, 3.003554455261059E-10
240, Flight1, LOWRISK1, 0.9999995816228722, 1.4847503137335456E-7, 7.778140493037064E-9, 1.2931498645961325E-7, 1.328276552688812E-9, 1.2906668369683922E-7, 1.3286456099080552E-9, 1.1235546520696625E-9
240, Flight1, LOWRISK2, 0.6557614064421999, 0.09814713830093882, 2.133973494706144E-8, 0.1240965737856859, 3.280994190147471E-9, 0.12199485084113817, 3.2831286173725035E-9, 2.7643704208369007E-9
240, Flight1, LOWRISK3, 0.6527171026321239, 0.12554516824913362, 2.742033241023154E-7, 0.11167351473355434, 4.586866519881169E-8, 0.11006380987499108, 4.4881933820627595E-8, 3.959446502955511E-8
240, Flight1, LOWRISK4, 0.9999999721338608, 5.770305913694421E-9, 4.953843985645603E-9, 4.927070128922201E-9, 2.4833759220310487E-9, 4.9515874834639344E-9, 2.494647037308375E-9, 2.323499588949227E-9
240, Flight2, SELECTEE, 0.14378943302916808, 0.205895056531096, 8.380743045050872E-8, 0.3642413965776045, 1.0096872713618182E-8, 0.28607400153790874, 1.008668568085175E-8, 8.37142464136479E-9
240, Flight2, UNKNOWN, 0.9999999958014796, 8.81345206835043E-10, 7.545028775014423E-10, 7.539478517456669E-10, 3.7232846034008203E-10, 7.549530731965117E-10, 3.726143900119496E-10, 3.4701943167421935E-10
240, Flight2, LOWRISK1, 0.9999999928789889, 1.4852026129415083E-9, 1.2746937243067062E-9, 1.2739136188033772E-9, 6.30305197684327E-10, 1.2761390224963292E-9, 6.30957805042789E-10, 5.879900163571862E-10
240, Flight2, LOWRISK2, 0.9999999902600714, 2.0241178954687555E-9, 1.7406783100798086E-9, 1.7381758796108065E-9, 8.627147900243515E-10, 1.7428018107270508E-9, 8.640875367701065E-10, 8.055436755201607E-10
240, Flight2, LOWRISK3, 0.9999996651874864, 7.517999914390375E-8, 6.260778960061578E-8, 6.463289485479798E-8, 2.3784094837561842E-8, 6.374219126261523E-8, 2.3155813180424667E-8, 2.1747921865522543E-8
240, Flight2, LOWRISK4, 0.9999999751031797, 5.15373926066743E-9, 4.429223810156384E-9, 4.403481185358396E-9, 2.2180903393300003E-9, 4.427257922367897E-9, 2.2280758548436846E-9, 2.0751432165812987E-9
240, Flight3, SELECTEE, 0.1455862604385425, 0.1897236396945895, 5.64432552963555E-8, 0.373121298158236, 7.0722333419472035E-9, 0.2915687252379573, 7.076389018893595E-9, 5.916988183745803E-9
240, Flight3, UNKNOWN, 0.9999999984384302, 3.3344008004201E-10, 2.84957263567334E-10, 2.849153881274949E-10, 1.4032812924076275E-10, 2.850357184405831E-10, 1.4036514459001233E-10, 1.307189768051045E-10
240, Flight3, LOWRISK1, 0.9999999951925447, 1.0074738579318812E-9, 8.628523136706822E-10, 8.627044811409557E-10, 4.258521975565441E-10, 8.636680476892936E-10, 4.261359584661998E-10, 3.969597134321662E-10
240, Flight3, LOWRISK2, 0.9999999889060475, 2.302298426495037E-9, 1.98127324454247E-9, 1.977734469260885E-9, 9.834222254499654E-10, 1.9836484231991432E-9, 9.851857157499563E-10, 9.185808920716115E-10
240, Flight3, LOWRISK3, 0.9999996651874864, 7.517999914390375E-8, 6.260778960061578E-8, 6.463289485479798E-8, 2.3784094837561842E-8, 6.374219126261523E-8, 2.3155813180424667E-8, 2.1747921865522543E-8
240, Flight3, LOWRISK4, 0.999999945364292, 1.1469336722716414E-8, 9.685447974824875E-9, 9.733099574188461E-9, 4.800074802112926E-9, 9.688203822491811E-9, 4.81700230356811E-9, 4.480733719346451E-9
240, Flight4, SELECTEE, 1.9145521824906977E-10, 5.081983687929492E-10, 4.971751591033841E-10, 1.526938334172035E-9, 0.9999999010505322, 6.388181656364039E-10, 1.0146962392986942E-9, 9.46103774232329E-8
240, Flight4, UNKNOWN, 0.40431423068952693, 0.027838575736209396, 2.6461478314117107E-9, 0.31601285179541394, 4.658001058323974E-10, 0.25183433784591264, 4.653464944157659E-10, 3.9383364623489833E-10
240, Flight4, LOWRISK1, 0.2519579964242151, 0.06570975539736948, 7.076000101980037E-9, 0.4106071512183219, 1.27543590109886E-9, 0.2717250862981653, 1.2678981067509508E-9, 1.0807851903033855E-9
240, Flight4, LOWRISK2, 0.09547563802115919, 0.14071914586005507, 3.247581754943907E-8, 0.5094254349335335, 4.632094614248784E-9, 0.25437973560499594, 4.586209555801591E-9, 3.924325555566918E-9
240, Flight4, LOWRISK3, 0.08708079447803484, 0.21627235303563722, 2.628593056479504E-7, 0.4225463487351295, 8.048420635996976E-8, 0.27410002700583813, 6.629286334151662E-8, 6.714717605332001E-8
240, Flight4, LOWRISK4, 0.8465411846631989, 0.04779637916620755, 3.471334274601639E-8, 0.05084131224529822, 6.324027406633576E-9, 0.054821071216024725, 6.3362864080115295E-9, 5.3738052894183506E-9
240, Flight5, SELECTEE, 2.0622735794856537E-9, 1.84104669697621E-8, 1.3045058808694561E-8, 0.47586861942796105, 0.2627993298202762, 0.14913132756188913, 0.11220061633952226, 7.337074294584009E-8
240, Flight5, UNKNOWN, 0.9999999981406356, 3.9558092498168553E-10, 3.379432633320907E-10, 3.3815732570956367E-10, 1.663488211908043E-10, 3.382267388251096E-10, 1.663715656150152E-10, 1.5492686196028107E-10
240, Flight5, LOWRISK1, 0.9999995817009856, 1.5019258624128494E-7, 6.27548562694171E-9, 1.2948214429083357E-7, 1.0818043786258574E-9, 1.293080554843905E-7, 1.0820283180325286E-9, 9.151009645151335E-10
240, Flight5, LOWRISK2, 0.6563196460579334, 0.09312298486246086, 1.996487725726731E-8, 0.12387546772600298, 3.833093261532073E-9, 0.12668187047427715, 3.835680828189577E-9, 3.2838654461877346E-9
240, Flight5, LOWRISK3, 0.6569282438267737, 0.08764495756032667, 3.188331523458045E-8, 0.1307658267129994, 6.558651970872307E-9, 0.1246609210758782, 6.6252631813837446E-9, 5.794982598402674E-9
240, Flight5, LOWRISK4, 0.9999999453323417, 1.1476925956626783E-8, 9.692471680655622E-9, 9.737213014057976E-9, 4.801768251299484E-9, 9.695687399275846E-9, 4.818814064294793E-9, 4.482968829972785E-9
240, Flight6, SELECTEE, 4.848779416353521E-9, 5.604459648413715E-8, 2.8584596442515652E-8, 0.6394526002353941, 2.309797271118708E-8, 0.3605472485732728, 2.2852413515853598E-8, 1.5801165487946663E-8
240, Flight6, UNKNOWN, 0.999999997831337, 4.5980013935997377E-10, 3.9304492098133747E-10, 3.9305730320525E-10, 1.936330589642128E-10, 3.9324760533699296E-10, 1.936901278953595E-10, 1.8038082566178363E-10
240, Flight6, LOWRISK1, 0.9999999937534988, 1.3054322002358306E-9, 1.1189764589600416E-9, 1.1206054963349024E-9, 5.516383847783559E-10, 1.121735872082566E-9, 5.519774140488674E-10, 5.143265246910101E-10
240, Flight6, LOWRISK2, 0.9999999667802183, 8.413498107338184E-9, 5.322993659044377E-9, 7.254865145325743E-9, 1.728456874597798E-9, 7.264804026564346E-9, 1.730882704432315E-9, 1.5424721519594602E-9
240, Flight6, LOWRISK3, 0.9999998372855444, 3.7314682674016454E-8, 2.912251554404022E-8, 3.184327513766137E-8, 1.1575124835912714E-8, 3.084193602642737E-8, 1.1471788289103726E-8, 1.0583323780300055E-8
240, Flight6, LOWRISK4, 0.9999999683442107, 6.563177548752045E-9, 5.623150912622172E-9, 5.59621282881947E-9, 2.8199139961740106E-9, 5.620246112554759E-9, 2.833200339487629E-9, 2.6380791217903157E-9
240, Flight7, SELECTEE, 1.627756336489739E-9, 1.5132809711217745E-8, 1.1153939981539998E-8, 0.2040697549843785, 0.684420924047281, 0.04593019972666609, 0.06557901857447598, 7.479088345735896E-8
240, Flight7, UNKNOWN, 0.7746630970017598, 0.028032105621421728, 3.075111694534326E-9, 0.0988593225736147, 5.495148326657568E-10, 0.09844547020175225, 5.495167408350002E-10, 4.654993447717773E-10
240, Flight7, LOWRISK1, 0.5494162566836625, 0.0552512784265087, 6.880957484602923E-9, 0.2016854930714949, 1.244579553346757E-9, 0.19364696143753526, 1.2413607361691294E-9, 1.0520918919079442E-9
240, Flight7, LOWRISK2, 0.3201875266146156, 0.11831212690540382, 1.554283090829831E-8, 0.3178613334112897, 2.5661116074320156E-9, 0.24363899026348923, 2.5615085443853347E-9, 2.172941752824898E-9
240, Flight7, LOWRISK3, 0.3158183770096379, 0.15763408531436107, 2.9601940588634893E-8, 0.30047560233405485, 5.5653653774412374E-9, 0.22607188990730884, 5.571097067735573E-9, 4.734425458897214E-9
240, Flight7, LOWRISK4, 0.9999999685568774, 6.512079113184214E-9, 5.58706405424432E-9, 5.549947040435715E-9, 2.8064832446900867E-9, 5.578880653892256E-9, 2.8201798021384505E-9, 2.6266794834469642E-9
240, Flight8, SELECTEE, 5.480131178006669E-9, 3.7872479436854014E-8, 2.92086152563533E-8, 0.11946423599108508, 0.8119485733862387, 0.023392763760712542, 0.04519416256372673, 1.9177520222548276E-7
240, Flight8, UNKNOWN, 0.6164065223299839, 0.023769852610750073, 2.3411801440872994E-9, 0.1879612500205828, 4.130614773679584E-10, 0.17186237156000558, 4.129661955651564E-10, 3.4966060139522544E-10
240, Flight8, LOWRISK1, 0.4212884979853711, 0.06554430736229898, 6.622080868669875E-9, 0.28693809154384203, 1.1448548922327612E-9, 0.2262290932654758, 1.1429369044470258E-9, 9.713302723660074E-10
240, Flight8, LOWRISK2, 0.22730282803308863, 0.09713157652287405, 1.3230394050588659E-8, 0.41558988878158803, 2.250894302951944E-9, 0.259975687058599, 2.2430791646516345E-9, 1.917673870609602E-9
240, Flight8, LOWRISK3, 0.2186019197583262, 0.17543938874448695, 5.135384475464418E-8, 0.3544517350244164, 6.939441150795629E-9, 0.2515068854630537, 6.964852075648234E-9, 5.789769837491496E-9
240, Flight8, LOWRISK4, 0.99999996879346, 6.449362002619771E-9, 5.549549149131099E-9, 5.508662676688119E-9, 2.7881622468378075E-9, 5.535468282453494E-9, 2.801296585091977E-9, 2.61223005526607E-9
240, Flight9, SELECTEE, 2.2687907918781516E-9, 2.099271832367777E-8, 1.5743309793174615E-8, 0.2037753387252328, 0.6843416289471264, 0.04622459470392339, 0.06565827952593614, 1.191311532923558E-7
240, Flight9, UNKNOWN, 0.7733786877956651, 0.03959178588434572, 5.086481570193236E-9, 0.09285566096685734, 9.082858681126363E-10, 0.09417385771823185, 9.082988597808344E-10, 7.700245918308533E-10
240, Flight9, LOWRISK1, 0.5498313249147488, 0.051515665069123945, 6.187832386652799E-9, 0.20720989816662994, 1.11347768562049E-9, 0.1914431025329578, 1.1114992702824603E-9, 9.419211400652328E-10
240, Flight9, LOWRISK2, 0.3152496036316922, 0.1627533978829352, 4.649358167681051E-8, 0.29961714848721055, 6.183629025841639E-9, 0.22237978594809282, 6.207513788927025E-9, 5.203535910600758E-9
240, Flight9, LOWRISK3, 0.3161099694967853, 0.15500974395601272, 3.6386579763087577E-8, 0.2995760809605323, 5.927539123890871E-9, 0.22930415237636104, 5.949443033110754E-9, 4.984937851796628E-9
240, Flight9, LOWRISK4, 0.999999668238009, 7.425926745112974E-8, 6.19744272886951E-8, 6.429474535049307E-8, 2.3650552176847503E-8, 6.296321153431246E-8, 2.3025847533708814E-8, 2.1632130624761036E-8
240, Flight10, SELECTEE, 3.776145070981023E-9, 3.172353368742699E-8, 1.5873916352181715E-8, 0.6416793119367571, 1.2536496955645917E-8, 0.3583206026190683, 1.2619439030210795E-8, 8.952834758188001E-9
240, Flight10, UNKNOWN, 0.9999999967326216, 6.882106363212501E-10, 5.886619108109725E-10, 5.886157740671117E-10, 2.9022474893387624E-10, 5.890840437155781E-10, 2.9035926147773105E-10, 2.7041307145403667E-10
240, Flight10, LOWRISK1, 0.9999999948383547, 1.0812652097248482E-9, 9.258634467564964E-10, 9.272359978662552E-10, 4.5610273363859036E-10, 9.279470400302923E-10, 4.563207134670465E-10, 4.2510135283425525E-10
240, Flight10, LOWRISK2, 0.9999999666470455, 8.39315626782855E-9, 5.392351723492957E-9, 7.2162059341372924E-9, 1.78402999543377E-9, 7.225150548580894E-9, 1.7865074202138886E-9, 1.593743540103836E-9
240, Flight10, LOWRISK3, 0.9999996242735947, 8.503295188683636E-8, 6.992027364375144E-8, 7.372006756928297E-8, 2.5912334300601066E-8, 7.236171283279779E-8, 2.5236253237438932E-8, 2.358100279701057E-8
240, Flight10, LOWRISK4, 0.9999998784166342, 2.6642875242195385E-8, 2.1893180628971006E-8, 2.2704760412499642E-8, 9.697065387316939E-9, 2.2072282464559777E-8, 9.624182222147993E-9, 8.987210553015427E-9
240, Flight11, SELECTEE, 2.018246357064395E-10, 5.005384175260772E-10, 4.964796927732873E-10, 1.3604660350010817E-9, 0.9999996854960964, 6.130088705127706E-10, 1.0203133746810381E-9, 3.103494636490369E-7
240, Flight11, UNKNOWN, 0.4024627918707044, 0.04450152302430211, 4.550014063714512E-9, 0.2924482506822702, 8.109735927354335E-10, 0.2605874276034505, 8.097668026935052E-10, 6.867094399806221E-10
240, Flight11, LOWRISK1, 0.2528123678100293, 0.058020413969108446, 6.091133329363425E-9, 0.41208792086580337, 1.0969380979767052E-9, 0.27707928818502925, 1.0911012051752088E-9, 9.290479721983548E-10
240, Flight11, LOWRISK2, 0.1002260407647943, 0.09796554185230476, 1.3617298219227161E-8, 0.5291537463403854, 2.4193210259191786E-9, 0.272654650600847, 2.3857377723359654E-9, 2.0575026099661487E-9
240, Flight11, LOWRISK3, 0.0932003261118869, 0.16119668426509684, 5.294608239790453E-8, 0.48178268351736914, 7.1237707995805114E-9, 0.2638202329907611, 7.149411440989103E-9, 5.93381251467998E-9
240, Flight11, LOWRISK4, 0.8458090470500929, 0.05438564555803199, 3.9865727447302836E-8, 0.04962194551428804, 9.071078378111144E-9, 0.050183296068933056, 9.089734695944336E-9, 7.820304900601327E-9
240, Flight12, SELECTEE, 1.9219056153905252E-9, 1.8114664789502654E-8, 1.3133823434546128E-8, 0.3215472952432851, 0.5021026593906563, 0.07845265099453673, 0.09789727317206239, 8.806725685083108E-8
240, Flight12, UNKNOWN, 0.9999999956390073, 9.544646965993255E-10, 7.793373419625768E-10, 8.14676749180143E-10, 3.5467174740652663E-10, 8.148188469338434E-10, 3.5470865985052576E-10, 3.265052913273567E-10
240, Flight12, LOWRISK1, 0.7264447877191822, 0.061994012026295446, 1.1395199126286195E-8, 0.10815777190612533, 1.9013866867708806E-9, 0.10340341157836348, 1.9009591060279982E-9, 1.6106794559454892E-9
240, Flight12, LOWRISK2, 0.4535517847525199, 0.11803377342273866, 2.0387445078472857E-8, 0.23072986960721428, 3.3336730883866905E-9, 0.19768454236956465, 3.334189867759832E-9, 2.8308453871684528E-9
240, Flight12, LOWRISK3, 0.4467794070064319, 0.17898459823465487, 1.6421304409088377E-7, 0.1959981667862648, 2.856377138050533E-8, 0.17823758357804936, 2.7947159201948017E-8, 2.370881544389796E-8
240, Flight12, LOWRISK4, 0.9999999684663677, 6.5357566368777E-9, 5.601724614325273E-9, 5.566887643149987E-9, 2.8130548235940484E-9, 5.5955836957187015E-9, 2.8268688338696677E-9, 2.6319471824338665E-9
240, Flight13, SELECTEE, 1.2931716554949193E-9, 9.933993551641864E-9, 7.693114326603018E-9, 0.05134411843190621, 0.9207213805061462, 0.01115585016495021, 0.016778582160018252, 4.9854890552557017E-8
240, Flight13, UNKNOWN, 0.49462168753370006, 0.04840479317505711, 5.124446394049716E-9, 0.2342114123873919, 9.148633104446119E-10, 0.22276209921329307, 9.140543393891724E-10, 7.753849709313468E-10
240, Flight13, LOWRISK1, 0.32678012050099414, 0.05897710592617228, 6.108864779971277E-9, 0.35684341301023303, 1.0873139299633782E-9, 0.2573993513985107, 1.0838541116596294E-9, 9.222478492637196E-10
240, Flight13, LOWRISK2, 0.1484540388083539, 0.16391351220756314, 4.783939174536865E-8, 0.43843594204162245, 6.2441743382565E-9, 0.24919644138336994, 6.251093326083537E-9, 5.262622106975816E-9
240, Flight13, LOWRISK3, 0.1457912359287801, 0.18787842531292037, 8.105124581471309E-8, 0.4079305646902787, 1.022801834705057E-8, 0.2583996641707428, 1.0222100167491515E-8, 8.43410470032349E-9
240, Flight13, LOWRISK4, 0.9999999545762647, 9.57680355291805E-9, 8.065200266772553E-9, 8.118639746268577E-9, 3.945673033941839E-9, 8.108569880086532E-9, 3.961474786888703E-9, 3.685565176789573E-9
240, Flight14, SELECTEE, 1.6226628032445102E-9, 1.3447525477921228E-8, 9.660926975870486E-9, 0.4770333035689506, 0.25999034452884495, 0.1479666599797405, 0.11500961550000131, 5.1729538478921506E-8
240, Flight14, UNKNOWN, 0.999999998389062, 3.4387911083254583E-10, 2.9370531401682344E-10, 2.9387652127715625E-10, 1.445532984153008E-10, 2.939240579780212E-10, 1.445701486414121E-10, 1.3462054820687167E-10
240, Flight14, LOWRISK1, 0.9999995816517689, 1.4886192116293338E-7, 7.380882543863256E-9, 1.2938878573303873E-7, 1.2640530910455293E-9, 1.2915720941897118E-7, 1.264383366459563E-9, 1.0691870545695297E-9
240, Flight14, LOWRISK2, 0.6567746120545763, 0.08902826042556143, 2.8577008625407588E-8, 0.12850997652931492, 3.306943668110049E-9, 0.1256871130775577, 3.3097408048153497E-9, 2.757487481406481E-9
240, Flight14, LOWRISK3, 0.654150836493574, 0.11264162641156125, 6.370820098258133E-8, 0.11589606799503173, 9.346689690235546E-9, 0.11731137885470394, 9.332957053818876E-9, 7.895472492360093E-9
240, Flight14, LOWRISK4, 0.9999999562203461, 9.128720908473162E-9, 7.763102634262515E-9, 7.756264297651131E-9, 3.881899005828931E-9, 7.760226075790616E-9, 3.899149151601277E-9, 3.628482672647775E-9
240, Flight15, SELECTEE, 1.4327193145574149E-9, 1.2690850456493557E-8, 9.556757391332045E-9, 0.11698317936618514, 0.8193331280858089, 0.025873924852283733, 0.037809683599171195, 6.045441484629146E-8
240, Flight15, UNKNOWN, 0.6156719965999309, 0.030380583359272077, 3.071319736987259E-9, 0.1813144425052305, 5.451743159769448E-10, 0.17263297295060545, 5.450249398785877E-10, 4.6163313306089477E-10
240, Flight15, LOWRISK1, 0.4192914260894594, 0.08351795008891659, 1.062286885701349E-8, 0.27844908778688726, 1.869493179405815E-9, 0.2187415201300365, 1.8638176602793796E-9, 1.5867115347400557E-9
240, Flight15, LOWRISK2, 0.2232745871465818, 0.1333857357757963, 2.128884463548718E-8, 0.3882517630808822, 3.4077772876077975E-9, 0.25508788305313995, 3.3941723769959724E-9, 2.8909965150412386E-9
240, Flight15, LOWRISK3, 0.21572121322775317, 0.2013656962731862, 1.0538889776870711E-7, 0.33602654760016704, 1.3475115920832339E-8, 0.2468863996482428, 1.3360464566686447E-8, 1.1064363414000052E-8
240, Flight15, LOWRISK4, 0.9999998764016007, 2.7369790878321417E-8, 2.2295043447305804E-8, 2.3323424934975825E-8, 9.628400744028015E-9, 2.2540611090033268E-8, 9.560754257520733E-9, 8.918564751186185E-9
240, Flight16, SELECTEE, 1.669731942299433E-9, 1.5360765625494662E-8, 1.1116905594307544E-8, 0.32210992955874057, 0.5011336391819128, 0.07789002609665846, 0.09886630544358198, 7.160989404446619E-8
240, Flight16, UNKNOWN, 0.9999999952547095, 1.0336715932851162E-9, 8.480282082700898E-10, 8.829132186598137E-10, 3.887229499699433E-10, 8.831131094602069E-10, 3.8877491428674115E-10, 3.5825772450295147E-10
240, Flight16, LOWRISK1, 0.7284674673504539, 0.04378990077135793, 7.06785210811981E-9, 0.11749908332812042, 1.1751656769716024E-9, 0.11024353816964905, 1.1750569708498654E-9, 1.000535061106678E-9
240, Flight16, LOWRISK2, 0.45617456921468696, 0.09442872095953378, 1.4839962885854367E-8, 0.23617187516216684, 2.725223111928528E-9, 0.21322481210639455, 2.716995573874951E-9, 2.3132275094206094E-9
240, Flight16, LOWRISK3, 0.4479071253755865, 0.1688351655697436, 9.986929255067332E-8, 0.20117621267775992, 1.3782455622317285E-8, 0.18208135764707287, 1.3688246523163599E-8, 1.1428033522759887E-8
240, Flight16, LOWRISK4, 0.9999999261185651, 1.573232862272724E-8, 1.3141626124152502E-8, 1.3338558899142245E-8, 6.320820202666622E-9, 1.3167195777468577E-8, 6.3306016843184036E-9, 5.888494692545407E-9
240, Flight17, SELECTEE, 1.2931716554949193E-9, 9.933993551641864E-9, 7.693114326603018E-9, 0.05134411843190621, 0.9207213805061462, 0.01115585016495021, 0.016778582160018252, 4.9854890552557017E-8
240, Flight17, UNKNOWN, 0.49647492013227573, 0.0317257020097989, 3.1623810301784752E-9, 0.24728988013528835, 5.597689772615413E-10, 0.22450949300560863, 5.593828503488046E-10, 4.736865076492353E-10
240, Flight17, LOWRISK1, 0.3256237713177625, 0.0693842469558887, 7.627192098201203E-9, 0.3514937372775837, 1.3623458670043683E-9, 0.25349823298515783, 1.3568588901113507E-9, 1.1554015959519413E-9
240, Flight17, LOWRISK2, 0.1484540388083539, 0.16391351220756314, 4.783939174536865E-8, 0.43843594204162245, 6.2441743382565E-9, 0.24919644138336994, 6.251093326083537E-9, 5.262622106975816E-9
240, Flight17, LOWRISK3, 0.14737348408330272, 0.17363821995776507, 5.3664111020813025E-8, 0.4170119711628999, 7.055321962548513E-9, 0.2619762511571296, 7.082722934955863E-9, 5.874937916585641E-9
240, Flight17, LOWRISK4, 0.9999999424027807, 1.2285330550316158E-8, 1.0220721389006722E-8, 1.037945381452278E-8, 4.918365866880102E-9, 1.0312790079878327E-8, 4.93501256034555E-9, 4.583736027040617E-9
240, Flight18, SELECTEE, 4.015465786486896E-9, 3.707513142462165E-8, 1.8537847858096248E-8, 0.6417828089028371, 1.487365966616636E-8, 0.35821709121139633, 1.4947242675931494E-8, 1.0474610339001034E-8
240, Flight18, UNKNOWN, 0.9999999967326216, 6.882106363212501E-10, 5.886619108109725E-10, 5.886157740671117E-10, 2.9022474893387624E-10, 5.890840437155781E-10, 2.9035926147773105E-10, 2.7041307145403667E-10
240, Flight18, LOWRISK1, 0.9999999912426984, 1.822303841520642E-9, 1.5655853668425675E-9, 1.567500660273135E-9, 7.737399074464872E-10, 1.5698857428865922E-9, 7.744437652197365E-10, 7.220335986350753E-10
240, Flight18, LOWRISK2, 0.9999999671644779, 8.708631430106018E-9, 4.984083633133235E-9, 7.4366688419026464E-9, 1.4962970469353022E-9, 7.450102869376955E-9, 1.4966381578554273E-9, 1.3012909193063223E-9
240, Flight18, LOWRISK3, 0.9999998852520768, 3.121356165733039E-8, 1.7847857238265084E-8, 2.5869740221041006E-8, 4.8169573089611295E-9, 2.611211918034892E-8, 4.825081995988684E-9, 4.100796869408992E-9
240, Flight18, LOWRISK4, 0.9999998784166342, 2.6642875242195385E-8, 2.1893180628971006E-8, 2.2704760412499642E-8, 9.697065387316939E-9, 2.2072282464559777E-8, 9.624182222147993E-9, 8.987210553015427E-9
240, Flight19, SELECTEE, 2.2687907918781516E-9, 2.099271832367777E-8, 1.5743309793174615E-8, 0.2037753387252328, 0.6843416289471264, 0.04622459470392339, 0.06565827952593614, 1.191311532923558E-7
240, Flight19, UNKNOWN, 0.774874173918514, 0.026132413679997933, 2.822401461122846E-9, 0.09983841234856053, 5.038024068632166E-10, 0.09915499583439383, 5.038111992689652E-10, 4.2670980080430933E-10
240, Flight19, LOWRISK1, 0.549018303649947, 0.05883285469658505, 7.732201967942795E-9, 0.20575649345587402, 1.3946922067149206E-9, 0.1863923365348975, 1.3919064947619974E-9, 1.1820868975755833E-9
240, Flight19, LOWRISK2, 0.31403289520242966, 0.17370375178495792, 6.630371211213734E-8, 0.293890424006614, 8.315659048476727E-9, 0.2183728390979706, 8.376820947962948E-9, 6.950026731870898E-9
240, Flight19, LOWRISK3, 0.31017349387190485, 0.20843791934556707, 1.7590234887621212E-7, 0.26126800974402115, 2.989168397453183E-8, 0.22012031776826815, 2.8936305011974508E-8, 2.4578091588555747E-8
240, Flight19, LOWRISK4, 0.999999926167378, 1.5734191412891718E-8, 1.3139085492487897E-8, 1.3336823555520817E-8, 6.3058100919046516E-9, 1.3162617796235621E-8, 6.316194930406046E-9, 5.8760899030365996E-9
240, Flight20, SELECTEE, 1.9145521824906977E-10, 5.081983687929492E-10, 4.971751591033841E-10, 1.526938334172035E-9, 0.9999999010505322, 6.388181656364039E-10, 1.0146962392986942E-9, 9.46103774232329E-8
240, Flight20, UNKNOWN, 0.40403584035821477, 0.030344088401770393, 2.94222120439381E-9, 0.3081643979857741, 5.19137673947659E-10, 0.2574556688735244, 5.185752812207912E-10, 4.389732276079586E-10
240, Flight20, LOWRISK1, 0.2516748831172861, 0.06825777479164735, 7.423084064182929E-9, 0.41039937062369625, 1.3376444196682772E-9, 0.2696679602816653, 1.3294890977578552E-9, 1.1336785064020767E-9
240, Flight20, LOWRISK2, 0.09935775966027706, 0.10578006983431401, 1.5356448635948945E-8, 0.5259634613459545, 2.6385133855420063E-9, 0.26889868635471376, 2.604051372289886E-9, 2.2439185064173637E-9
240, Flight20, LOWRISK3, 0.09246648552589659, 0.16780123733347613, 6.337474649422415E-8, 0.4782081713888482, 8.365369701397687E-9, 0.261524018721755, 8.388006969869438E-9, 6.940091960366968E-9
240, Flight20, LOWRISK4, 0.84623139463876, 0.05058449104960171, 3.691054603291691E-8, 0.05074282757452777, 7.1054950032458455E-9, 0.0524412295875517, 7.119905224552368E-9, 6.051803738205423E-9
240, Flight21, SELECTEE, 1.4520784525102607E-9, 1.0928503762516913E-8, 8.478223873565487E-9, 0.051521468971247576, 0.9202697898297519, 0.010978495525432579, 0.017230164876276963, 5.997667607135162E-8
240, Flight21, UNKNOWN, 0.49483528110988884, 0.046482451268460956, 4.881771836196024E-9, 0.23562418889980025, 8.711695202225695E-10, 0.22305807139845682, 8.704107997308019E-10, 7.382321463480513E-10
240, Flight21, LOWRISK1, 0.32448700999918284, 0.0796150970329858, 9.282195015775823E-9, 0.34880899666979615, 1.652546985127081E-9, 0.24708888235471058, 1.6448566311161069E-9, 1.4019171646135989E-9
240, Flight21, LOWRISK2, 0.15514848483861063, 0.1036635342715359, 1.4332266337557659E-8, 0.4722838730588748, 2.494889156154138E-9, 0.268904086444547, 2.474514303057775E-9, 2.1229528287146713E-9
240, Flight21, LOWRISK3, 0.14130613111479837, 0.22824424174085653, 2.6468128109356776E-7, 0.36708347830416904, 7.307723404382489E-8, 0.2633656858767998, 6.381641335975182E-8, 6.142663872727536E-8
240, Flight21, LOWRISK4, 0.9999999545762647, 9.57680355291805E-9, 8.065200266772553E-9, 8.118639746268577E-9, 3.945673033941839E-9, 8.108569880086532E-9, 3.961474786888703E-9, 3.685565176789573E-9
240, Flight22, SELECTEE, 1.2072537664451114E-8, 7.550272101526746E-8, 6.143061513876934E-8, 0.31297378367670187, 0.5039598506682755, 0.08702591324461106, 0.09603998329618045, 3.201465482527074E-7
240, Flight22, UNKNOWN, 0.9999999968311178, 7.195616866818631E-10, 5.632855466604987E-10, 6.115447749458425E-10, 2.407407871153503E-10, 6.115642841747235E-10, 2.407543409315758E-10, 2.1962166998079934E-10
240, Flight22, LOWRISK1, 0.7264447877191822, 0.061994012026295446, 1.1395199126286195E-8, 0.10815777190612533, 1.9013866867708806E-9, 0.10340341157836348, 1.9009591060279982E-9, 1.6106794559454892E-9
240, Flight22, LOWRISK2, 0.4489263430295941, 0.1596626795334595, 7.758119916829804E-8, 0.21278279864602626, 1.016918195005116E-8, 0.17862807240212702, 1.0220110333999938E-8, 8.456492638098441E-9
240, Flight22, LOWRISK3, 0.44629961602962837, 0.18330267381725712, 2.4370422570479295E-7, 0.19353021332907475, 5.433476939391722E-8, 0.17686709992006425, 5.2201704745473027E-8, 4.670146690286232E-8
240, Flight22, LOWRISK4, 0.9999998778628695, 2.6865789528925587E-8, 2.200655986568014E-8, 2.2900355676634122E-8, 9.657888355040208E-9, 2.2204420602209396E-8, 9.591053159933889E-9, 8.949254275820074E-9
240, Flight23, SELECTEE, 1.9803409090347513E-10, 5.043326403982786E-10, 4.974969590795938E-10, 1.4255800448278402E-9, 0.9999998131623198, 6.23602004804185E-10, 1.0170087718753515E-9, 1.8260981671635494E-7
240, Flight23, UNKNOWN, 0.4021269549451373, 0.04752405495625918, 4.9069139979454236E-9, 0.29001886209694644, 8.757079760724536E-10, 0.26033012064113403, 8.743556870754382E-10, 7.417365144824011E-10
240, Flight23, LOWRISK1, 0.2505002308785402, 0.07882964327444272, 8.991781257459838E-9, 0.40954443268162455, 1.6130938677688157E-9, 0.2611256796286639, 1.6021010988869526E-9, 1.3679435030977591E-9
240, Flight23, LOWRISK2, 0.09811558400882227, 0.11695964690414158, 1.8822096562833378E-8, 0.5213339859473635, 3.072735817232385E-9, 0.2635907556376535, 3.033991220098817E-9, 2.6113865416658945E-9
240, Flight23, LOWRISK3, 0.08708079447803484, 0.21627235303563722, 2.628593056479504E-7, 0.4225463487351295, 8.048420635996976E-8, 0.27410002700583813, 6.629286334151662E-8, 6.714717605332001E-8
240, Flight23, LOWRISK4, 0.8458090470500929, 0.05438564555803199, 3.9865727447302836E-8, 0.04962194551428804, 9.071078378111144E-9, 0.050183296068933056, 9.089734695944336E-9, 7.820304900601327E-9
240, Flight24, SELECTEE, 1.8153415928214596E-9, 1.5510921816617566E-8, 1.1069910865181429E-8, 0.4765272416879147, 0.2613065598843334, 0.14847271488233846, 0.11369339381836709, 6.136906291048138E-8
240, Flight24, UNKNOWN, 0.9999999973525829, 5.595716922504414E-10, 4.782342492255017E-10, 4.78606432888687E-10, 2.355083019488463E-10, 4.787701791324303E-10, 2.355557690442613E-10, 2.1936171235397717E-10
240, Flight24, LOWRISK1, 0.9999995816814787, 1.4943410917501287E-7, 6.860620728327414E-9, 1.294565035838866E-7, 1.1788309820592944E-9, 1.292504541429062E-7, 1.1791109858783482E-9, 9.970828866971242E-10
240, Flight24, LOWRISK2, 0.6551282222257445, 0.10384579208944025, 2.3966006357889356E-8, 0.12037814068957108, 4.35679264784681E-9, 0.12064780863612502, 4.360045586556048E-9, 3.7144657431209764E-9
240, Flight24, LOWRISK3, 0.6507645888430947, 0.14311757043136827, 6.051556110214019E-8, 0.1176555989171888, 1.368585651012648E-8, 0.0884621417930186, 1.4012010934016506E-8, 1.1840092206444214E-8
240, Flight24, LOWRISK4, 0.9999999258051397, 1.5789798508437333E-8, 1.319191746942147E-8, 1.3404501400510656E-8, 6.350749990818026E-9, 1.3224341231647061E-8, 6.355940056918608E-9, 5.915802649215589E-9
240, Flight25, SELECTEE, 1.2912018895330692E-8, 1.26952168237011E-7, 8.429502474197343E-8, 0.5969943123315643, 6.957586154653051E-8, 0.40300528535698327, 5.89724160022861E-8, 4.964215406721124E-8
240, Flight25, UNKNOWN, 0.9999999979099267, 4.434504399442781E-10, 3.790519937178481E-10, 3.790658253040524E-10, 1.8672800999189943E-10, 3.792413747632412E-10, 1.8678105319710427E-10, 1.7394593673458416E-10
240, Flight25, LOWRISK1, 0.9999999935855896, 1.3400756636984497E-9, 1.148860166051788E-9, 1.1505217992194435E-9, 5.664474113185926E-10, 1.151724479638384E-9, 5.668071886859052E-10, 5.281647927970632E-10
240, Flight25, LOWRISK2, 0.9999999642732673, 8.535287364970644E-9, 6.087713562462977E-9, 7.168088645500392E-9, 2.342662501295532E-9, 7.172343646484692E-9, 2.3458123559999894E-9, 2.113015463487315E-9
240, Flight25, LOWRISK3, 0.9999998789820103, 2.799476415875928E-8, 2.1126275132569893E-8, 2.3723527947770522E-8, 8.542103771342063E-9, 2.3361100489750707E-8, 8.536055333066205E-9, 7.772354074481436E-9
240, Flight25, LOWRISK4, 0.9999999750926492, 5.1551788184150004E-9, 4.431165656935503E-9, 4.405953373309774E-9, 2.2189331677940236E-9, 4.429537320908362E-9, 2.2287593521092864E-9, 2.0760142542979253E-9
240, Flight26, SELECTEE, 0.6530471746942731, 0.12257533345957203, 9.610106124884678E-8, 0.11287951856955163, 1.6754251760645585E-8, 0.11149782975927199, 1.66620450009952E-8, 1.4039824856267738E-8
240, Flight26, UNKNOWN, 0.9999999984283493, 3.355152760546338E-10, 2.8676585963644786E-10, 2.8667910301299086E-10, 1.4122369155038175E-10, 2.86829430363743E-10, 1.4126863748628255E-10, 1.3156014610076017E-10
240, Flight26, LOWRISK1, 0.9999999913483723, 1.800544096426094E-9, 1.5474719949091583E-9, 1.544493908915229E-9, 7.665504857424129E-10, 1.5486894300349642E-9, 7.677876272074109E-10, 7.155204254648773E-10
240, Flight26, LOWRISK2, 0.9999999902824228, 2.019918833378311E-9, 1.7373283764108179E-9, 1.733160481575332E-9, 8.610583841474159E-10, 1.738890493961394E-9, 8.62755333590934E-10, 8.040593753725998E-10
240, Flight26, LOWRISK3, 0.9999999751264269, 5.1472777466713E-9, 4.4242842429450254E-9, 4.39659447736139E-9, 2.218795914400788E-9, 4.421645698646204E-9, 2.228772419450868E-9, 2.0760136012907534E-9
240, Flight26, LOWRISK4, 0.9999998786482761, 2.6586756825547583E-8, 2.1842943631408337E-8, 2.267482433317142E-8, 9.683699744904148E-9, 2.2023413581504457E-8, 9.606295545986535E-9, 8.973656322287529E-9
240, Flight27, SELECTEE, 5.665120539363904E-9, 7.308771535573319E-8, 3.884854975835233E-8, 0.6347674775271479, 3.087353793023564E-8, 0.3652323232348982, 2.983475358957382E-8, 2.0966467815095574E-8
240, Flight27, UNKNOWN, 0.9999999976068689, 5.06491286898575E-10, 4.330105980316788E-10, 4.3301743242107385E-10, 2.1335822023817666E-10, 4.332533499607135E-10, 2.1342778651280784E-10, 1.9876368417057896E-10
240, Flight27, LOWRISK1, 0.9999999923565608, 1.5932807799907268E-9, 1.367528777865411E-9, 1.3693718247203478E-9, 6.750381227276389E-10, 1.3711562847115432E-9, 6.755655947917845E-10, 6.296888011370342E-10
240, Flight27, LOWRISK2, 0.9999999642732673, 8.535287364970644E-9, 6.087713562462977E-9, 7.168088645500392E-9, 2.342662501295532E-9, 7.172343646484692E-9, 2.3458123559999894E-9, 2.113015463487315E-9
240, Flight27, LOWRISK3, 0.9999998714430492, 1.144370573699686E-8, 2.0716874508300302E-8, 1.9263065984140244E-8, 7.270884050788079E-9, 5.612265623945218E-8, 7.3108490149651655E-9, 6.467106272569655E-9
240, Flight27, LOWRISK4, 0.9999999562098265, 9.131489084022776E-9, 7.765175455049424E-9, 7.75901358402186E-9, 3.882095896854576E-9, 7.762599222631022E-9, 3.899448605986491E-9, 3.6285427854178592E-9
240, Flight28, SELECTEE, 6.946198533928832E-9, 6.753304067195413E-8, 4.50555739226377E-8, 0.05295152860636167, 0.9195122100824309, 0.00954824092798572, 0.01798757788247869, 3.2300412099074255E-7
240, Flight28, UNKNOWN, 0.49753769256212166, 0.022160751255001814, 2.174741276487346E-9, 0.23775944387635206, 3.8157328184177956E-10, 0.24254210908592247, 3.812598782336584E-10, 3.2121867245204424E-10
240, Flight28, LOWRISK1, 0.3229010308078166, 0.09388890674341613, 1.201456275777559E-8, 0.34496819380788263, 2.096181870563269E-9, 0.2382418507034448, 2.0855994890751193E-9, 1.7792865915238986E-9
240, Flight28, LOWRISK2, 0.14713626178279962, 0.17577348472644172, 6.74545937646299E-8, 0.4306950826701899, 8.282250942842104E-9, 0.24639507983106027, 8.358832187908552E-9, 6.932022656512806E-9
240, Flight28, LOWRISK3, 0.14466293704649344, 0.19803309540521716, 1.0311253427315234E-7, 0.4004197423756002, 1.3348168107230644E-8, 0.2568840845855799, 1.3236616613510195E-8, 1.0927981340885838E-8
240, Flight28, LOWRISK4, 0.9999999545762647, 9.57680355291805E-9, 8.065200266772553E-9, 8.118639746268577E-9, 3.945673033941839E-9, 8.108569880086532E-9, 3.961474786888703E-9, 3.685565176789573E-9
240, Flight29, SELECTEE, 1.627756336489739E-9, 1.5132809711217745E-8, 1.1153939981539998E-8, 0.2040697549843785, 0.684420924047281, 0.04593019972666609, 0.06557901857447598, 7.479088345735896E-8
240, Flight29, UNKNOWN, 0.7754277687870357, 0.021150060744244033, 2.071363258567382E-9, 0.10269285877358617, 3.6770396946279684E-10, 0.10072930861525663, 3.6773873414226883E-10, 3.112628934329987E-10
240, Flight29, LOWRISK1, 0.5492194625840776, 0.05702242474224541, 7.363616743369902E-9, 0.20538129816095174, 1.3305438164799169E-9, 0.1883768034025934, 1.3275989608312565E-9, 1.1265632830671107E-9
240, Flight29, LOWRISK2, 0.3157901320762171, 0.15788864947057893, 3.99088882242392E-8, 0.3019690626323835, 5.505448971036209E-9, 0.22435210028270033, 5.518755201929109E-9, 4.643218736306023E-9
240, Flight29, LOWRISK3, 0.30953043700068866, 0.21422537082637844, 2.5643154235565146E-7, 0.2562410914141604, 6.068428958997925E-8, 0.22000267477692645, 5.709770687926366E-8, 5.1806498311726125E-8
240, Flight29, LOWRISK4, 0.999999668238009, 7.425926745107941E-8, 6.19744272886951E-8, 6.429474535039239E-8, 2.3650552176822334E-8, 6.29632115343628E-8, 2.30258475337214E-8, 2.1632130624761036E-8
240, Flight30, SELECTEE, 4.399378924857646E-9, 3.546047553378113E-8, 2.5311819271377866E-8, 0.05312980835609738, 0.9176182860620923, 0.009370065280358244, 0.019881589204388074, 1.8596358126520903E-7
240, Flight30, UNKNOWN, 0.49630479484849904, 0.03325682937900028, 3.328208696018103E-9, 0.24607041219947853, 5.89831363610692E-10, 0.22436795860454886, 5.894101498528998E-10, 4.992142172272028E-10
240, Flight30, LOWRISK1, 0.32365103803921363, 0.08713884317757914, 1.0645120485126784E-8, 0.34693634667986745, 1.8801397836110796E-9, 0.24227375614989471, 1.870857802848157E-9, 1.595518102553819E-9
240, Flight30, LOWRISK2, 0.15459495370845494, 0.10864531345681877, 1.5229500695951764E-8, 0.46857106355421396, 2.6114001015443515E-9, 0.26818864666617315, 2.5905307327216053E-9, 2.2210986715137742E-9
240, Flight30, LOWRISK3, 0.14350799579383472, 0.20842754323019747, 1.3378638245866933E-7, 0.3917769946587988, 1.9012344671364047E-8, 0.2562872795897482, 1.8551946273684262E-8, 1.541493852257022E-8
240, Flight30, LOWRISK4, 0.9999999197762709, 1.7460922427001298E-8, 1.4269988422327098E-8, 1.4754559657035573E-8, 6.581374076331137E-9, 1.4496466767077895E-8, 6.587754801922046E-9, 6.110854119263296E-9