TimeWindow, Flight, RiskCategory, O249, O250, O251, O252, O253, O254, O255, O256
240, Flight1, SELECTEE, 6.299516468538317E-11, 5.669070291379895E-10, 4.25203453773246E-10, 0.48330740397353555, 0.26524180246475093, 0.14169259414285346, 0.10975819666472546, 1.7010590929449011E-9
240, Flight1, UNKNOWN, 0.6641729965067646, 0.02244303069246141, 2.3550656965668977E-10, 0.15533707580005265, 3.92505335521404E-11, 0.1580468966550995, 3.925053528145001E-11, 3.364438425277328E-11
240, Flight1, LOWRISK1, 0.32869556941508266, 0.041739887773189197, 4.0284049657251797E-10, 0.32918501847619525, 6.713915071443877E-11, 0.30037952374289467, 6.713914095877685E-11, 5.754967738627443E-11
240, Flight1, LOWRISK2, 0.32419053326118086, 0.08228519689170626, 1.0204981608642265E-9, 0.31014601696119204, 1.7008505264024854E-10, 0.28337825138149125, 1.7008492005516568E-10, 1.457918223777272E-10
240, Flight1, LOWRISK3, 0.2250510678266257, 0.22454039391255454, 1.5318909037267607E-8, 0.2910127231330219, 2.550509037450831E-9, 0.25939579252364514, 2.550499545899701E-9, 2.186265561976918E-9
240, Flight1, LOWRISK4, 0.9999999986014986, 2.8851249591192115E-10, 2.5071764399383435E-10, 2.5071759605347104E-10, 1.2240814166639906E-10, 2.507179377752451E-10, 1.2240821987737197E-10, 1.15049874685267E-10
240, Flight2, SELECTEE, 0.1490119705655869, 0.1588922623453904, 3.0612659176562285E-9, 0.3923594581304536, 5.10251557667703E-10, 0.2997363044414615, 5.102477099032964E-10, 4.373726498158665E-10
240, Flight2, UNKNOWN, 0.9999999998017726, 4.1264176890284756E-11, 3.585316978501885E-11, 3.585317007644812E-11, 1.7495521267909118E-11, 3.585317720625966E-11, 1.7495522862356773E-11, 1.6443335437160553E-11
240, Flight2, LOWRISK1, 0.9999999996574254, 7.114860060343396E-11, 6.168868230231806E-11, 6.182031475237845E-11, 2.9982431928287665E-11, 6.182032617790915E-11, 2.9982434505773924E-11, 2.816253139601472E-11
240, Flight2, LOWRISK2, 0.9999999992386812, 1.704810995951526E-10, 1.3454904672904811E-10, 1.4788402775341884E-10, 5.5672312462965515E-11, 1.47884923500848E-10, 5.567234967535653E-11, 5.1205186489740104E-11
240, Flight2, LOWRISK3, 0.8261844668792874, 0.06433982280529683, 1.5301694595564898E-8, 0.0551644963575113, 2.552743566019022E-9, 0.05431119136589147, 2.5526913487684255E-9, 2.18691389493456E-9
240, Flight2, LOWRISK4, 0.9999999987570928, 2.564611112750127E-10, 2.2286422465874733E-10, 2.228640126284732E-10, 1.088081307470998E-10, 2.228643741752035E-10, 1.0880821462167743E-10, 1.022673324560938E-10
240, Flight3, SELECTEE, 0.15160357203863736, 0.13556785000420832, 2.1866763134629437E-9, 0.40319659051179213, 3.6446762193007756E-10, 0.30963198421937194, 3.6446575426733774E-10, 3.124108406692132E-10
240, Flight3, UNKNOWN, 0.9999999999266342, 1.5543523901352777E-11, 1.350117604740972E-11, 1.3501177527294406E-11, 6.581753819994264E-12, 1.3501177707521056E-11, 6.581754383873056E-12, 6.1855569504203645E-12
240, Flight3, LOWRISK1, 0.9999999997708897, 4.769568905273373E-11, 4.137947889666868E-11, 4.144085349444107E-11, 2.0134144072851526E-11, 4.144085861332097E-11, 2.0134145286036617E-11, 1.8915335633896753E-11
240, Flight3, LOWRISK2, 0.9999999991913648, 1.7870665062887602E-10, 1.4352286467117402E-10, 1.5504755823493043E-10, 6.101778363687317E-11, 1.5504761405433838E-10, 6.101779067030495E-11, 5.6305322462891503E-11
240, Flight3, LOWRISK3, 0.8261844668792874, 0.06433982280529683, 1.5301694595564898E-8, 0.0551644963575113, 2.552743566019022E-9, 0.05431119136589147, 2.5526913487684255E-9, 2.18691389493456E-9
240, Flight3, LOWRISK4, 0.9999999972011985, 5.769638894681994E-10, 5.013893667502616E-10, 5.013880684708122E-10, 2.44805057495161E-10, 5.013900055440979E-10, 2.44805502385086E-10, 2.3008984967047506E-10
240, Flight4, SELECTEE, 2.5265018590950932E-12, 6.253948309164208E-12, 6.2335818075128215E-12, 1.7991827742305392E-11, 0.9999999961464505, 7.668155399856808E-12, 1.3411418302036328E-11, 3.80149437546371E-9
240, Flight4, UNKNOWN, 0.10933416930592946, 0.015992475888374803, 1.319669460461627E-10, 0.50681184198161, 2.199394175164152E-11, 0.3678615126313087, 2.199393414528289E-11, 1.8852549184240432E-11
240, Flight4, LOWRISK1, 1.3499256709454352E-11, 1.2148592710466396E-10, 9.111980901271621E-11, 0.5790932668361773, 0.10697874011301145, 0.2542400689351106, 0.05968792352712755, 3.6449846430696965E-10
240, Flight4, LOWRISK2, 5.154312882338503E-11, 4.6384804814460814E-10, 3.4790781510882727E-10, 0.5999425059177544, 0.09666960914337915, 0.23339082514616705, 0.0699970575398123, 1.391618410220323E-9
240, Flight4, LOWRISK3, 5.669871023938983E-10, 5.102431668644484E-9, 3.82620045716294E-9, 0.5117442471570778, 0.23747328590447042, 0.15492240562246753, 0.09586003651913759, 1.5303257755741166E-8
240, Flight4, LOWRISK4, 0.8464334707015512, 0.04876531058852756, 1.9169121726541303E-9, 0.05314096982840873, 3.189943169236308E-10, 0.051660246055226774, 3.189941377923058E-10, 2.734154513177721E-10
240, Flight5, SELECTEE, 9.449272049232984E-11, 8.503470817549847E-10, 6.377920639931056E-10, 0.48226432154279003, 0.26659956859886946, 0.14273567555001454, 0.1084004301763144, 2.551410069071071E-9
240, Flight5, UNKNOWN, 0.6653496323703891, 0.011853308039288898, 1.2149280839882415E-10, 0.15742116323124977, 2.0248339192323E-11, 0.16537589618175655, 2.0248339781279942E-11, 1.735627109056849E-11
240, Flight5, LOWRISK1, 0.32940109533893863, 0.03539015453929992, 3.257021030624461E-10, 0.33246014564285997, 5.428275360273255E-11, 0.3027486040001347, 5.428274754390117E-11, 4.65295562272036E-11
240, Flight5, LOWRISK2, 0.3233655559584537, 0.08970999245177559, 1.1774885825255744E-9, 0.3072777720857871, 1.9625168190846122E-10, 0.2796466777678013, 1.9625150076411368E-10, 1.682210771294366E-10
240, Flight5, LOWRISK3, 0.23474436336731017, 0.13730074809631262, 1.913349292379742E-9, 0.3261165645732049, 3.189054657508974E-10, 0.3018383211406863, 3.1890512209973617E-10, 2.733564603927561E-10
240, Flight5, LOWRISK4, 0.9999999972011828, 5.769672165234793E-10, 5.013921052761347E-10, 5.013917096902271E-10, 2.448060940342893E-10, 5.013931738376344E-10, 2.448064257190283E-10, 2.300907980671352E-10
240, Flight6, SELECTEE, 2.1699280384892953E-10, 1.9524160918537712E-9, 1.192263098388552E-9, 0.6480183190108724, 1.0687542719694249E-9, 0.3519816746997625, 1.0687473722322827E-9, 7.922219940578239E-10
240, Flight6, UNKNOWN, 0.9999999998664072, 2.9138908630477844E-11, 2.4171252531472608E-11, 2.529195833103655E-11, 1.0832637445464138E-11, 2.529195673380105E-11, 1.0832638060457552E-11, 1.0063703637854497E-11
240, Flight6, LOWRISK1, 0.5515089995281359, 0.036419021065610305, 4.028350418784842E-10, 0.2070671194194713, 6.713888234591901E-11, 0.20500485939415053, 6.713888580503605E-11, 5.7549452267321495E-11
240, Flight6, LOWRISK2, 0.549430517008609, 0.05512534257370546, 7.289273521180997E-10, 0.19756533141940968, 1.2148897391202247E-10, 0.19787880792426407, 1.214889693094911E-10, 1.0413671129491324E-10
240, Flight6, LOWRISK3, 0.42555960942830784, 0.16996353433253153, 7.654079336294975E-9, 0.20325581114177257, 1.275404702218665E-9, 0.20122103380128445, 1.2754055977777155E-9, 1.0932442676645122E-9
240, Flight6, LOWRISK4, 0.9999999984014559, 3.297197408217742E-10, 2.8652780727738196E-10, 2.86527563186105E-10, 1.3989336593488787E-10, 2.8652809933192247E-10, 1.3989348895428045E-10, 1.3148411133590657E-10
240, Flight7, SELECTEE, 8.09884132522485E-11, 7.288975217258023E-10, 5.46642360093909E-10, 0.20293346385888542, 0.6921845281875845, 0.04706653362011423, 0.05781547079139137, 2.1875264391914058E-9
240, Flight7, UNKNOWN, 0.33130140029450555, 0.018287396851745963, 1.594599008029875E-10, 0.33325643961539897, 2.657598022154885E-11, 0.3171547630049876, 2.6575977962847572E-11, 2.2780135735407617E-11
240, Flight7, LOWRISK1, 0.10743469569833504, 0.03308774696531057, 3.56000250042521E-10, 0.5148057272903737, 5.933245415409336E-11, 0.3446718295224879, 5.933240881304611E-11, 5.085801134093575E-11
240, Flight7, LOWRISK2, 0.1036590669925074, 0.06706839447588002, 7.653818069201721E-10, 0.5060084859098732, 1.2756495233508392E-10, 0.32326405149391346, 1.2756464909889933E-10, 1.0934485720585798E-10
240, Flight7, LOWRISK3, 0.045620189314600885, 0.08941830799373175, 1.7008640312896724E-9, 0.5764552735563652, 2.834740458586194E-10, 0.288506226626536, 2.8347224686645196E-10, 2.429863334073803E-10
240, Flight7, LOWRISK4, 0.9999999984014273, 3.297261034951019E-10, 2.865330295229719E-10, 2.865338585405664E-10, 1.3989517426812498E-10, 2.8653410982567577E-10, 1.3989522862052956E-10, 1.314857606286158E-10
240, Flight8, SELECTEE, 2.833374747976232E-10, 2.5672132803420983E-9, 1.917309509745191E-9, 0.1176389497675037, 0.8220980202307347, 0.025218183943706216, 0.03504483363086329, 7.661362246343586E-9
240, Flight8, UNKNOWN, 0.23653218280884317, 0.014067497170960747, 1.1775529438657094E-10, 0.3992643466562306, 1.9625350947602996E-11, 0.3501359731921674, 1.9625348458008494E-11, 1.6822264069912803E-11
240, Flight8, LOWRISK1, 0.04414117790341547, 0.03130083448361961, 3.327828596031758E-10, 0.5777872201127968, 5.546299667352768E-11, 0.3467707670109484, 5.546293245514221E-11, 4.7541241240650044E-11
240, Flight8, LOWRISK2, 0.04209084329942885, 0.04975383664547731, 6.655403643017686E-10, 0.6022313421606397, 1.1092693629178783E-10, 0.3059239769140072, 1.1092658442584592E-10, 9.508322324331963E-11
240, Flight8, LOWRISK3, 6.069752110867729E-10, 5.463621235548465E-9, 1.562318332109442E-9, 0.6779209016246123, 4.20601882284406E-10, 0.32207908955054787, 4.2060065628937145E-10, 3.527529431430804E-10
240, Flight8, LOWRISK4, 0.9999999984013308, 3.2974810379970945E-10, 2.8655036420491966E-10, 2.8655402969968553E-10, 1.3990098005985047E-10, 2.8655417761950356E-10, 1.3990100724332107E-10, 1.3149098143727124E-10
240, Flight9, SELECTEE, 1.1338041169490277E-10, 1.0205547497760568E-9, 7.652968782818222E-10, 0.20288561457646795, 0.6917936665067175, 0.047114381849574366, 0.05820633210749921, 3.062538971717821E-9
240, Flight9, UNKNOWN, 0.33019592861583313, 0.02823664184550169, 2.6856256986353115E-10, 0.3303220972073664, 4.4759510298590647E-11, 0.31124533193688103, 4.475950336357971E-11, 3.836651422557374E-11
240, Flight9, LOWRISK1, 0.10772958206748925, 0.03043376968176904, 3.189174887994173E-10, 0.5085500873561419, 5.315199499394397E-11, 0.3532865604258482, 5.315195870432933E-11, 4.5560305443582134E-11
240, Flight9, LOWRISK2, 0.09786702362622726, 0.11919678356978869, 1.913346635871842E-9, 0.48206114540562645, 3.1891233953122053E-10, 0.3008750445758567, 3.1891014321074295E-10, 2.733621169012086E-10
240, Flight9, LOWRISK3, 0.04501293056418534, 0.09488363652471449, 1.9134758698068636E-9, 0.5737588620517786, 3.1890775701020855E-10, 0.28634456803670344, 3.189053870436882E-10, 2.7335928671938734E-10
240, Flight9, LOWRISK4, 0.9999999887993272, 2.307655480360453E-9, 2.0054227501080318E-9, 2.0054256913025987E-9, 9.792007193728908E-10, 2.005448899016083E-9, 9.792056146366357E-10, 9.203440579225553E-10
240, Flight10, SELECTEE, 1.3880092549697522E-10, 1.2487125541040995E-9, 7.55734010081034E-10, 0.6437386712611333, 6.516756198003138E-10, 0.3562613248081786, 6.516816726151326E-10, 4.861134936439249E-10
240, Flight10, UNKNOWN, 0.999999999811489, 4.049860805177507E-11, 3.4019859252618166E-11, 3.516296465493566E-11, 1.558712782571458E-11, 3.5162967987803195E-11, 1.5587128424989034E-11, 1.4522659000911668E-11
240, Flight10, LOWRISK1, 0.5524930841862176, 0.027562259216275115, 3.327790058202121E-10, 0.20230747836923732, 5.5462639670833796E-11, 0.21763717773905517, 5.546264223286246E-11, 4.7540923410948267E-11
240, Flight10, LOWRISK2, 0.5498961423426639, 0.05093471452902623, 7.653718015677941E-10, 0.199381617573742, 1.2756334615319651E-10, 0.1997875244267562, 1.2756334051000282E-10, 1.0934348300803921E-10
240, Flight10, LOWRISK3, 0.42384532258903757, 0.18539210783632676, 1.5329235243233015E-8, 0.196991490464308, 2.5501446065955187E-9, 0.1937710564968977, 2.5501520877765633E-9, 2.1859282006219538E-9
240, Flight10, LOWRISK4, 0.9999999944006446, 1.1538542245853935E-9, 1.0027236666663042E-9, 1.0027185642076017E-9, 4.895969029275186E-10, 1.0027258050470194E-9, 4.895985769000154E-10, 4.6016809182615836E-10
240, Flight11, SELECTEE, 2.544044519067454E-12, 6.2310946565636686E-12, 6.223496029095346E-12, 1.758298507272499E-11, 0.9999999897694164, 7.609682344585794E-12, 1.3433872459885657E-11, 1.0178988851884933E-8
240, Flight11, UNKNOWN, 0.10830628543070216, 0.02524343066068589, 2.319406973396499E-10, 0.5015852770796191, 3.865602315931519E-11, 0.3648650064886357, 3.86559988599688E-11, 3.313478705906834E-11
240, Flight11, LOWRISK1, 1.1570763877003439E-11, 1.0413063695485205E-10, 7.810259719659494E-11, 0.5794768485430088, 0.10394342368704704, 0.25385648729095284, 0.0627232399747846, 3.1243285266962296E-10
240, Flight11, LOWRISK2, 2.577108897155216E-11, 2.3192391140019373E-10, 1.7395370819887324E-10, 0.6009833931975016, 0.09409114772525297, 0.23234993870396303, 0.0725755192477805, 6.958834052293922E-10
240, Flight11, LOWRISK3, 8.099657368691049E-11, 7.289178630816046E-10, 5.46710937691692E-10, 0.5247544458761348, 0.22594554473049674, 0.1419122226961775, 0.10738778315593106, 2.186664781229101E-9
240, Flight11, LOWRISK4, 0.8462500424602898, 0.05041616355113113, 3.0715469966182918E-9, 0.05211392049866722, 5.10435449829813E-10, 0.05121986896203617, 5.104347511116675E-10, 4.374888927677005E-10
240, Flight12, SELECTEE, 9.448905559047867E-11, 8.50339592783111E-10, 6.377603155959774E-10, 0.32093133280468444, 0.5125962046614113, 0.07906866425734363, 0.08740379414420527, 2.5517966605368016E-9
240, Flight12, UNKNOWN, 0.46418487479519377, 0.02233612621712153, 2.1868670375004965E-10, 0.2559516919144806, 3.6447012381966734E-11, 0.25752730675241225, 3.644701147765983E-11, 3.124128955557918E-11
240, Flight12, LOWRISK1, 0.19399264798642674, 0.05406617787587739, 5.669578247840766E-10, 0.4169937956995558, 9.449220371495922E-11, 0.33494737760323207, 9.44921412269288E-11, 8.099590132454463E-11
240, Flight12, LOWRISK2, 0.19065122695266104, 0.0841389542090147, 1.020501296400994E-9, 0.4131919281713839, 1.7008578895724988E-10, 0.3120178891625057, 1.7008547430305182E-10, 1.4579245387099653E-10
240, Flight12, LOWRISK3, 0.11177796135172365, 0.1939983561431308, 7.654327322432225E-9, 0.4203847061359025, 1.2755433319336127E-9, 0.2738389650725152, 1.27552013431531E-9, 1.0933675479578856E-9
240, Flight12, LOWRISK4, 0.9999999984014457, 3.297219335542965E-10, 2.865296584520157E-10, 2.865298708048832E-10, 1.398940224510487E-10, 2.865302274406271E-10, 1.398941023403037E-10, 1.3148471536512872E-10
240, Flight13, SELECTEE, 6.298126099730686E-11, 5.677798451003272E-10, 4.253617398874453E-10, 0.051639657838162004, 0.9232013877052214, 0.010860340197132516, 0.014298611502961923, 1.7024295995116212E-9
240, Flight13, UNKNOWN, 0.16350827963875122, 0.028425482727069556, 2.639324211286395E-10, 0.4495049945988246, 4.3987855525575585E-11, 0.3585612426477718, 4.398783373080836E-11, 3.770507453405726E-11
240, Flight13, LOWRISK1, 3.452270619604593E-10, 3.100500052730346E-9, 2.8382339017967703E-10, 0.6435363735190516, 5.387653537736111E-11, 0.35646362259972225, 5.387645728432396E-11, 4.595308531441096E-11
240, Flight13, LOWRISK2, 1.118918960420098E-10, 1.0069005791790204E-9, 6.597769154243111E-10, 0.6616610856885201, 8.698573475074313E-10, 0.33833891019720236, 8.698420412448684E-10, 5.980390454190137E-10
240, Flight13, LOWRISK3, 1.1341067424344843E-10, 1.0205927497588935E-9, 7.654666231677847E-10, 0.6073131520350806, 0.11011792121040552, 0.20518684938416906, 0.07738207241314636, 3.0597588764138595E-9
240, Flight13, LOWRISK4, 0.9999999844671567, 4.569232500100158E-9, 1.8343580516518241E-9, 3.936278986653046E-9, 4.377825561681697E-10, 3.936409727161283E-9, 4.377827254018519E-10, 3.830289776651755E-10
240, Flight14, SELECTEE, 7.086956159940151E-11, 6.377678708372932E-10, 4.783514653991622E-10, 0.48291283390571466, 0.26559630918177435, 0.14208716395477586, 0.1094036898591206, 1.913656007927502E-9
240, Flight14, UNKNOWN, 0.6654994272271715, 0.01050515434492698, 1.055732286392464E-10, 0.14546358819931568, 1.7595114451856415E-11, 0.17853183007477066, 1.7595114919118988E-11, 1.5082006156700325E-11
240, Flight14, LOWRISK1, 0.32881299513850826, 0.04068305628345951, 3.8269886838702977E-10, 0.3297742533170036, 6.378220445221544E-11, 0.3007296946981235, 6.378219576335192E-11, 5.467220285203155E-11
240, Flight14, LOWRISK2, 0.3246150092518954, 0.07846491304208822, 9.567201511396374E-10, 0.3116373712126054, 1.594548348513017E-10, 0.2852827050831317, 1.5945471965121422E-10, 1.3667991707380479E-10
240, Flight14, LOWRISK3, 0.23210161423023737, 0.16108548966182415, 2.5510731742355194E-9, 0.3211947476240876, 4.2520445865401574E-10, 0.2856181447199269, 4.2520379283481943E-10, 3.6447307193017846E-10
240, Flight14, LOWRISK4, 0.9999999977613078, 4.61585674236998E-10, 4.011226131029117E-10, 4.0112241085279265E-10, 1.9584697043328403E-10, 4.011233302626454E-10, 1.958471786043855E-10, 1.8407448150862665E-10
240, Flight15, SELECTEE, 7.086188628116292E-11, 6.379120748248704E-10, 4.783247889418098E-10, 0.11738822861955457, 0.8238400068326969, 0.025468912029920313, 0.033302849418362, 1.9143976178769645E-9
240, Flight15, UNKNOWN, 0.23606238211157213, 0.01829570340611781, 1.5620572301601023E-10, 0.3973918199404372, 2.6033624491549376E-11, 0.34825009431331483, 2.6033619994308912E-11, 2.2315244563448438E-11
240, Flight15, LOWRISK1, 0.042445223127799706, 0.04656442724005153, 5.46709258708643E-10, 0.5755194977405009, 9.111779451502794E-11, 0.33547085108663, 9.111761107568736E-11, 7.810350175878865E-11
240, Flight15, LOWRISK2, 0.03992187413846305, 0.06927455872237508, 1.0204674800265672E-9, 0.5788290670252307, 1.7008897525886482E-10, 0.31197449860952187, 1.7008807932903103E-10, 1.457950975522254E-10
240, Flight15, LOWRISK3, 6.48448267469602E-10, 5.821217938663826E-9, 2.3092000708828796E-9, 0.6775846509270586, 8.167009709666579E-10, 0.3224153379896224, 8.167035316093637E-10, 6.730784176256135E-10
240, Flight15, LOWRISK4, 0.9999999943997724, 1.1540508724298845E-9, 1.0028786107999033E-9, 1.0029041731933625E-9, 4.896500792131879E-10, 1.0029073758837167E-9, 4.896506904141388E-10, 4.6021597280202307E-10
240, Flight16, SELECTEE, 8.099112239344908E-11, 7.288626352111597E-10, 5.466583890134359E-10, 0.32117263340753993, 0.5123136699304256, 0.07882736409315226, 0.08768632902711468, 2.1872857120424383E-9
240, Flight16, UNKNOWN, 0.4639103731692082, 0.024806640825538472, 2.4298486187417766E-10, 0.25554539293070433, 4.049666915538878E-11, 0.25573759271788854, 4.049666796448155E-11, 3.471253430652304E-11
240, Flight16, LOWRISK1, 0.1964904482877672, 0.031585975393299215, 3.4790959062097573E-10, 0.43854466063924397, 5.7983923302300495E-11, 0.3333789151681403, 5.7983900896099336E-11, 4.9702088794183154E-11
240, Flight16, LOWRISK2, 0.19216445561290327, 0.07051989649190389, 8.056674015937345E-10, 0.41895071073731094, 1.3427839611700432E-10, 0.3183649359705888, 1.3427820618816026E-10, 1.1509942590667927E-10
240, Flight16, LOWRISK3, 0.11499317947422566, 0.16506139705116807, 3.826633471699111E-9, 0.43857796840372426, 6.378044194494118E-10, 0.28136744942396635, 6.377993273925536E-10, 5.467087010482367E-10
240, Flight16, LOWRISK4, 0.9999999962676138, 7.692753851307519E-10, 6.685126455759471E-10, 6.68513168430519E-10, 3.2640646066750804E-10, 6.68515344830258E-10, 3.2640694525573457E-10, 3.0678633953080756E-10
240, Flight17, SELECTEE, 6.298126099730686E-11, 5.677798451003272E-10, 4.253617398874453E-10, 0.051639657838162004, 0.9232013877052214, 0.010860340197132516, 0.014298611502961923, 1.7024295995116212E-9
240, Flight17, UNKNOWN, 0.16458744896433683, 0.01871295890624613, 1.5945996262263232E-10, 0.4534957555449518, 2.6576001565432083E-11, 0.3632038363511034, 2.657599387795217E-11, 2.278015391575995E-11
240, Flight17, LOWRISK1, 3.424214703787512E-10, 3.0793627239642657E-9, 3.4814380937242367E-10, 0.646667218570958, 6.832055534268873E-11, 0.3533327774663099, 6.832042180495976E-11, 5.8193371858279956E-11
240, Flight17, LOWRISK2, 1.118918960420098E-10, 1.0069005791790204E-9, 6.597769154243111E-10, 0.6616610856885201, 8.698573475074313E-10, 0.33833891019720236, 8.698420412448684E-10, 5.980390454190137E-10
240, Flight17, LOWRISK3, 8.100330369931186E-11, 7.289671174091775E-10, 5.467468620442E-10, 0.5986207254913307, 0.13168959408739833, 0.21387927698104228, 0.055810399899640054, 2.185901563919257E-9
240, Flight17, LOWRISK4, 0.9999999844036884, 4.4192695101603286E-9, 2.0504143285234365E-9, 3.807972094690411E-9, 5.25392085373935E-10, 3.807923058737847E-9, 5.253924797562906E-10, 4.6197833291875337E-10
240, Flight18, SELECTEE, 1.5739747644349029E-10, 1.4160932848007383E-9, 8.596307458668681E-10, 0.6450099586470636, 7.508872091121586E-10, 0.35499003686110725, 7.508920775289653E-10, 5.589588501075027E-10
240, Flight18, UNKNOWN, 0.999999999811489, 4.049860883346662E-11, 3.4019859805507374E-11, 3.51629653127175E-11, 1.5587127981161777E-11, 3.5162968645634823E-11, 1.5587128580461123E-11, 1.4522659135997647E-11
240, Flight18, LOWRISK1, 0.550935733989536, 0.04157841074107708, 5.669453083871278E-10, 0.19973788283017135, 9.449145934994997E-11, 0.20774797160432243, 9.449146496446872E-11, 8.09952750306044E-11
240, Flight18, LOWRISK2, 0.548425707848036, 0.06416862511431644, 6.378152091417942E-10, 0.1935562030116562, 1.0630299775725915E-10, 0.1938494630864808, 1.0630299509616246E-10, 9.111974257799475E-11
240, Flight18, LOWRISK3, 0.4337305701234109, 0.09642489409321808, 1.9132798622393417E-9, 0.24335509319896134, 3.189012010094558E-10, 0.22648943976200478, 3.189011948578788E-10, 2.733529363285039E-10
240, Flight18, LOWRISK4, 0.9999999944006446, 1.1538542245853935E-9, 1.0027236666663042E-9, 1.0027185642076017E-9, 4.895969029275186E-10, 1.0027258050470194E-9, 4.895985769000154E-10, 4.6016809182615836E-10
240, Flight19, SELECTEE, 1.133804116951019E-10, 1.0205547497760568E-9, 7.652968782826188E-10, 0.20288561457634213, 0.6917936665065021, 0.047114381849700786, 0.058206332107714205, 3.062538971717821E-9
240, Flight19, UNKNOWN, 0.33145231173791545, 0.016929193875380173, 1.457920077617881E-10, 0.3340980884975848, 2.4298041372655092E-11, 0.3175204056759341, 2.4298039513287582E-11, 2.082755464730557E-11
240, Flight19, LOWRISK1, 0.10693056324777864, 0.03762493897124617, 4.0284145917403996E-10, 0.511650502017755, 6.713934896380248E-11, 0.3437939951705806, 6.713929046676992E-11, 5.754984976046292E-11
240, Flight19, LOWRISK2, 0.09601743238899262, 0.1358431040368306, 2.551071147100136E-9, 0.4748889003320694, 4.2521614170225537E-10, 0.29325055947815587, 4.252120167767675E-10, 3.644825876483323E-10
240, Flight19, LOWRISK3, 0.03871333823102073, 0.15157996150206096, 7.65918264603226E-9, 0.5335036627236166, 1.2755993951998412E-9, 0.27620302624159987, 1.2755308328786469E-9, 1.0934192880888894E-9
240, Flight19, LOWRISK4, 0.9999999962675316, 7.692937605387714E-10, 6.685274141717245E-10, 6.685308741577799E-10, 3.264115452943636E-10, 6.685325344375816E-10, 3.2641189911757117E-10, 3.0679094786048476E-10
240, Flight20, SELECTEE, 2.5265018590950932E-12, 6.253948309164208E-12, 6.2335818075128215E-12, 1.7991827742305392E-11, 0.9999999961464505, 7.668155399856808E-12, 1.3411418302036328E-11, 3.80149437546371E-9
240, Flight20, UNKNOWN, 0.1091757258194468, 0.017418467250767476, 1.4719378664730369E-10, 0.5053219102256462, 2.453170473193137E-11, 0.36808389648888495, 2.453169520634126E-11, 2.1027843719923414E-11
240, Flight20, LOWRISK1, 1.4174231827869164E-11, 1.2756029356305298E-10, 9.567584269147237E-11, 0.579032614460089, 0.10801163690684501, 0.2543007212892635, 0.058655026725701415, 3.827209429223655E-10
240, Flight20, LOWRISK2, 2.834824506977428E-11, 2.5511630215188633E-10, 1.9134909328280437E-10, 0.6058779185479827, 0.0930762505492114, 0.22745541326972948, 0.07359041639483185, 7.654611918135812E-10
240, Flight20, LOWRISK3, 9.44965467919306E-11, 8.5040631630292E-10, 6.378288039054884E-10, 0.5249690291969549, 0.22696509699892145, 0.14169763893663576, 0.10636823073580094, 2.5509855346371E-9
240, Flight20, LOWRISK4, 0.846368656959571, 0.04934863397892414, 2.191452136548119E-9, 0.05276429630856035, 3.645736123668489E-10, 0.05151840952189583, 3.6457334760450495E-10, 3.1247981865436777E-10
240, Flight21, SELECTEE, 7.08517781347029E-11, 6.390491253524511E-10, 4.786117241081238E-10, 0.051645407846109354, 0.9231746487624644, 0.010854589932551506, 0.014325350357019286, 1.9153730197928065E-9
240, Flight21, UNKNOWN, 0.1636358529999828, 0.027277322489584272, 2.5095229442540657E-10, 0.44990951361259385, 4.1824519520259164E-11, 0.3591773105294175, 4.182449988686759E-11, 3.585072758884497E-11
240, Flight21, LOWRISK1, 3.3993526263265475E-10, 3.0604730617314713E-9, 4.1369921733469696E-10, 0.6491414539493101, 8.41112353172346E-11, 0.35085854199885447, 8.41110133715949E-11, 7.153587556060409E-11
240, Flight21, LOWRISK2, 3.642831882792471E-11, 3.2774058429690963E-10, 2.2612317804703918E-10, 0.6766200345971, 4.69655125505479E-10, 0.32337996358972165, 4.696914553722037E-10, 2.8557008894216784E-10
240, Flight21, LOWRISK3, 5.673037856565489E-10, 5.1030800625412105E-9, 3.827181424106124E-9, 0.5862100692830046, 0.12018579698654308, 0.22628991739184537, 0.06731419152451865, 1.5318553393744466E-8
240, Flight21, LOWRISK4, 0.9999999844671567, 4.569232500100158E-9, 1.8343580516518241E-9, 3.936278986653046E-9, 4.377825561681697E-10, 3.936409727161283E-9, 4.377827254018519E-10, 3.830289776651755E-10
240, Flight22, SELECTEE, 5.667098608444377E-10, 5.109868840649225E-9, 3.827441083236258E-9, 0.317001974277627, 0.5134577221853333, 0.08299800741924977, 0.08654227131380623, 1.5301994271921186E-8
240, Flight22, UNKNOWN, 0.46502957861713207, 0.014733791909330121, 1.331143398239691E-10, 0.25799965248641527, 2.2185159031311992E-11, 0.2622369767926518, 2.2185158813237872E-11, 1.9016455116002357E-11
240, Flight22, LOWRISK1, 0.19399264798642674, 0.05406617787587739, 5.669578247840766E-10, 0.4169937956995558, 9.449220371495922E-11, 0.33494737760323207, 9.44921412269288E-11, 8.099590132454463E-11
240, Flight22, LOWRISK2, 0.18246331775738434, 0.15783013482850008, 3.0612631759374777E-9, 0.3785547271509563, 5.102499534665789E-10, 0.28115181574605874, 5.102466392170613E-10, 4.373712051925276E-10
240, Flight22, LOWRISK3, 0.10981070623591944, 0.21170364414702508, 1.532420972158297E-8, 0.40770986572720413, 2.550709204540587E-9, 0.27077576127990893, 2.5506038763298792E-9, 2.1864498946892755E-9
240, Flight22, LOWRISK4, 0.9999999944005408, 1.1538761521973664E-9, 1.002741845004019E-9, 1.0027417806613752E-9, 4.896035821979725E-10, 1.0027471003257853E-9, 4.896047668895048E-10, 4.6017420762594073E-10
240, Flight23, SELECTEE, 2.5371331626765565E-12, 6.240380476902053E-12, 6.227689272648885E-12, 1.7745649479841882E-11, 0.9999999938505372, 7.633084936420038E-12, 1.3424502782431012E-11, 6.097684503238867E-9
240, Flight23, UNKNOWN, 0.1081231997033054, 0.02689120218733888, 2.5095197810586996E-10, 0.5009945409397346, 4.1824550421817607E-11, 0.36399105680119964, 4.18245218330247E-11, 3.585075386372733E-11
240, Flight23, LOWRISK1, 1.7180956884705992E-11, 1.5461893539981267E-10, 1.1597096677088898E-10, 0.5789204527553603, 0.11239329230589239, 0.2544128828962764, 0.05427337129283953, 4.638907191497602E-10
240, Flight23, LOWRISK2, 3.335099032207201E-11, 3.001368532056944E-10, 2.2511663294115516E-10, 0.6057337633251001, 0.09414634013715492, 0.22759956833002903, 0.07252032675062155, 9.005202603914898E-10
240, Flight23, LOWRISK3, 5.669871023938983E-10, 5.102431668644484E-9, 3.82620045716294E-9, 0.5117442471570778, 0.23747328590447042, 0.15492240562246753, 0.09586003651913759, 1.5303257755741166E-8
240, Flight23, LOWRISK4, 0.8462500424602898, 0.05041616355113113, 3.0715469966182918E-9, 0.05211392049866722, 5.10435449829813E-10, 0.05121986896203617, 5.104347511116675E-10, 4.374888927677005E-10
240, Flight24, SELECTEE, 8.09937797604034E-11, 7.288738505611267E-10, 5.466837881579175E-10, 0.48258233330323136, 0.2660417790319744, 0.14241766422824828, 0.10895821989503934, 2.1869854747336995E-9
240, Flight24, UNKNOWN, 0.6646892142781288, 0.01779707081672063, 1.720002205418027E-10, 0.15670550305755493, 2.8666158195592987E-11, 0.16080821159572162, 2.8666159234537827E-11, 2.4571773939004453E-11
240, Flight24, LOWRISK1, 0.32902019872938126, 0.03881822399357397, 3.5599942646162063E-10, 0.33076584127271735, 5.933229669387477E-11, 0.3013957354808358, 5.933228931007072E-11, 5.085787426692618E-11
240, Flight24, LOWRISK2, 0.3223727885553899, 0.09864489885507244, 1.3915627936814082E-9, 0.303560730298704, 2.3193329430107712E-10, 0.2754215802386287, 2.3193303375972818E-10, 1.988062939679211E-10
240, Flight24, LOWRISK3, 0.23006876793576228, 0.17938110497578943, 3.826481359846182E-9, 0.31279638739731247, 6.377945073703297E-10, 0.2777537340443976, 6.377929815657691E-10, 5.466997672299965E-10
240, Flight24, LOWRISK4, 0.9999999962676472, 7.692682627157624E-10, 6.685067253310773E-10, 6.68505793907608E-10, 3.2640434887844403E-10, 6.685084595078623E-10, 3.2640495543365205E-10, 3.0678440513385217E-10
240, Flight25, SELECTEE, 5.303172626149596E-10, 4.772813351657059E-9, 2.939416233161907E-9, 0.6436871194465354, 2.7398544814097076E-9, 0.3563128648158013, 2.7394821156015536E-9, 2.0178103538497964E-9
240, Flight25, UNKNOWN, 0.9999999998701056, 2.838572931493185E-11, 2.350556925561222E-11, 2.463731793917985E-11, 1.0502821211443924E-11, 2.4637314583561516E-11, 1.0502822038973109E-11, 9.75352700766963E-12
240, Flight25, LOWRISK1, 0.5514248918839905, 0.037175989851515066, 4.1372208035715416E-10, 0.20665034671907112, 6.895343158708543E-11, 0.20474877093671995, 6.89534351863912E-11, 5.910483017976972E-11
240, Flight25, LOWRISK2, 0.5486330382807388, 0.06230265065460901, 1.1774631471940807E-9, 0.1927023151570882, 1.962498496107177E-10, 0.19636199417141215, 1.9624982705984737E-10, 1.6821950461215976E-10
240, Flight25, LOWRISK3, 0.4288912845653833, 0.1399784607744331, 5.101610655192356E-9, 0.22038905743847687, 8.503395252734766E-10, 0.21074118969255834, 8.503394462086269E-10, 7.288889228877319E-10
240, Flight25, LOWRISK4, 0.9999999987570919, 2.5646138058691903E-10, 2.2286444966085974E-10, 2.2286431307064068E-10, 1.0880821526357851E-10, 2.2286462991329631E-10, 1.0880828848809412E-10, 1.0226741012025102E-10
240, Flight26, SELECTEE, 0.6550370605885126, 0.1046664506402295, 5.103348746269752E-9, 0.11958510445470531, 8.502837087824226E-10, 0.12071137678591955, 8.502832652850258E-10, 7.28835971616123E-10
240, Flight26, UNKNOWN, 0.9999999999261258, 1.5648255303839717E-11, 1.3592191797656108E-11, 1.3592191807923836E-11, 6.626171288607213E-12, 1.3592192843856808E-11, 6.626171849735498E-12, 6.2273050579587845E-12
240, Flight26, LOWRISK1, 0.9999999995869847, 8.552204260746038E-11, 7.431451381869302E-11, 7.431449921048988E-11, 3.62756789487736E-11, 7.431453495732123E-11, 3.6275687228620586E-11, 3.4094678337144595E-11
240, Flight26, LOWRISK2, 0.999999999535131, 9.620530599909977E-11, 8.359856242803351E-11, 8.359854734629514E-11, 4.0808884829133374E-11, 8.359859098123162E-11, 4.08088948909603E-11, 3.835540674615357E-11
240, Flight26, LOWRISK3, 0.9999999987571896, 2.564581178589496E-10, 2.2286211411107046E-10, 2.2286197660464638E-10, 1.0880764449194169E-10, 2.228622999141045E-10, 1.0880771893872776E-10, 1.0226692029336687E-10
240, Flight26, LOWRISK4, 0.9999999944007826, 1.1538434672463393E-9, 1.0027151137416354E-9, 1.0027073728952225E-9, 4.895938244101269E-10, 1.0027162130546476E-9, 4.895958901583451E-10, 4.6016529709456173E-10
240, Flight27, SELECTEE, 2.6919094920230297E-10, 2.42214089968364E-9, 1.4834135232667936E-9, 0.6488957852315, 1.347127006072464E-9, 0.35110420690513594, 1.347099846798759E-9, 9.96422179010957E-10
240, Flight27, UNKNOWN, 0.999999999855602, 3.13534074981904E-11, 2.611323313600097E-11, 2.721652726581082E-11, 1.1785068625130864E-11, 2.7216528537042802E-11, 1.1785069015068102E-11, 1.0958473122586484E-11
240, Flight27, LOWRISK1, 0.5511735831873432, 0.039437768037452504, 4.937939836526027E-10, 0.20444906522674838, 8.229912777361624E-11, 0.20493958282154973, 8.229913239158032E-11, 7.054436697744266E-11
240, Flight27, LOWRISK2, 0.5486330382807388, 0.06230265065460901, 1.1774631471940807E-9, 0.1927023151570882, 1.962498496107177E-10, 0.19636199417141215, 1.9624982705984737E-10, 1.6821950461215976E-10
240, Flight27, LOWRISK3, 0.42838678151092563, 0.14451899093741385, 2.5509593834238997E-9, 0.21392251276260724, 4.2519419562240893E-10, 0.21317171102527155, 4.251942306472883E-10, 3.644643232924866E-10
240, Flight27, LOWRISK4, 0.9999999977613142, 4.6158429722405414E-10, 4.011214804492761E-10, 4.0112094194016346E-10, 1.9584655153562375E-10, 4.0112202316803325E-10, 1.9584679827395865E-10, 1.8407409847379196E-10
240, Flight28, SELECTEE, 5.63006326850467E-10, 5.871312945752313E-9, 3.8543614954111986E-9, 0.05208196616519026, 0.9222089520667537, 0.010418014334860936, 0.015291041809068309, 1.533747633611546E-8
240, Flight28, UNKNOWN, 0.16519088916643426, 0.013281997142279952, 1.0705030739808178E-10, 0.45635674472182486, 1.7841233499019265E-11, 0.36517036881346565, 1.784123012640006E-11, 1.5292971899877557E-11
240, Flight28, LOWRISK1, 3.371186075628092E-10, 3.0378343727660947E-9, 5.095697937136517E-10, 0.6505467864435804, 1.0940538137509506E-10, 0.34945320936229307, 1.0940495112135126E-10, 9.282399164434908E-11
240, Flight28, LOWRISK2, 1.5435616151887719E-10, 1.3890583643712789E-9, 8.99422064126588E-10, 0.6636991514901627, 1.0963558056031205E-9, 0.33630084310947317, 1.0963151633279988E-9, 7.668870603763119E-10
240, Flight28, LOWRISK3, 1.4176889022320658E-10, 1.2757703119799368E-9, 9.568480980752248E-10, 0.6079531873461727, 0.10943971205098266, 0.2045468131515656, 0.07806028125451982, 3.8244023605083644E-9
240, Flight28, LOWRISK4, 0.9999999844671567, 4.569232500100158E-9, 1.8343580516518241E-9, 3.936278986653046E-9, 4.377825561681697E-10, 3.936409727161283E-9, 4.377827254018519E-10, 3.830289776651755E-10
240, Flight29, SELECTEE, 8.09884132522485E-11, 7.288975217258023E-10, 5.46642360093909E-10, 0.20293346385888542, 0.6921845281875845, 0.04706653362011423, 0.05781547079139137, 2.1875264391914058E-9
240, Flight29, UNKNOWN, 0.3320715904162016, 0.011355685812935614, 1.0557372773123148E-10, 0.34214182490690154, 1.7595138154380153E-11, 0.3144308987101455, 1.7595137237901322E-11, 1.508202637654725E-11
240, Flight29, LOWRISK1, 0.10715490446513831, 0.035605868036108074, 3.8269976350719404E-10, 0.5134907694761708, 6.378238434810669E-11, 0.343748457459676, 6.378233174686642E-11, 5.46723593406865E-11
240, Flight29, LOWRISK2, 0.09864252543621703, 0.11221726750257818, 1.7007680994419487E-9, 0.48503025576070263, 2.8347767589917797E-10, 0.3041099487918222, 2.8347597792175107E-10, 2.429885789277293E-10
240, Flight29, LOWRISK3, 0.03762136628412315, 0.16140770095463167, 1.5356623523394938E-8, 0.5206748438209393, 2.5512285088202153E-9, 0.2802960662967701, 2.5508461574804583E-9, 2.1868678292928065E-9
240, Flight29, LOWRISK4, 0.9999999887993272, 2.307655480360453E-9, 2.0054227501080318E-9, 2.0054256913025987E-9, 9.792007193728908E-10, 2.005448899016083E-9, 9.792056146366357E-10, 9.203440579225553E-10
240, Flight30, SELECTEE, 2.831646070890552E-10, 2.6904125414251356E-9, 1.9404446707116846E-9, 0.05205440386147779, 0.9220755042422821, 0.010445586763291553, 0.015424492514635017, 7.706321959547215E-9
240, Flight30, UNKNOWN, 0.16449004235156783, 0.019589618411986327, 1.682214297204171E-10, 0.4529947871924861, 2.8036220977467872E-11, 0.36292555179766434, 2.803621239118207E-11, 2.4031810335002278E-11
240, Flight30, LOWRISK1, 3.383377964365856E-10, 3.04795704363941E-9, 4.635400082148152E-10, 0.6501955174639069, 9.691418632731315E-11, 0.34980447841213663, 9.691386962215796E-11, 8.232405605313318E-11
240, Flight30, LOWRISK2, 3.859035927726652E-11, 3.4720888085088255E-10, 2.38888678735666E-10, 0.6749361572347466, 4.809111894071458E-10, 0.325063840885454, 4.809351330549001E-10, 2.9529568392270656E-10
240, Flight30, LOWRISK3, 1.8903900345403344E-10, 1.7010923087699325E-9, 1.27583093129381E-9, 0.6064963054824427, 0.11137679107427412, 0.206003693479334, 0.07612320170100015, 5.099017108178461E-9
240, Flight30, LOWRISK4, 0.999999984271632, 4.230385084525752E-9, 2.3109375347272307E-9, 3.6488042456836485E-9, 6.554447476235378E-10, 3.6485510101953978E-9, 6.554459655394004E-10, 5.808299024344475E-10