TimeWindow, Flight, RiskCategory, O17, O18, O19, O20, O21, O22, O23, O24
240, Flight1, SELECTEE, 5.072273652709994E-10, 3.4455636264183895E-9, 3.4454375021377826E-9, 0.46934108645676026, 0.14390874316772545, 0.1556588992504336, 0.08658633114337086, 0.14450493261079952
240, Flight1, UNKNOWN, 0.3333333321112237, 2.1944468941254202E-9, 2.1946073777939036E-9, 0.3455467623893888, 3.1989384835966487E-10, 0.3211199001771379, 3.203196408363738E-10, 3.2030011652678176E-10
240, Flight1, LOWRISK1, 0.08333333193487863, 3.711505049140622E-9, 3.711331141918002E-9, 0.551653648118242, 5.476628978462657E-10, 0.36501301090904975, 5.467161734155752E-10, 5.479325242242514E-10
240, Flight1, LOWRISK2, 5.715804368946812E-10, 2.7229208584271045E-9, 2.7223709149963877E-9, 0.6704115014705948, 5.135025240381013E-9, 0.32958847714383877, 5.125377071543765E-9, 5.1356103217407065E-9
240, Flight1, LOWRISK3, 7.671297358769432E-9, 4.317813528559401E-8, 4.317829278029094E-8, 0.6064577358140035, 4.211545642159416E-8, 0.3935420456943987, 4.025840432168842E-8, 4.211732966689521E-8
240, Flight1, LOWRISK4, 0.9999999856121341, 2.6871991073098283E-9, 2.68713482878867E-9, 2.736726547205301E-9, 1.187490479963055E-9, 2.740326043671991E-9, 1.188805360347528E-9, 1.187501881174317E-9
240, Flight2, SELECTEE, 0.16666666038097572, 2.7305848361210938E-8, 2.7303538880512612E-8, 0.4495620112163495, 4.0160171145734325E-9, 0.38377126178110166, 4.007078716308311E-9, 4.016408443240401E-9
240, Flight2, UNKNOWN, 0.9999999975732188, 4.5950917158993256E-10, 4.5949875246439907E-10, 4.836134825324511E-10, 1.8916431561840378E-10, 4.838400256559914E-10, 1.8928643898637108E-10, 1.891873918459464E-10
240, Flight2, LOWRISK1, 0.4999999978843192, 4.251690666825582E-9, 4.2519214311539284E-9, 0.2591607612367727, 6.218771060920221E-10, 0.24083923053689027, 6.219066531607909E-10, 6.219403848875751E-10
240, Flight2, LOWRISK2, 0.333333328128956, 5.768945459652968E-9, 5.768426054962122E-9, 0.37718453328435847, 8.578883635184948E-10, 0.2894821245038556, 8.570302042141729E-10, 8.578581311689388E-10
240, Flight2, LOWRISK3, 0.33333329391212213, 1.0763518534703226E-7, 1.0767084336808846E-7, 0.33549639177472124, 1.897868992297276E-8, 0.3311700421904608, 1.8886893798090118E-8, 1.89784016559787E-8
240, Flight2, LOWRISK4, 0.9999999887407526, 2.0960546027420494E-9, 2.0960039245667375E-9, 2.0930139092722707E-9, 9.680023546236306E-10, 2.0963128541380354E-9, 9.692280918018723E-10, 9.67950147611412E-10
240, Flight3, SELECTEE, 0.1666666622133178, 1.9664900310259075E-8, 1.9662182519112572E-8, 0.4510985024116012, 2.8870567569360566E-9, 0.38223478741907435, 2.8817843295520006E-9, 2.887400871454619E-9
240, Flight3, UNKNOWN, 0.9999999984221046, 2.948504446112893E-10, 2.9597535655220704E-10, 3.6512828157251656E-10, 9.473228839112485E-11, 3.650439653216711E-10, 9.472588750686186E-11, 9.475708072249011E-11
240, Flight3, LOWRISK1, 0.4999999982978878, 2.8487892837422666E-9, 2.8482032910624454E-9, 0.2572777073198159, 4.196412894799792E-10, 0.24272228745365096, 4.196728807612366E-10, 4.196566565067649E-10
240, Flight3, LOWRISK2, 0.33333332788428705, 6.635964918883441E-9, 6.635680634779024E-9, 0.3656457337535393, 9.660079165122427E-10, 0.30102092222004856, 9.657900549554929E-10, 9.659998826369503E-10
240, Flight3, LOWRISK3, 0.33333329391212213, 1.0763518534703226E-7, 1.0767084336808846E-7, 0.33549639177472124, 1.897868992297276E-8, 0.3311700421904608, 1.8886893798090118E-8, 1.89784016559787E-8
240, Flight3, LOWRISK4, 0.999999974955682, 4.656354809745749E-9, 4.656240159954427E-9, 4.651804203546277E-9, 2.1486627454073124E-9, 4.658291633862202E-9, 2.1516898462393176E-9, 2.1485929838700116E-9
240, Flight4, SELECTEE, 1.0970114071722832E-11, 2.6337853324684722E-11, 2.6337101525074352E-11, 7.426413362456847E-11, 0.5042145474407747, 3.200083115277138E-11, 5.448090371352626E-11, 0.4957854523621526
240, Flight4, UNKNOWN, 4.14895654167131E-11, 2.805375627000361E-10, 2.806300807466226E-10, 0.5759511727007239, 0.055890368711826136, 0.25738215807435627, 0.05285942863654808, 0.057916871301206554
240, Flight4, LOWRISK1, 1.101850800764488E-10, 7.508259206295072E-10, 7.508733239577138E-10, 0.26997002915166857, 0.3038277385798341, 0.06336329995777061, 0.07260646795207723, 0.2902324627740834
240, Flight4, LOWRISK2, 4.074155264567095E-10, 2.7285409494084687E-9, 2.7286762309832246E-9, 0.13692129685840426, 0.4033331367661261, 0.029745354184291143, 0.03460815917816261, 0.39539204717570137
240, Flight4, LOWRISK3, 3.782481715413059E-9, 2.3615812376411397E-8, 2.3617282877603312E-8, 0.1384015914100383, 0.40087608366114813, 0.028264959384906113, 0.03236853305258903, 0.40008878150305976
240, Flight4, LOWRISK4, 0.25925936962392426, 1.7025586035113814E-8, 1.702596481173937E-8, 0.4590749217075596, 2.494820714337091E-9, 0.28166566715980634, 2.494841321588129E-9, 2.494814918475163E-9
240, Flight5, SELECTEE, 7.528042276914045E-10, 5.126478323289166E-9, 5.126331326808929E-9, 0.4691839679309739, 0.14418526232829662, 0.1558160105083875, 0.08620742655471782, 0.1446073216993286
240, Flight5, UNKNOWN, 0.33333333236388424, 1.142763786588328E-9, 1.1471209329569662E-9, 0.35522990201108134, 1.6563021579742843E-10, 0.3114367628653393, 1.6574174702460293E-10, 1.657567698660925E-10
240, Flight5, LOWRISK1, 0.08333333210200321, 3.0146533140039895E-9, 3.01479142231508E-9, 0.549769599858605, 4.4316212335976304E-10, 0.36689706070798056, 4.42693217281076E-10, 4.4342944610792416E-10
240, Flight5, LOWRISK2, 6.228087289886233E-10, 3.1701505274489844E-9, 3.1697594617707113E-9, 0.669688228993168, 5.437456980429178E-9, 0.3303117477721427, 5.423647422432168E-9, 5.438184400411394E-9
240, Flight5, LOWRISK3, 2.1088712442142827E-9, 3.9952432970743906E-9, 3.999158134956208E-9, 0.6166203662895715, 1.289396233893678E-8, 0.3833795849064169, 1.2939952466904952E-8, 1.289414240236014E-8
240, Flight5, LOWRISK4, 0.9999999762610998, 4.404869758593939E-9, 4.404787319299525E-9, 4.364187666394323E-9, 2.074013565266875E-9, 4.368087363386931E-9, 2.076260046131023E-9, 2.07401277247081E-9
240, Flight6, SELECTEE, 1.8531246854821867E-9, 1.0301627542676508E-8, 1.0300991276679685E-8, 0.6402878037300115, 7.74757908694387E-9, 0.35971215067352036, 7.671985454379576E-9, 7.74847825262907E-9
240, Flight6, UNKNOWN, 0.5555555543023056, 1.320538326780672E-9, 1.3214307927817876E-9, 0.22146184814458625, 1.9330507878621345E-10, 0.22298259435818324, 1.9346426825192874E-10, 1.9350484856947762E-10
240, Flight6, LOWRISK1, 0.22222222064583724, 3.7063948034787113E-9, 3.7058674660413442E-9, 0.4276854553876771, 5.474169653794021E-10, 0.35009231493979737, 5.467632734937938E-10, 5.475641235303094E-10
240, Flight6, LOWRISK2, 0.11111110695810417, 6.708681128321961E-9, 6.7085295871191556E-9, 0.5310596338995458, 9.753864296981458E-10, 0.35782924282744527, 9.74169914141023E-10, 9.754560679030607E-10
240, Flight6, LOWRISK3, 0.11111108822671213, 6.44490265692259E-8, 6.445483416775007E-8, 0.49611886674354977, 9.916450900191567E-9, 0.3927698864762965, 9.844023308539842E-9, 9.916424878979488E-9
240, Flight6, LOWRISK4, 0.9999999855603674, 2.6865913342954834E-9, 2.686544742079239E-9, 2.6844001315367294E-9, 1.2400570190080575E-9, 2.6878704458533302E-9, 1.2414351478449611E-9, 1.2400520878441188E-9
240, Flight7, SELECTEE, 6.289759076428151E-10, 4.282431657663383E-9, 4.2824812318423874E-9, 0.1988675536575722, 0.3524843733237607, 0.05113242826454081, 0.050168254658234795, 0.34734738092932105
240, Flight7, UNKNOWN, 0.11111111029666977, 1.49374654132011E-9, 1.494632692011155E-9, 0.522064485328658, 2.1773798555802445E-10, 0.3668244007602227, 2.1786203822126248E-10, 2.177882952995245E-10
240, Flight7, LOWRISK1, 1.14443529994147E-10, 7.505343399793279E-10, 7.505364089884457E-10, 0.543706830739509, 0.09169745855967275, 0.20629316449614077, 0.06812215828749395, 0.09018038632898763
240, Flight7, LOWRISK2, 2.45488538994912E-10, 1.602915162403818E-9, 1.6029678850646728E-9, 0.39840311924720984, 0.21228053805788122, 0.10159686810667759, 0.07967049448564045, 0.20804897667853756
240, Flight7, LOWRISK3, 5.923443278543532E-10, 3.3282868354151847E-9, 3.328204626519359E-9, 0.3969057117699814, 0.22191863328396552, 0.1030942576507571, 0.05851082838891118, 0.2195705616848673
240, Flight7, LOWRISK4, 0.5555557215705373, 1.9235710093027694E-8, 1.923793010723458E-8, 0.23259683044829874, 2.8980043524356117E-9, 0.21184740084345063, 2.895546023760436E-9, 2.8978410666369665E-9
240, Flight8, SELECTEE, 1.9951920566704674E-9, 1.3081910405112048E-8, 1.308295598637165E-8, 0.11369703035316601, 0.4149237428139827, 0.029160055478626982, 0.03182767658396927, 0.41039146663751475
240, Flight8, UNKNOWN, 0.04761904696575336, 1.1011113378911199E-9, 1.102278093138345E-9, 0.585535994054983, 1.6190746990298488E-10, 0.36684495631733505, 1.6190789832998003E-10, 1.620418396744553E-10
240, Flight8, LOWRISK1, 1.0128182460917351E-10, 6.99697414316462E-10, 6.998276709529337E-10, 0.44063878606722734, 0.1766719038264804, 0.13078978108054456, 0.08567863408739401, 0.16622089346486502
240, Flight8, LOWRISK2, 2.0447826431706762E-10, 1.3705719386398023E-9, 1.3706738980212876E-9, 0.2881163172724935, 0.29606479795332735, 0.06902652908891131, 0.06445821256320543, 0.28233414020365644
240, Flight8, LOWRISK3, 7.080550011763318E-10, 4.4216526993315876E-9, 4.421593448597942E-9, 0.29468254585398096, 0.29019598122475254, 0.06246027831962869, 0.06539302492440073, 0.28726816015325407
240, Flight8, LOWRISK4, 0.4285715707458551, 1.9264759189175154E-8, 1.9266239194874172E-8, 0.31681840739291545, 2.8637138593407967E-9, 0.2546099747677499, 2.8624339298289903E-9, 2.863651589682205E-9
240, Flight9, SELECTEE, 8.731153201849668E-10, 5.93764481206501E-9, 5.937739164198485E-9, 0.19828666281379406, 0.35184615616262693, 0.051713311937316375, 0.05011961406061428, 0.34803424230446733
240, Flight9, UNKNOWN, 0.11111111005905265, 2.4947740253416997E-9, 2.49474266280667E-9, 0.5166857087599025, 3.6634844188448867E-10, 0.3722031751197154, 3.6626782015055543E-10, 3.6651493230152443E-10
240, Flight9, LOWRISK1, 1.0240073515857772E-10, 6.71630046450529E-10, 6.716006634237135E-10, 0.5426220947878, 0.09328452902904728, 0.20737790079251692, 0.0662540218430617, 0.09046145212926092
240, Flight9, LOWRISK2, 5.791013137353387E-10, 3.863909548048467E-9, 3.863955315683668E-9, 0.3989324045193527, 0.2119056761620362, 0.10106757300033004, 0.07844336533203236, 0.20965097270660077
240, Flight9, LOWRISK3, 6.818289718079948E-10, 3.8144276192309145E-9, 3.814379222427282E-9, 0.39905015823223594, 0.21975989208347851, 0.10094980883976719, 0.06360517606642253, 0.21663495649477824
240, Flight9, LOWRISK4, 0.5555557066449536, 7.996582344829225E-8, 8.010364850361793E-8, 0.23660537024235134, 1.5895682445651546E-8, 0.20783871534258874, 1.593581796013172E-8, 1.589645219405673E-8
240, Flight10, SELECTEE, 1.186459304194962E-9, 6.520691733720381E-9, 6.520240400936561E-9, 0.6396205062700281, 4.828370045423995E-9, 0.3603794650830619, 4.789473360275543E-9, 4.8289932542391535E-9
240, Flight10, UNKNOWN, 0.555555554152402, 1.969938271728452E-9, 1.970457057547271E-9, 0.2208569020878238, 2.883714321549366E-10, 0.2235875389810454, 2.8865410752295496E-10, 2.8862637632180897E-10
240, Flight10, LOWRISK1, 0.22222222079723444, 3.07300732179286E-9, 3.0729133344312206E-9, 0.42987944698578395, 4.5162722298992E-10, 0.3478983247435528, 4.514351261296671E-10, 4.517640408450221E-10
240, Flight10, LOWRISK2, 0.11111110687367086, 7.023875921139495E-9, 7.023705050108804E-9, 0.5316673653707604, 1.0250799904974556E-9, 0.3572215106614017, 1.0236713964954153E-9, 1.0251529049977465E-9
240, Flight10, LOWRISK3, 0.11111107714518077, 1.0932625615786402E-7, 1.0937380540668597E-7, 0.4911987232262599, 1.913173322667247E-8, 0.3976899237298547, 1.8962396598034422E-8, 1.9131831340987424E-8
240, Flight10, LOWRISK4, 0.9999999503849953, 9.222453151996069E-9, 9.22233433620104E-9, 9.230781008354744E-9, 4.24404932917134E-9, 9.230833488576955E-9, 4.247844644944533E-9, 4.2440268866481735E-9
240, Flight11, SELECTEE, 1.1005108592010126E-11, 2.6293697170710713E-11, 2.6293396650966136E-11, 7.3427258453944E-11, 0.5015089092106962, 3.1853542857952986E-11, 5.456655889593961E-11, 0.4984910905931835
240, Flight11, UNKNOWN, 7.167260442290864E-11, 4.921235706512578E-10, 4.922381087982059E-10, 0.5696763627121706, 0.05822939587703322, 0.2636569671544697, 0.05099516852687492, 0.05744210470073564
240, Flight11, LOWRISK1, 9.425173928783059E-11, 6.454645874842384E-10, 6.454927200292704E-10, 0.27064101389197054, 0.3031418660282645, 0.06269231567573004, 0.07428013611079289, 0.28924466693535145
240, Flight11, LOWRISK2, 2.0729740143371413E-10, 1.4058184757043027E-9, 1.4059744075500005E-9, 0.13655732097218257, 0.4087166426970494, 0.030109335867335565, 0.033965504927967904, 0.39065119254369246
240, Flight11, LOWRISK3, 6.549821263069527E-10, 4.241471790213281E-9, 4.241554564326141E-9, 0.13930764283517832, 0.4028688991144409, 0.02735899488205027, 0.0328131523696823, 0.3976513016879581
240, Flight11, LOWRISK4, 0.2592593669681268, 2.7143541461873574E-8, 2.7145562848972606E-8, 0.4408827648764747, 4.007078268476609E-9, 0.2998578018813044, 3.998183359349098E-9, 4.007046248484276E-9
240, Flight12, SELECTEE, 7.408427480820357E-10, 5.034156704991855E-9, 5.034230955110773E-9, 0.3195031506822774, 0.26289117260978456, 0.08049682805032671, 0.07534322340997297, 0.261765614465726
240, Flight12, UNKNOWN, 0.19999999895989926, 2.043011971916654E-9, 2.0435435533815247E-9, 0.43870853658821685, 2.979269470438868E-10, 0.3612914594985676, 2.9801832304096546E-10, 2.98133919293436E-10
240, Flight12, LOWRISK1, 3.003962713927878E-10, 1.7229534830936689E-9, 1.7227531223155893E-9, 0.6516077569605562, 1.940149339576153E-9, 0.348392233507004, 1.9328229665620357E-9, 1.9406830182914268E-9
240, Flight12, LOWRISK2, 3.3222150169047286E-10, 2.10402147980778E-9, 2.104099496602151E-9, 0.5318029083761079, 0.11993756821908298, 0.16819707560775682, 0.06246619913481072, 0.11759624414921745
240, Flight12, LOWRISK3, 2.26109302182474E-9, 1.481115083632296E-8, 1.4811039548496332E-8, 0.5337856181241137, 0.11869457981111133, 0.1662142980647246, 0.06286521569603487, 0.1184402564480502
240, Flight12, LOWRISK4, 0.7333335355661362, 1.9317125088009172E-8, 1.932446950813213E-8, 0.13570744009653218, 2.717183107961197E-9, 0.13095897757115818, 2.71754429109949E-9, 2.7171697453178434E-9
240, Flight13, SELECTEE, 4.707421318278202E-10, 3.180063888268465E-9, 3.18016029810476E-9, 0.05021254638035281, 0.4693793213462229, 0.012287440158886182, 0.014337967288550676, 0.4537827180223392
240, Flight13, UNKNOWN, 1.2076897284910572E-10, 7.488029522390527E-10, 7.488871699316873E-10, 0.6345944043637214, 1.0746659992491435E-9, 0.36540559082609053, 1.0694663229705757E-9, 1.0749148199004121E-9
240, Flight13, LOWRISK1, 9.35959058741009E-11, 6.492857464268011E-10, 6.493627347282206E-10, 0.350251823067255, 0.2622181641636203, 0.08724817302329603, 0.08335342791035649, 0.2169284104705461
240, Flight13, LOWRISK2, 5.603290953012773E-10, 3.762923171770401E-9, 3.763053475680973E-9, 0.20436646740646716, 0.3526766999518511, 0.04563351200332294, 0.04957338776986374, 0.34774992480950745
240, Flight13, LOWRISK3, 9.193684040217609E-10, 5.93200478198755E-9, 5.932062479712758E-9, 0.2074515199567814, 0.35312033345630706, 0.04254844229556003, 0.04689065111201288, 0.34998904042322126
240, Flight13, LOWRISK4, 0.333333455275203, 2.701750792439218E-8, 2.7019798045232246E-8, 0.380830309830886, 4.000411687869796E-9, 0.2858361688898349, 3.993319802177185E-9, 4.000356887751575E-9
240, Flight14, SELECTEE, 5.689615138809833E-10, 3.866397577115075E-9, 3.8662676973570535E-9, 0.469362469246987, 0.1439946223485376, 0.15563751463858538, 0.08647124938971588, 0.1445341361018657
240, Flight14, UNKNOWN, 0.33333333240181295, 9.93505049109961E-10, 9.988094479636584E-10, 0.3602391101817606, 1.4376946528275637E-10, 0.3064275550200216, 1.4382087805966064E-10, 1.4381841218318555E-10
240, Flight14, LOWRISK1, 0.08333333197838187, 3.52991051974679E-9, 3.5297991140825478E-9, 0.5510979794612918, 5.204353369178145E-10, 0.36556867996718323, 5.196109883865241E-10, 5.207054259590481E-10
240, Flight14, LOWRISK2, 5.54509705229541E-10, 2.5471195927858246E-9, 2.546438369332324E-9, 0.6710264651643291, 5.024495620303664E-9, 0.32897351414906656, 5.01642761861388E-9, 5.024931701141709E-9
240, Flight14, LOWRISK3, 1.9492593364397E-9, 6.209032509727719E-9, 6.209649299863466E-9, 0.6319453405329198, 1.4181247307249708E-8, 0.3680546025625159, 1.4202563351053718E-8, 1.4180130510805702E-8
240, Flight14, LOWRISK4, 0.9999999812329194, 3.4816620888176873E-9, 3.481592318459245E-9, 3.4401083850668467E-9, 1.6485293402502129E-9, 3.443705574849994E-9, 1.650269789523931E-9, 1.6485313626636566E-9
240, Flight15, SELECTEE, 5.434615360062557E-10, 3.7033447149802144E-9, 3.703385419556169E-9, 0.11367137992887516, 0.42205641757021056, 0.029185747298005237, 0.03159908488799136, 0.4034873623920443
240, Flight15, UNKNOWN, 0.04761904688214305, 1.4546773854141613E-9, 1.4555183964213926E-9, 0.5861146896788781, 2.1457475394480175E-10, 0.3662662599122344, 2.1466679367402272E-10, 2.1462536073141887E-10
240, Flight15, LOWRISK1, 1.677999927024297E-10, 1.1366709137224756E-9, 1.1367018091957158E-9, 0.4405552815444261, 0.17219811864321552, 0.130873283691684, 0.08721796774432904, 0.16915534596249077
240, Flight15, LOWRISK2, 3.0983691733316983E-10, 2.0797802743335916E-9, 2.0798724001553475E-9, 0.2889776653040782, 0.29229737024972674, 0.06816517797809923, 0.06521726881435563, 0.28534251321156884
240, Flight15, LOWRISK3, 1.1665022809469455E-9, 7.448063926355617E-9, 7.448061423127422E-9, 0.29327046376310395, 0.2911438416678641, 0.06387234710891102, 0.06246726172024888, 0.2892460697045627
240, Flight15, LOWRISK4, 0.4285715598881285, 6.2791279147529E-8, 6.280178897219777E-8, 0.31149108958118604, 9.586951267672047E-9, 0.25993719622624145, 9.564898445578713E-9, 9.586844454993244E-9
240, Flight16, SELECTEE, 6.377239741436239E-10, 4.3298138125518826E-9, 4.329879103977431E-9, 0.3198605196372368, 0.26289866639718473, 0.08013946214180513, 0.07550527686142391, 0.2615960656922508
240, Flight16, UNKNOWN, 0.19999999890677023, 2.2658473462938685E-9, 2.2661489870587533E-9, 0.4379498289604867, 3.3083638616883985E-10, 0.36205016663526945, 3.308975485400368E-10, 3.31061511577796E-10
240, Flight16, LOWRISK1, 1.7172478418327078E-10, 1.0492114440725195E-9, 1.0490257297907569E-9, 0.6483623287370097, 1.4102702929190629E-9, 0.3516376647915603, 1.4075820780296847E-9, 1.4109339973261116E-9
240, Flight16, LOWRISK2, 2.586290036758744E-10, 1.6313048409173807E-9, 1.631323288674439E-9, 0.5262638502048727, 0.12315728296733934, 0.17373613590493858, 0.06069835864185294, 0.1161443687870577
240, Flight16, LOWRISK3, 1.1987195056936544E-9, 7.324192455367965E-9, 7.32482638507108E-9, 0.5405625056677096, 0.11569169147139123, 0.1594374432619838, 0.06819371778188943, 0.11611462599660577
240, Flight16, LOWRISK4, 0.7333335277757048, 4.308829864274722E-8, 4.3092652969750785E-8, 0.13106847164230628, 6.306201057935802E-9, 0.13559789551076584, 6.3052796372809366E-9, 6.306108802731961E-9
240, Flight17, SELECTEE, 4.707421318278202E-10, 3.180063888268465E-9, 3.18016029810476E-9, 0.05021254638035281, 0.4693793213462229, 0.012287440158886182, 0.014337967288550676, 0.4537827180223392
240, Flight17, UNKNOWN, 6.665585850959359E-11, 4.2317390748192216E-10, 4.2348660554743115E-10, 0.638468498866671, 8.283562527517288E-10, 0.3615314977635915, 8.263293491458888E-10, 8.29053765425001E-10
240, Flight17, LOWRISK1, 1.1876136365807737E-10, 8.13663143588258E-10, 8.137358536826567E-10, 0.3488852208220221, 0.2455462868029431, 0.0886147745581451, 0.08347220732348473, 0.23348150877456267
240, Flight17, LOWRISK2, 5.603290953012773E-10, 3.762923171770401E-9, 3.763053475680973E-9, 0.20436646740646716, 0.3526766999518511, 0.04563351200332294, 0.04957338776986374, 0.34774992480950745
240, Flight17, LOWRISK3, 6.662903122178335E-10, 4.325809202287109E-9, 4.3258441287973865E-9, 0.2075955435650396, 0.35414683493680976, 0.04240442584697553, 0.04626688349921917, 0.3495863028613306
240, Flight17, LOWRISK4, 0.3333334536944551, 3.3392101779052466E-8, 3.3395434626207396E-8, 0.3794716521632727, 4.975394380644162E-9, 0.2871948124675293, 4.963807754605306E-9, 4.975322770586981E-9
240, Flight18, SELECTEE, 1.3458900838649033E-9, 7.421343724987492E-9, 7.4208554708388E-9, 0.6400544001327887, 5.525256940170365E-9, 0.35994556717737947, 5.4778511091333156E-9, 5.525952639931498E-9
240, Flight18, UNKNOWN, 0.555555554152402, 1.969938271728452E-9, 1.970457057547271E-9, 0.2208569020878238, 2.883714321549366E-10, 0.2235875389810454, 2.8865410752295496E-10, 2.8862637632180897E-10
240, Flight18, LOWRISK1, 0.2222222202857412, 5.197438048870875E-9, 5.197100505736908E-9, 0.4326854571532726, 7.620602222470299E-10, 0.3450923099079703, 7.615461822976613E-10, 7.62189057535409E-10
240, Flight18, LOWRISK2, 0.11111110718536023, 5.907038832810887E-9, 5.906882266271242E-9, 0.5314205798143214, 8.502349130619466E-10, 0.35746829866366076, 8.49534522995733E-10, 8.50285383722315E-10
240, Flight18, LOWRISK3, 0.11111109962224054, 1.7068546708451918E-8, 1.7068774543994552E-8, 0.5112255780702354, 2.5355796817214235E-9, 0.3776632805927561, 2.5336015451240723E-9, 2.5355839430191185E-9
240, Flight18, LOWRISK4, 0.9999999503849953, 9.222453151996069E-9, 9.22233433620104E-9, 9.230781008354744E-9, 4.24404932917134E-9, 9.230833488576955E-9, 4.247844644944533E-9, 4.2440268866481735E-9
240, Flight19, SELECTEE, 8.731153201849668E-10, 5.93764481206501E-9, 5.937739164198485E-9, 0.19828666281379406, 0.35184615616262693, 0.051713311937316375, 0.05011961406061428, 0.34803424230446733
240, Flight19, UNKNOWN, 0.11111111032680819, 1.3673321684726532E-9, 1.3683666444317922E-9, 0.5225842268143448, 1.9914599813597563E-10, 0.36630465955286917, 1.992554309736174E-10, 1.9919590162322109E-10
240, Flight19, LOWRISK1, 1.2926435307845681E-10, 8.492261538636188E-10, 8.492437842745738E-10, 0.5444160712544606, 0.09117051399065113, 0.20558392355213995, 0.06875087500380632, 0.09007861439852595
240, Flight19, LOWRISK2, 7.622203736383568E-10, 5.102406196886947E-9, 5.102459716727172E-9, 0.3980013366971527, 0.21207022556176355, 0.10199863543670938, 0.0775810394166883, 0.210348751947918
240, Flight19, LOWRISK3, 2.2329054842677453E-9, 1.4468564560616865E-8, 1.4468608820022949E-8, 0.39922870406135874, 0.2149265315360482, 0.10077121656109962, 0.07079452598961017, 0.21427899070912249
240, Flight19, LOWRISK4, 0.5555557167820413, 4.199262136307561E-8, 4.200077928352797E-8, 0.23314844460143638, 6.422952271579152E-9, 0.21129573538786683, 6.416779941707227E-9, 6.422841010530304E-9
240, Flight20, SELECTEE, 1.0970114071722832E-11, 2.6337853324684722E-11, 2.6337101525074352E-11, 7.426413362456847E-11, 0.5042145474407747, 3.200083115277138E-11, 5.448090371352626E-11, 0.4957854523621526
240, Flight20, UNKNOWN, 4.59627598931169E-11, 3.1296933247569493E-10, 3.132202469383239E-10, 0.5740762761121592, 0.05632791450786037, 0.2592570545243207, 0.05231438290606956, 0.05802437130475603
240, Flight20, LOWRISK1, 1.1570405599367216E-10, 7.876071998025573E-10, 7.876565532854277E-10, 0.26975687400846426, 0.3038585569886477, 0.0635764549411223, 0.07217772402246339, 0.2906303883756527
240, Flight20, LOWRISK2, 2.2780864453018002E-10, 1.5410104953112824E-9, 1.541161254229616E-9, 0.13664930410497997, 0.40736310203769943, 0.03001735214083685, 0.034129816239149534, 0.3918404221946719
240, Flight20, LOWRISK3, 7.566929528369914E-10, 4.898472647431678E-9, 4.898572013431301E-9, 0.13913058906858625, 0.40257447075940933, 0.027536045746225347, 0.03268588078528233, 0.39807300311407745
240, Flight20, LOWRISK4, 0.2592593688975526, 1.9584997861018532E-8, 1.95858931553069E-8, 0.44721779771951714, 2.862625754277965E-9, 0.29352278565418594, 2.8599319771457647E-9, 2.8626138628566345E-9
240, Flight21, SELECTEE, 5.258088959154755E-10, 3.5445146878460963E-9, 3.5446399319179396E-9, 0.05021862275407937, 0.46860754850343717, 0.012281362189206004, 0.0143405746464489, 0.45455188431918325
240, Flight21, UNKNOWN, 1.13783075670453E-10, 7.075617456554356E-10, 7.076745223840574E-10, 0.6351405028355221, 1.0432239520987608E-9, 0.3648594925375047, 1.0385633989230295E-9, 1.043484737042006E-9
240, Flight21, LOWRISK1, 1.449581206237276E-10, 9.879266851197358E-10, 9.879807734953487E-10, 0.3480517573248929, 0.24372978913008816, 0.08944823729808435, 0.08288266598851385, 0.2358875481648734
240, Flight21, LOWRISK2, 2.200114810523395E-10, 1.4889140806039233E-9, 1.4890704528025986E-9, 0.20385503243035083, 0.35655017645539344, 0.04614495690091073, 0.04890019206966999, 0.34454963897299734
240, Flight21, LOWRISK3, 3.9152672794063144E-9, 2.5586407200189106E-8, 2.5587373061991227E-8, 0.2070921630432499, 0.3520033514013805, 0.042907712752677615, 0.04665756441066006, 0.35133915333030263
240, Flight21, LOWRISK4, 0.333333455275203, 2.701750792439218E-8, 2.7019798045232246E-8, 0.380830309830886, 4.000411687869796E-9, 0.2858361688898349, 3.993319802177185E-9, 4.000356887751575E-9
240, Flight22, SELECTEE, 4.0763143053764925E-9, 2.6714390670255307E-8, 2.671555165765334E-8, 0.3153645678126977, 0.26335496945079806, 0.08463531549113656, 0.07347575721794668, 0.2631693325484825
240, Flight22, UNKNOWN, 0.19999999914973576, 1.2520939642415014E-9, 1.253998470440395E-9, 0.44494560766299335, 1.8160511806831676E-10, 0.35505439016353485, 1.816830396819714E-10, 1.8167370936895465E-10
240, Flight22, LOWRISK1, 3.003962713927878E-10, 1.7229534830936689E-9, 1.7227531223155893E-9, 0.6516077569605562, 1.940149339576153E-9, 0.348392233507004, 1.9328229665620357E-9, 1.9406830182914268E-9
240, Flight22, LOWRISK2, 9.349024631870536E-10, 6.1737384763297095E-9, 6.173699582018751E-9, 0.5345264344718583, 0.11511030318763826, 0.16547353172759485, 0.07026173659619472, 0.11462798076169145
240, Flight22, LOWRISK3, 4.261186792521045E-9, 2.8072707804946926E-8, 2.8072869700488793E-8, 0.5189030471948837, 0.12142704785470078, 0.1810968108479021, 0.057289130670668445, 0.12128390305239904
240, Flight22, LOWRISK4, 0.7333335205232028, 7.349091417081127E-8, 7.34974472671621E-8, 0.07762837365522415, 9.58673316551145E-9, 0.1890379301131954, 9.574095507331466E-9, 9.586505829380138E-9
240, Flight23, SELECTEE, 1.0991323286502363E-11, 2.6311625975064184E-11, 2.6311136598292946E-11, 7.376002630777367E-11, 0.5025608508904007, 3.1912593037387944E-11, 5.4532980829928486E-11, 0.49743914891309793
240, Flight23, UNKNOWN, 7.749633953554411E-11, 5.320399779332997E-10, 5.321199412560431E-10, 0.5691157711914366, 0.05842838133064459, 0.2642175585030154, 0.05081204300105512, 0.05742624485951019
240, Flight23, LOWRISK1, 1.4007078874445004E-10, 9.507447315828303E-10, 9.507916678123587E-10, 0.2689560360841061, 0.3036807762989752, 0.0643772921566126, 0.07074623962373386, 0.2922396538222832
240, Flight23, LOWRISK2, 2.6718984417543836E-10, 1.8011099816225997E-9, 1.8012523133951042E-9, 0.1367718360704328, 0.40581786248991547, 0.02989481903496471, 0.03433897575979185, 0.3931765028026611
240, Flight23, LOWRISK3, 3.782481715413059E-9, 2.3615812376411397E-8, 2.3617282877603312E-8, 0.1384015914100383, 0.40087608366114813, 0.028264959384906113, 0.03236853305258903, 0.40008878150305976
240, Flight23, LOWRISK4, 0.2592593669681268, 2.7143541461873574E-8, 2.7145562848972606E-8, 0.4408827648764747, 4.007078268476609E-9, 0.2998578018813044, 3.998183359349098E-9, 4.007046248484276E-9
240, Flight24, SELECTEE, 6.479812647108331E-10, 4.4068566158966825E-9, 4.4067203446347795E-9, 0.4693229760657089, 0.14408563624590554, 0.15567700548254865, 0.08634737039378769, 0.14456700237780917
240, Flight24, UNKNOWN, 0.3333333322488368, 1.6111309672623996E-9, 1.6123482090560668E-9, 0.34763348367822045, 2.343412147765106E-10, 0.31903318017302434, 2.3469796946450016E-10, 2.3471815917122486E-10
240, Flight24, LOWRISK1, 0.08333333203619735, 3.2888569048074273E-9, 3.288846924754202E-9, 0.5504174319606919, 4.842754798201099E-10, 0.3662492280002875, 4.836172225905101E-10, 4.845450960241119E-10
240, Flight24, LOWRISK2, 7.081991880300407E-10, 3.799377885404681E-9, 3.799055298076341E-9, 0.6694886403524372, 5.8900962078792256E-9, 0.33051133371574654, 5.8715668099264466E-9, 5.890839185089274E-9
240, Flight24, LOWRISK3, 2.2264927643001527E-9, 1.0198893657658362E-8, 1.0198463211085352E-8, 0.6322163989622686, 1.6865498434848602E-8, 0.3677835278251001, 1.688626568265671E-8, 1.686433589890723E-8
240, Flight24, LOWRISK4, 0.9999999681783223, 5.90509065304998E-9, 5.9049899078023644E-9, 5.862453823266967E-9, 2.769406559547554E-9, 5.865407007390325E-9, 2.7722449741686838E-9, 2.7694028578630636E-9
240, Flight25, SELECTEE, 4.498284043478519E-9, 2.4693974946296693E-8, 2.4694014998948605E-8, 0.6269407628330482, 1.9165373078581976E-8, 0.37305912620485043, 1.87709614684823E-8, 1.9166811237967075E-8
240, Flight25, UNKNOWN, 0.5555555543130158, 1.2756212973673883E-9, 1.2761532643289652E-9, 0.21914959581430246, 1.8682324657124941E-10, 0.225294846787394, 1.8698231446800487E-10, 1.8702564173366287E-10
240, Flight25, LOWRISK1, 0.22222222062287753, 3.801106945058117E-9, 3.800612499449782E-9, 0.43258143562471696, 5.612036754552434E-10, 0.3451963344947873, 5.606717171006946E-10, 5.613415354183272E-10
240, Flight25, LOWRISK2, 0.11111110598300694, 1.0649869968624266E-8, 1.0649359953573223E-8, 0.5362642918338466, 1.5721516216879567E-9, 0.35262457619762166, 1.5692471079198416E-9, 1.5722141230763267E-9
240, Flight25, LOWRISK3, 0.11111109303335062, 4.463660193333569E-8, 4.463884952482965E-8, 0.49977502099295334, 6.655615398674071E-9, 0.3891137767902107, 6.624112459854072E-9, 6.655624188322296E-9
240, Flight25, LOWRISK4, 0.9999999887244049, 2.0993034054146708E-9, 2.0992760849928243E-9, 2.096912282631776E-9, 9.68773260842103E-10, 2.1000134321912323E-9, 9.698614309776923E-10, 9.687733071563026E-10
240, Flight26, SELECTEE, 0.6666666557738902, 4.201141571419506E-8, 4.2015355194432304E-8, 0.16296119401158332, 6.430635053437989E-9, 0.17037204691748983, 6.4370668628846316E-9, 6.4310699121020955E-9
240, Flight26, UNKNOWN, 0.9999999993183268, 1.3169345407613694E-10, 1.3209642494694555E-10, 1.3205824332065145E-10, 6.035319549814479E-11, 1.3207419256301178E-10, 6.035283332142922E-11, 6.03631577589274E-11
240, Flight26, LOWRISK1, 0.999999996191758, 7.135105200570185E-10, 7.135604631834657E-10, 7.142722517648799E-10, 3.268424873068899E-10, 7.143870862725048E-10, 3.26997117831359E-10, 3.2687677963043565E-10
240, Flight26, LOWRISK2, 0.9999999901900727, 1.8060899975148292E-9, 1.806292769790857E-9, 2.247860694458271E-9, 5.766429381621643E-10, 2.2480314177172026E-9, 5.766753955876777E-10, 5.766555392948337E-10
240, Flight26, LOWRISK3, 0.9999999760443764, 4.4439581040090754E-9, 4.444025573018359E-9, 5.30745290719293E-9, 1.4915761763537236E-9, 5.312414949135658E-9, 1.4931431378115986E-9, 1.4915298938060504E-9
240, Flight26, LOWRISK4, 0.9999999505064023, 9.200010705300636E-9, 9.199946982658934E-9, 9.204935764958088E-9, 4.234994535850485E-9, 9.206809333927666E-9, 4.240504664056125E-9, 4.234912138211105E-9
240, Flight27, SELECTEE, 2.2948090830190267E-9, 1.280540195237591E-8, 1.2804665731403085E-8, 0.6392747213538715, 9.68205686254323E-9, 0.3607252218264327, 9.576988149318923E-9, 9.683092236311716E-9
240, Flight27, UNKNOWN, 0.5555555542717286, 1.4547307223247658E-9, 1.4564471362209817E-9, 0.2227210032899012, 2.1258500485521916E-10, 0.22172343891634, 2.127760810845636E-10, 2.1280939441539368E-10
240, Flight27, LOWRISK1, 0.22222222044933862, 4.526075260099759E-9, 4.525742461014077E-9, 0.43395329242287756, 6.652126894759933E-10, 0.3438244761079085, 6.648319143134192E-10, 6.653311780395591E-10
240, Flight27, LOWRISK2, 0.11111110598300694, 1.0649869968624266E-8, 1.0649359953573223E-8, 0.5362642918338466, 1.5721516216879567E-9, 0.35262457619762166, 1.5692471079198416E-9, 1.5722141230763267E-9
240, Flight27, LOWRISK3, 0.11111109856688096, 2.2137110695331577E-8, 2.2137258275014354E-8, 0.5329051714522196, 3.3587491329975494E-9, 0.3559836756609225, 3.3555122473917217E-9, 3.358664877898464E-9
240, Flight27, LOWRISK4, 0.9999999798731312, 3.742902420615262E-9, 3.742835700184068E-9, 3.740052136343379E-9, 1.727111059679176E-9, 3.745015343844357E-9, 1.7291707340470917E-9, 1.7270995706173657E-9
240, Flight28, SELECTEE, 2.668435949914424E-9, 1.5174348616255468E-8, 1.5176573715186327E-8, 0.05128716218779093, 0.4622539383588671, 0.011212766285852657, 0.014788599121764041, 0.4604575010536851
240, Flight28, UNKNOWN, 4.196029305511506E-11, 2.693286932761128E-10, 2.693114069770781E-10, 0.64179315278801, 7.131856622920066E-10, 0.3582068445195647, 7.119727475063199E-10, 7.139847395084698E-10
240, Flight28, LOWRISK1, 1.8528687094390547E-10, 1.2567666328747023E-9, 1.2567966208626057E-9, 0.34729048679840446, 0.24320601151038956, 0.09020950665421586, 0.08185670804060587, 0.23743728432485245
240, Flight28, LOWRISK2, 7.389110796163401E-10, 4.949589922285099E-9, 4.949742508058588E-9, 0.20418463547157084, 0.35205821925235853, 0.04581533874690532, 0.04957724080174993, 0.3483645551164903
240, Flight28, LOWRISK3, 1.131307786558405E-9, 7.298346239477367E-9, 7.2984305066790584E-9, 0.20734538839106567, 0.3529083053207858, 0.04265456780305985, 0.04672585526519749, 0.3503658675191249
240, Flight28, LOWRISK4, 0.333333455275203, 2.701750792439218E-8, 2.7019798045232246E-8, 0.380830309830886, 4.000411687869796E-9, 0.2858361688898349, 3.993319802177185E-9, 4.000356887751575E-9
240, Flight29, SELECTEE, 6.289759076428151E-10, 4.282431657663383E-9, 4.2824812318423874E-9, 0.1988675536575722, 0.3524843733237607, 0.05113242826454081, 0.050168254658234795, 0.34734738092932105
240, Flight29, UNKNOWN, 0.11111111041608224, 9.939671389500207E-10, 9.951754380470568E-10, 0.521813293186204, 1.4452270011406758E-10, 0.3670755940022603, 1.4453091783457493E-10, 1.4457560665121186E-10
240, Flight29, LOWRISK1, 1.2293859774659624E-10, 8.069072682632896E-10, 8.069209476914702E-10, 0.5441527384303491, 0.09131730849033547, 0.20584725656001604, 0.068577064281895, 0.09010563052795593
240, Flight29, LOWRISK2, 5.177260299394055E-10, 3.4474628225965524E-9, 3.4475068892302264E-9, 0.3993486267950151, 0.211815409683533, 0.10065135253397149, 0.07887697580671829, 0.20930762779538467
240, Flight29, LOWRISK3, 4.151560909346967E-9, 2.7350098569084057E-8, 2.7350335186865157E-8, 0.39466658914707065, 0.21659172556790962, 0.10533327519485501, 0.06715756333501727, 0.21625078793047103
240, Flight29, LOWRISK4, 0.5555557066449536, 7.996582344829225E-8, 8.010364850361793E-8, 0.23660537024235134, 1.5895682445651546E-8, 0.20783871534258874, 1.593581796013172E-8, 1.589645219405673E-8
240, Flight30, SELECTEE, 1.790350635007396E-9, 1.2350952058135615E-8, 1.2352293180796383E-8, 0.05066414716168637, 0.463297390470206, 0.01183579919087789, 0.0145045606097634, 0.4596980761011888
240, Flight30, UNKNOWN, 7.097034157747413E-11, 4.4972432914008385E-10, 4.500291561485209E-10, 0.638132672118248, 8.482873455716457E-10, 0.3618673243950637, 8.460794602335698E-10, 8.489158853328861E-10
240, Flight30, LOWRISK1, 1.6561643205804913E-10, 1.1254341930809675E-9, 1.1254744634819507E-9, 0.34759891789958103, 0.24334755607811717, 0.0899010761247504, 0.08232871299719949, 0.23682373451114483
240, Flight30, LOWRISK2, 2.3080979765106397E-10, 1.5603616229195885E-9, 1.560511296845561E-9, 0.20389442848527486, 0.3563289712946035, 0.04610556053390387, 0.048956409536082914, 0.3447146268257704
240, Flight30, LOWRISK3, 1.4741622943568524E-9, 9.524011275425137E-9, 9.52414566748242E-9, 0.20721027900718286, 0.35274968335904466, 0.04278966734051763, 0.04644325275780154, 0.3508070970404524
240, Flight30, LOWRISK4, 0.3333334511174968, 4.378791655756136E-8, 4.379304842735623E-8, 0.3780069323862571, 6.580735450394554E-9, 0.28865950922057976, 6.560642095216033E-9, 6.580642206254166E-9