TimeWindow, Flight, RiskCategory, O81, O82, O83, O84, O85, O86, O87, O88
240, Flight1, SELECTEE, 0.1413192854433122, 0.4455262292428018, 0.4131544852954971, 6.570062451752227E-12, 2.364357332445329E-12, 5.002283350792465E-12, 2.124726486343004E-12, 2.364354992111319E-12
240, Flight1, UNKNOWN, 0.9999999999997756, 6.315475068057537E-14, 6.315086127434469E-14, 3.742892826522465E-14, 2.154246982391122E-14, 3.405452646508778E-14, 2.0386786829558388E-14, 2.15427452488993E-14
240, Flight1, LOWRISK1, 0.9999999999991135, 2.2284268014249222E-13, 2.2284786898242953E-13, 1.325855430799319E-13, 7.611046499868953E-14, 1.2069904209704798E-13, 7.204547863124544E-14, 7.611059151560363E-14
240, Flight1, LOWRISK2, 0.9999999999971807, 6.88853795377085E-13, 6.88856481683115E-13, 4.1016952946160037E-13, 2.3567817642859314E-13, 3.735783203110906E-13, 2.2312770452298968E-13, 2.356781153062954E-13
240, Flight1, LOWRISK3, 0.9999999999952794, 1.1472923526064982E-12, 1.147293566830579E-12, 6.832990134455092E-13, 3.926960033057637E-13, 6.223932402470534E-13, 3.717942977905646E-13, 3.926958084978392E-13
240, Flight1, LOWRISK4, 0.9999999999943286, 1.3764934567134537E-12, 1.376494136095152E-12, 8.198592682760067E-13, 4.712031981023926E-13, 7.467954928893964E-13, 4.4612574959385716E-13, 4.712029459076573E-13
240, Flight2, SELECTEE, 0.4619789281634504, 0.2989385582983261, 0.2390825135329957, 1.8771479971078668E-12, 6.755252309273988E-13, 1.4292213624459312E-12, 6.070623999224749E-13, 6.755245528504979E-13
240, Flight2, UNKNOWN, 0.9999999999997918, 5.932844462274776E-14, 5.931917355219496E-14, 3.505544097877383E-14, 2.020271647858824E-14, 3.190463426799471E-14, 1.9120364951731048E-14, 2.0202989399755485E-14
240, Flight2, LOWRISK1, 0.9999999999992414, 1.9197092239079562E-13, 1.919762520680064E-13, 1.1420921013846074E-13, 6.555112785016023E-14, 1.0395858443103775E-13, 6.20477163323645E-14, 6.55512713928384E-14
240, Flight2, LOWRISK2, 0.9999999999985322, 3.6306994157881554E-13, 3.6307424187223363E-13, 2.1609286965192386E-13, 1.2410867843807126E-13, 1.9677463265220374E-13, 1.1749134923932502E-13, 1.241087378903152E-13
240, Flight2, LOWRISK3, 0.9999999999952794, 1.147293735620437E-12, 1.1472948639349609E-12, 6.832984484406787E-13, 3.926959226140224E-13, 6.223935782097788E-13, 3.7179439310584283E-13, 3.9269572527118053E-13
240, Flight2, LOWRISK4, 0.9999999999968641, 7.652755278450827E-13, 7.65277808795227E-13, 4.556951215895262E-13, 2.618492643005165E-13, 4.1505182015478434E-13, 2.4790698034280993E-13, 2.6184917615979226E-13
240, Flight3, SELECTEE, 6.040632738306753E-13, 0.27344468804427124, 0.24831435911519983, 1.2909557103919826E-10, 0.2510115192962325, 1.0760679137717844E-11, 1.1738834119234203E-11, 0.22722943339213422
240, Flight3, UNKNOWN, 0.9999999999998238, 5.184646234282614E-14, 5.1814017856928114E-14, 3.021293545161071E-14, 1.7498709332549076E-14, 2.753699705316094E-14, 1.656731964002265E-14, 1.749895478029436E-14
240, Flight3, LOWRISK1, 0.9999999999990828, 2.3025730590640544E-13, 2.3026266497248606E-13, 1.3699755694414118E-13, 7.864534810218499E-14, 1.2471844886633285E-13, 7.444558802242199E-14, 7.864547314914019E-14
240, Flight3, LOWRISK2, 0.9999999999967111, 1.0862399064971682E-12, 1.0861900884147629E-12, 3.6353744387627916E-13, 1.6576683984604876E-13, 3.056763998854064E-13, 1.525585136841781E-13, 1.657660048028724E-13
240, Flight3, LOWRISK3, 0.9999999999964616, 8.927802729339253E-13, 8.92779148921385E-13, 5.049998725588955E-13, 2.817670242418093E-13, 4.556020683011075E-13, 2.656974638693958E-13, 2.8176677056405805E-13
240, Flight3, LOWRISK4, 0.9999999999968641, 7.652743016661607E-13, 7.65276660938061E-13, 4.556955612119248E-13, 2.6184933393721386E-13, 4.150515428711012E-13, 2.479069092966288E-13, 2.6184924806820264E-13
240, Flight4, SELECTEE, 2.0134791567434672E-13, 0.22201342357822487, 0.17758956927577543, 4.30254602543843E-11, 0.34356696287846894, 3.587428176544914E-12, 3.916100374411353E-12, 0.2568300442168373
240, Flight4, UNKNOWN, 0.9999999999995428, 1.1925173537514195E-13, 1.192574843146636E-13, 7.094177785398199E-14, 4.0701197121033223E-14, 6.454648495496975E-14, 3.852002772861106E-14, 4.070139599436647E-14
240, Flight4, LOWRISK1, 0.8126528791904029, 0.11330335893404499, 0.07404376187443737, 4.106248549631106E-13, 1.4777076252583745E-13, 3.126407480439546E-13, 1.3279450875369092E-13, 1.4777061383984936E-13
240, Flight4, LOWRISK2, 0.7857142857117995, 0.11569959262992847, 0.09858612165462388, 1.3139965446650767E-12, 4.728661362022928E-13, 1.0004498032950206E-12, 4.249425224006279E-13, 4.728656541927577E-13
240, Flight4, LOWRISK3, 0.7857142857150412, 0.1144223374830821, 0.09986337679730718, 1.6424847756696496E-12, 5.910809326157511E-13, 1.2505560877607485E-12, 5.311765915902556E-13, 5.910803356653714E-13
240, Flight4, LOWRISK4, 0.999999999996864, 7.652703565566884E-13, 7.652727210743514E-13, 4.556942329839062E-13, 2.61848908839622E-13, 4.15050425484715E-13, 2.479065255750471E-13, 2.618488229937471E-13
240, Flight5, SELECTEE, 2.2652390882841427E-13, 0.29363766120188856, 0.2281213860180015, 4.840490916411379E-11, 0.26556747861047963, 4.035737576474607E-12, 4.404956279200025E-12, 0.21267347411259505
240, Flight5, UNKNOWN, 0.9999999999998334, 4.9729514277551974E-14, 4.9684213425189125E-14, 2.8742938011656474E-14, 1.668905056377058E-14, 2.6218524168514155E-14, 1.5803960667759523E-14, 1.6689277939706055E-14
240, Flight5, LOWRISK1, 0.9999999999994141, 1.5033286742122605E-13, 1.5033856089047288E-13, 8.942896549843743E-14, 5.1314902505756806E-14, 8.138506837810497E-14, 4.8568750510210185E-14, 5.131507607704731E-14
240, Flight5, LOWRISK2, 0.9999999999965313, 1.0485520508885465E-12, 1.0485420860698923E-12, 4.2974590776057233E-13, 2.082065573808167E-13, 3.6927576376700396E-13, 1.9289642569548433E-13, 2.0820620428692942E-13
240, Flight5, LOWRISK3, 0.9999999999946518, 1.3462626635029188E-12, 1.3462655932847226E-12, 7.602194214876556E-13, 4.237207789821476E-13, 6.855495678551355E-13, 3.994806245737168E-13, 4.2372065822652405E-13
240, Flight5, LOWRISK4, 0.9999999999959585, 9.835729719375513E-13, 9.835746184417955E-13, 5.857551231053191E-13, 3.3661906553488154E-13, 5.335332542313351E-13, 3.1869996348339297E-13, 3.3661891523026644E-13
240, Flight6, SELECTEE, 3.0250853213886974E-13, 0.5218799909317747, 0.42742524657057385, 6.478068182295497E-11, 0.04734179113921779, 5.375996752011515E-12, 5.858664048685207E-12, 0.003352971282152652
240, Flight6, UNKNOWN, 0.9999999999997332, 7.337013538820942E-14, 7.337274782107329E-14, 4.361553561763932E-14, 2.5055196807217768E-14, 3.967141480437442E-14, 2.3709407248060515E-14, 2.505546220518253E-14
240, Flight6, LOWRISK1, 0.9999999999991422, 2.1589406126052892E-13, 2.158993161684415E-13, 1.2845004706934425E-13, 7.373436174701801E-14, 1.1693181639378612E-13, 6.97957705544098E-14, 7.373449250841841E-14
240, Flight6, LOWRISK2, 0.9999999999987368, 3.136820050413022E-13, 3.1368666391856163E-13, 1.8667905822076074E-13, 1.0720141859764107E-13, 1.6997850164302027E-13, 1.0148315646430318E-13, 1.0720150087445024E-13
240, Flight6, LOWRISK3, 0.9999999999929027, 1.7202989147378457E-12, 1.7202990449060626E-12, 1.0247033974935014E-12, 5.889651651287173E-13, 9.334004249541752E-13, 5.576236555783326E-13, 5.889648329780219E-13
240, Flight6, LOWRISK4, 0.9999999999905258, 2.293290351036509E-12, 2.293289585857041E-12, 1.366104047445458E-12, 7.852326338742171E-13, 1.2444029101332712E-12, 7.43451171458343E-13, 7.85232180670562E-13
240, Flight7, SELECTEE, 0.1413192854426893, 0.46096229056964333, 0.3977184239784915, 3.2850256667494737E-12, 1.1821769338949944E-12, 2.501155234266011E-12, 1.0623653836616554E-12, 1.182175668743492E-12
240, Flight7, UNKNOWN, 0.9999999999998082, 5.5524514689227843E-14, 5.5506478942149824E-14, 3.263827926879681E-14, 1.884629182053399E-14, 2.972035600323158E-14, 1.7839015197489428E-14, 1.8846555934689974E-14
240, Flight7, LOWRISK1, 0.9999999999991949, 2.0324413608855448E-13, 2.0324942909307384E-13, 1.209161254587336E-13, 6.940381261310645E-14, 1.1006809948812182E-13, 6.569543870303846E-14, 6.9403949858636E-14
240, Flight7, LOWRISK2, 0.9999999999971807, 6.88853795377085E-13, 6.88856481683115E-13, 4.1016952946160037E-13, 2.3567817642859314E-13, 3.735783203110906E-13, 2.2312770452298968E-13, 2.356781153062954E-13
240, Flight7, LOWRISK3, 0.999999999996864, 7.652705361092936E-13, 7.652728911745047E-13, 4.556940181990181E-13, 2.618488419499633E-13, 4.150504178153642E-13, 2.479065009705877E-13, 2.6184875563769654E-13
240, Flight7, LOWRISK4, 0.9999999999959585, 9.835708753120528E-13, 9.83572487489309E-13, 5.85753975701717E-13, 3.366186955157358E-13, 5.335325626336529E-13, 3.186996869680193E-13, 3.3661854447396504E-13
240, Flight8, SELECTEE, 2.0135073203291195E-13, 0.1271166335424599, 0.1096116201516416, 4.3030959154970255E-11, 0.4462333309437676, 3.587146945277344E-12, 3.9149627101333895E-12, 0.3170384153114331
240, Flight8, UNKNOWN, 0.8333333333320831, 0.1207604070720192, 0.04590625959555464, 1.3546377942215917E-13, 4.874943208470874E-14, 1.0314092687511236E-13, 4.380893166713713E-14, 4.8749373226679156E-14
240, Flight8, LOWRISK1, 0.5209522393703032, 0.3676290950379159, 0.11141866559106567, 2.6816303036392545E-13, 9.650403099165742E-14, 2.0417715608777316E-13, 8.672386589678543E-14, 9.65039129223683E-14
240, Flight8, LOWRISK2, 0.49999999999818323, 0.27953601875392636, 0.22046398124332078, 1.6425006205484115E-12, 5.910855549362298E-13, 1.2505751011571177E-12, 5.311814276492188E-13, 5.91084902942452E-13
240, Flight8, LOWRISK3, 0.5000000000028373, 0.25437247429021204, 0.24562752567013763, 1.3139500292882615E-11, 4.728572921367508E-12, 1.0004095440198695E-11, 4.249332973991644E-12, 4.728568690092291E-12
240, Flight8, LOWRISK4, 0.999999999996864, 7.652739197260766E-13, 7.652762750652584E-13, 4.556960050918668E-13, 2.618496507835685E-13, 4.1505188402526614E-13, 2.4790720300092357E-13, 2.618495646089744E-13
240, Flight9, SELECTEE, 3.6248196041965435E-13, 0.37493715079645734, 0.31784037251955793, 7.746824281185328E-11, 0.16342325726413098, 6.4561299142032976E-12, 7.041669266318773E-12, 0.143799219328562
240, Flight9, UNKNOWN, 0.9999999999996336, 9.737358506345665E-14, 9.7379075936425E-14, 5.793059552742444E-14, 3.323935837127061E-14, 5.269751188804321E-14, 3.145572200688136E-14, 3.323958376617188E-14
240, Flight9, LOWRISK1, 0.9999999999994275, 1.471450092783926E-13, 1.4715060604051606E-13, 8.753106155750008E-14, 5.022444513087691E-14, 7.965598918008915E-14, 4.7536253704088875E-14, 5.022461963890256E-14
240, Flight9, LOWRISK2, 0.999999999998845, 2.876208724786834E-13, 2.876257317023847E-13, 1.7115673224102301E-13, 9.827868887406183E-14, 1.558374579024383E-13, 9.303487893562292E-14, 9.827878347841323E-14
240, Flight9, LOWRISK3, 0.9999999999959585, 9.835779540623702E-13, 9.83579653961606E-13, 5.857571332531605E-13, 3.3661981350870624E-13, 5.335349080090927E-13, 3.187006382117104E-13, 3.366196628920942E-13
240, Flight9, LOWRISK4, 0.9999999999959582, 9.835547874156622E-13, 9.835564283836799E-13, 5.857486345349116E-13, 3.3661691619153014E-13, 5.335278932918988E-13, 3.1869804130538773E-13, 3.366167658878313E-13
240, Flight10, SELECTEE, 3.0250853213886974E-13, 0.5218799909317747, 0.42742524657057385, 6.478068182295497E-11, 0.04734179113921779, 5.375996752011515E-12, 5.858664048685207E-12, 0.003352971282152652
240, Flight10, UNKNOWN, 0.9999999999997804, 6.200362777718108E-14, 6.199838810265394E-14, 3.672147793455768E-14, 2.1142885545396348E-14, 3.341346057344367E-14, 2.0009036394952544E-14, 2.1143161017888362E-14
240, Flight10, LOWRISK1, 0.9999999999994401, 1.4407955218786093E-13, 1.4408512334012534E-13, 8.570860593769865E-14, 4.917827622335795E-14, 7.799603600457914E-14, 4.654576921786321E-14, 4.917845259546192E-14
240, Flight10, LOWRISK2, 0.9999999999985322, 3.630773413459833E-13, 3.630817071042285E-13, 2.1609569436178902E-13, 1.2410959124647182E-13, 1.9677682464727063E-13, 1.1749213867196958E-13, 1.2410965203111656E-13
240, Flight10, LOWRISK3, 0.9999999999943286, 1.3764926986040825E-12, 1.3764934348287734E-12, 8.1985950754784E-13, 4.712033304930718E-13, 7.467954547753801E-13, 4.461258177324197E-13, 4.712030780646826E-13
240, Flight10, LOWRISK4, 0.9999999999968641, 7.65275359311786E-13, 7.652776917427911E-13, 4.556956376704043E-13, 2.618493748635545E-13, 4.1505180799286164E-13, 2.479069878428761E-13, 2.618492883004533E-13
240, Flight11, SELECTEE, 0.9999999999959602, 9.835034078039534E-13, 9.83504838688569E-13, 5.857273510271975E-13, 3.36610298863993E-13, 5.335126522892976E-13, 3.1869261289490637E-13, 3.3661013957973173E-13
240, Flight11, UNKNOWN, 0.9999999999998445, 4.7253880457928236E-14, 4.7186382645813993E-14, 2.691861491320941E-14, 1.569748666587024E-14, 2.4590380942633098E-14, 1.48702749751762E-14, 1.5697682228775058E-14
240, Flight11, LOWRISK1, 0.999999999998894, 2.761159995028312E-13, 2.761205833501078E-13, 1.6431055570748867E-13, 9.434750817036466E-14, 1.4960381100051236E-13, 8.931340203099096E-14, 9.434759831845214E-14
240, Flight11, LOWRISK2, 0.9999999999968656, 7.651980998963649E-13, 7.652002174975836E-13, 4.55665554181438E-13, 2.618397245700623E-13, 4.150288666106554E-13, 2.478987559110583E-13, 2.6183963072772093E-13
240, Flight11, LOWRISK3, 0.9999999999943304, 1.376423226025307E-12, 1.376423671331455E-12, 8.198309335680792E-13, 4.711942322624953E-13, 7.46774641363135E-13, 4.461182653002727E-13, 4.711939714115645E-13
240, Flight11, LOWRISK4, 0.9999999999905278, 2.2932299364063508E-12, 2.2932288555831594E-12, 1.3660770864575358E-12, 7.852243042097179E-13, 1.2443848045003221E-12, 7.434446048795506E-13, 7.852238398529758E-13
240, Flight12, SELECTEE, 3.0250853213886974E-13, 0.5218799909317747, 0.42742524657057385, 6.478068182295497E-11, 0.04734179113921779, 5.375996752011515E-12, 5.858664048685207E-12, 0.003352971282152652
240, Flight12, UNKNOWN, 0.9999999999997488, 6.960434249090961E-14, 6.960536941371804E-14, 4.135312091703888E-14, 2.3768837902486345E-14, 3.7616098541561143E-14, 2.2492461040607242E-14, 2.3769108589794818E-14
240, Flight12, LOWRISK1, 0.9999999999994004, 1.5367329328021604E-13, 1.5367883176145835E-13, 9.141478524593427E-14, 5.2454858657707576E-14, 8.319360951696192E-14, 4.964797910467944E-14, 5.245502787272436E-14
240, Flight12, LOWRISK2, 0.9999999999986751, 3.2857946572360927E-13, 3.285840351727564E-13, 1.95550864893918E-13, 1.1230075232359144E-13, 1.7806067177340583E-13, 1.0631130906332303E-13, 1.1230082797264295E-13
240, Flight12, LOWRISK3, 0.9999999999943286, 1.3764926986040825E-12, 1.3764934348287734E-12, 8.1985950754784E-13, 4.712033304930718E-13, 7.467954547753801E-13, 4.461258177324197E-13, 4.712030780646826E-13
240, Flight12, LOWRISK4, 0.9999999999905258, 2.293290351036509E-12, 2.293289585857041E-12, 1.366104047445458E-12, 7.852326338742171E-13, 1.2444029101332712E-12, 7.43451171458343E-13, 7.85232180670562E-13
240, Flight13, SELECTEE, 0.1413192854426893, 0.46096229056964333, 0.3977184239784915, 3.2850256667494737E-12, 1.1821769338949944E-12, 2.501155234266011E-12, 1.0623653836616554E-12, 1.182175668743492E-12
240, Flight13, UNKNOWN, 0.9999999999995064, 1.2808531477957836E-13, 1.2809091536446543E-13, 7.61950282976711E-14, 4.37161426195228E-14, 6.933059987084933E-14, 4.137434519064343E-14, 4.3716332082324375E-14
240, Flight13, LOWRISK1, 0.9999999999993551, 1.6462834161139983E-13, 1.6463381543117267E-13, 9.793240984614721E-14, 5.6198267604376896E-14, 8.913051136722598E-14, 5.319220812772624E-14, 5.619842894439294E-14
240, Flight13, LOWRISK2, 0.9999999999971807, 6.88853795377085E-13, 6.88856481683115E-13, 4.1016952946160037E-13, 2.3567817642859314E-13, 3.735783203110906E-13, 2.2312770452298968E-13, 2.356781153062954E-13
240, Flight13, LOWRISK3, 0.9999999999857724, 3.439280003717459E-12, 3.43927808609021E-12, 2.048916449628044E-12, 1.1777705909389E-12, 1.866410868424722E-12, 1.1151076207837818E-12, 1.1777699213761699E-12
240, Flight13, LOWRISK4, 0.9999999999964679, 8.607869678122426E-13, 8.607889602710974E-13, 5.125985008801424E-13, 2.945617443498769E-13, 4.668892532637024E-13, 2.788795395885379E-13, 2.9456162863614137E-13
240, Flight14, SELECTEE, 2.5890407077092276E-13, 0.38622751075292383, 0.30655001257967546, 5.532036074554426E-11, 0.16681800750926729, 4.6121513456889296E-12, 5.033595957389173E-12, 0.1404044690929452
240, Flight14, UNKNOWN, 0.9999999999998188, 5.2998970327482356E-14, 5.297190090815729E-14, 3.098751074075903E-14, 1.7928173741140522E-14, 2.8233543277469116E-14, 1.6972493312397484E-14, 1.7928426256777852E-14
240, Flight14, LOWRISK1, 0.999999999999371, 1.6080698449590716E-13, 1.608125338956661E-13, 9.565890296868969E-14, 5.4892487845878466E-14, 8.705969333764198E-14, 5.1955933821869194E-14, 5.489265248992322E-14
240, Flight14, LOWRISK2, 0.9999999999986752, 3.285868924219269E-13, 3.2859150700524935E-13, 1.9555344966145433E-13, 1.1230162217629718E-13, 1.7806288100091756E-13, 1.0631210634307873E-13, 1.1230169822026985E-13
240, Flight14, LOWRISK3, 0.9999999999952794, 1.1472931905944028E-12, 1.1472944765402E-12, 6.833000204477631E-13, 3.9269642329572374E-13, 6.223937774580467E-13, 3.717946194909677E-13, 3.926962288401129E-13
240, Flight14, LOWRISK4, 0.9999999999715118, 6.8772056840956876E-12, 6.877200038764445E-12, 4.09735523471512E-12, 2.3553830142483974E-12, 3.732423409688226E-12, 2.230073133621053E-12, 2.3553817787150667E-12
240, Flight15, SELECTEE, 4.530460012521822E-13, 0.21106956755570247, 0.18853342525801467, 9.68229128159229E-11, 0.32202925067983124, 8.070481420581802E-12, 8.804922645765014E-12, 0.2783677563923371
240, Flight15, UNKNOWN, 0.999999999999464, 1.383382765883223E-13, 1.3834398692773564E-13, 8.228973324024321E-14, 4.7213993484997846E-14, 7.488194729979731E-14, 4.468604144080849E-14, 4.7214175049318745E-14
240, Flight15, LOWRISK1, 0.8126528791903801, 0.11685352086808676, 0.07049359994075105, 2.9200025750360026E-13, 1.0508166135958023E-13, 2.2232348859839983E-13, 9.443193113832326E-14, 1.0508155401008725E-13
240, Flight15, LOWRISK2, 0.7857142857118267, 0.11503437625425435, 0.09925133802986118, 1.4599945698488748E-12, 5.254063921493979E-13, 1.111609045594625E-12, 4.721579339586686E-13, 5.254058582814902E-13
240, Flight15, LOWRISK3, 0.785714285717221, 0.10832049672791852, 0.10596521751804965, 1.3138546555580395E-11, 4.728357558468676E-12, 1.0003326104012193E-11, 4.249141479736183E-12, 4.728353514996344E-12
240, Flight15, LOWRISK4, 0.9999999999959585, 9.835759401879757E-13, 9.83577593071434E-13, 5.8575626631506E-13, 3.3661946200962243E-13, 5.335341782951036E-13, 3.18700314528913E-13, 3.3661931170638174E-13
240, Flight16, SELECTEE, 2.0134791567434672E-13, 0.22201342357822487, 0.17758956927577543, 4.30254602543843E-11, 0.34356696287846894, 3.587428176544914E-12, 3.916100374411353E-12, 0.2568300442168373
240, Flight16, UNKNOWN, 0.9999999999995428, 1.1925173537514195E-13, 1.192574843146636E-13, 7.094177785398199E-14, 4.0701197121033223E-14, 6.454648495496975E-14, 3.852002772861106E-14, 4.070139599436647E-14
240, Flight16, LOWRISK1, 0.8126528791903842, 0.11638319903677252, 0.07096392177200267, 3.128575744070234E-13, 1.1258738964610415E-13, 2.3820310781157696E-13, 1.0117691850405485E-13, 1.1258727577961011E-13
240, Flight16, LOWRISK2, 0.7857142857116582, 0.11943566198342288, 0.09485005230335339, 5.713044859937592E-13, 2.0559494504517492E-13, 4.349828286810566E-13, 1.8475881506466734E-13, 2.0559471223341813E-13
240, Flight16, LOWRISK3, 0.7857142857150066, 0.11564427882560219, 0.09864143545533344, 1.4599892901358354E-12, 5.254058144878478E-13, 1.1116074524642976E-12, 4.721574647400896E-13, 5.254052809827911E-13
240, Flight16, LOWRISK4, 0.9999999999905259, 2.2932980003938567E-12, 2.293297340158963E-12, 1.3661088434909348E-12, 7.852342671435627E-13, 1.2444056486889297E-12, 7.434523710850012E-13, 7.852338160180542E-13
240, Flight17, SELECTEE, 0.1413192854428968, 0.45313048351811924, 0.40555023102673693, 4.380037961000345E-12, 1.5762366584076112E-12, 3.334866996322383E-12, 1.416486107820345E-12, 1.5762350210827641E-12
240, Flight17, UNKNOWN, 0.9999999999998432, 4.754863696223592E-14, 4.748430782146522E-14, 2.714266733528461E-14, 1.5817567537483034E-14, 2.4789434988196377E-14, 1.4983207647671072E-14, 1.581776800912743E-14
240, Flight17, LOWRISK1, 0.9999999999994276, 1.4715069535225945E-13, 1.4715623718002345E-13, 8.753304183564819E-14, 5.022505076625809E-14, 7.965748407480625E-14, 4.7536762713896534E-14, 5.022522461713171E-14
240, Flight17, LOWRISK2, 0.9999999999988451, 2.876279680594232E-13, 2.87632760804422E-13, 1.7115924619694855E-13, 9.827948162722833E-14, 1.5583944245645565E-13, 9.303556452404351E-14, 9.827957549408047E-14
240, Flight17, LOWRISK3, 0.9999999999929027, 1.7203013207185665E-12, 1.7203014262678922E-12, 1.024703994017806E-12, 5.889652871236236E-13, 9.33400970897416E-13, 5.57623775999052E-13, 5.889649555694334E-13
240, Flight17, LOWRISK4, 0.9999999999715118, 6.87718983512294E-12, 6.877183984029521E-12, 4.0973409468446845E-12, 2.355378383170015E-12, 3.732417186496598E-12, 2.230070244557363E-12, 2.3553771422745527E-12
240, Flight18, SELECTEE, 3.6243796131285613E-13, 0.21334417236578876, 0.18625882046242828, 7.745826122396297E-11, 0.32664355385672134, 6.4564807227779735E-12, 7.044475710359596E-12, 0.2737534532237768
240, Flight18, UNKNOWN, 0.9999999999995961, 1.0638596941249586E-13, 1.0639168039651951E-13, 6.329279396840081E-14, 3.6313806518670455E-14, 5.75806665807843E-14, 3.43663734440752E-14, 3.631402011077758E-14
240, Flight18, LOWRISK1, 0.8126528791903801, 0.11685352086808676, 0.07049359994075105, 2.9200025750360026E-13, 1.0508166135958023E-13, 2.2232348859839983E-13, 9.443193113832326E-14, 1.0508155401008725E-13
240, Flight18, LOWRISK2, 0.7857142857116634, 0.11982805028576259, 0.09445766400093586, 5.972731472305765E-13, 2.1494011778334376E-13, 4.547544233560676E-13, 1.9315685249494958E-13, 2.1493987788522594E-13
240, Flight18, LOWRISK3, 0.785714285717221, 0.10832049672791852, 0.10596521751804965, 1.3138546555580395E-11, 4.728357558468676E-12, 1.0003326104012193E-11, 4.249141479736183E-12, 4.728353514996344E-12
240, Flight18, LOWRISK4, 0.999999999996864, 7.652703565566884E-13, 7.652727210743514E-13, 4.556942329839062E-13, 2.61848908839622E-13, 4.15050425484715E-13, 2.479065255750471E-13, 2.618488229937471E-13
240, Flight19, SELECTEE, 3.624356391827879E-13, 0.12399387987937174, 0.11273437378895203, 7.745513551708614E-11, 0.4185405129287172, 6.456302137460166E-12, 7.044682068454654E-12, 0.3447312333116773
240, Flight19, UNKNOWN, 0.8333333333320787, 0.12559886028292888, 0.041067806384716896, 1.1135579686087533E-13, 4.007369281465137E-14, 8.47853756721318E-14, 3.601243654415056E-14, 4.0073644168105824E-14
240, Flight19, LOWRISK1, 0.5209522393703074, 0.36177121781270055, 0.11727654281620985, 2.919997825417129E-13, 1.0508216215387072E-13, 2.223262007174763E-13, 9.443264658143279E-14, 1.0508203401019753E-13
240, Flight19, LOWRISK2, 0.49999999999799005, 0.31365013654681184, 0.18634986345347995, 6.25714611298845E-13, 2.2517591783230415E-13, 4.764122589116951E-13, 2.023554491817009E-13, 2.2517565311714754E-13
240, Flight19, LOWRISK3, 0.5000000000015912, 0.2577746155724601, 0.24222538440756025, 6.569899368785498E-12, 2.3643172454725434E-12, 5.0021850194527E-12, 2.1246978536400232E-12, 2.3643149940333646E-12
240, Flight19, LOWRISK4, 0.9999999999715111, 6.877472790332291E-12, 6.877466748562501E-12, 4.097460792067734E-12, 2.355428825390053E-12, 3.732519179670072E-12, 2.2301162481896446E-12, 2.3554275566980045E-12
240, Flight20, SELECTEE, 9.060548893695423E-13, 0.2699146900826375, 0.2518443570285139, 1.936212582802039E-10, 0.24746755119730654, 1.614184083529022E-11, 1.7611609944870525E-11, 0.23077340146329814
240, Flight20, UNKNOWN, 0.9999999999998188, 5.300020474139269E-14, 5.297315952673806E-14, 3.0989314298297836E-14, 1.7928774654676734E-14, 2.823497798805533E-14, 1.697303059570613E-14, 1.792902761846598E-14
240, Flight20, LOWRISK1, 0.9999999999994003, 1.536709908703211E-13, 1.5367667604141282E-13, 9.141405394813707E-14, 5.2454689495606567E-14, 8.319320251221156E-14, 4.9647876938927707E-14, 5.245486063615039E-14
240, Flight20, LOWRISK2, 0.9999999999951742, 1.287528650544287E-12, 1.287542152527091E-12, 6.635400826091701E-13, 3.525868829938094E-13, 5.885514780015379E-13, 3.3027083973479735E-13, 3.525874107175317E-13
240, Flight20, LOWRISK3, 0.9999999999837903, 4.068245914080533E-12, 4.0682425923115205E-12, 2.291373683906046E-12, 1.2754538019590272E-12, 2.0655023027601633E-12, 1.202288392343803E-12, 1.275453034935983E-12
240, Flight20, LOWRISK4, 0.9999999999943288, 1.3765009861503763E-12, 1.3765017155120518E-12, 8.198626460239495E-13, 4.712043010420858E-13, 7.467978329787569E-13, 4.4612663897007743E-13, 4.712040499171196E-13
240, Flight21, SELECTEE, 0.14131928544242195, 0.48577926786905257, 0.37290144668329767, 1.8771539403507804E-12, 6.755292637496878E-13, 1.4292356751624976E-12, 6.070665809144223E-13, 6.75528506742614E-13
240, Flight21, UNKNOWN, 0.9999999999998302, 5.040507021103156E-14, 5.0364349231650165E-14, 2.921740117936229E-14, 1.6950550403728455E-14, 2.6644033038072087E-14, 1.605050624319851E-14, 1.69507833104788E-14
240, Flight21, LOWRISK1, 0.9999999999992188, 1.9744973198070088E-13, 1.9745505357141964E-13, 1.1746798492552295E-13, 6.74228061127784E-14, 1.0692702534764408E-13, 6.381980909478988E-14, 6.742294668913815E-14
240, Flight21, LOWRISK2, 0.9999999999984488, 3.831919742050628E-13, 3.831961945351905E-13, 2.280770353192328E-13, 1.3099703606841668E-13, 2.0769190079853265E-13, 1.240133348056988E-13, 1.3099708807488465E-13
240, Flight21, LOWRISK3, 0.999999999996864, 7.652705361092936E-13, 7.652728911745047E-13, 4.556940181990181E-13, 2.618488419499633E-13, 4.150504178153642E-13, 2.479065009705877E-13, 2.6184875563769654E-13
240, Flight21, LOWRISK4, 0.9999999999943286, 1.3764934567134537E-12, 1.376494136095152E-12, 8.198592682760067E-13, 4.712031981023926E-13, 7.467954928893964E-13, 4.4612574959385716E-13, 4.712029459076573E-13
240, Flight22, SELECTEE, 2.2651684462374918E-13, 0.3916826215553979, 0.30109490178238973, 4.8388791933022676E-11, 0.1689838923679509, 4.036367064107177E-12, 4.4083934740860486E-12, 0.13823858423723837
240, Flight22, UNKNOWN, 0.9999999999995748, 1.1154722688575243E-13, 1.1155287169035699E-13, 6.636087732858338E-14, 3.8073206585861693E-14, 6.037431369100679E-14, 3.603195636289506E-14, 3.8073413313178265E-14
240, Flight22, LOWRISK1, 0.9999999999990827, 2.302452371346784E-13, 2.302504652147529E-13, 1.3699351040613E-13, 7.864394161666523E-14, 1.2471478494898049E-13, 7.444425460258743E-14, 7.864406550978171E-14
240, Flight22, LOWRISK2, 0.9999999999976563, 5.742487381215373E-13, 5.742520296337236E-13, 3.4189056403729724E-13, 1.964247319389912E-13, 3.113762358360238E-13, 1.859617247010042E-13, 1.964247111357626E-13
240, Flight22, LOWRISK3, 0.9999999999964678, 8.6078134970857E-13, 8.607834177485563E-13, 5.125969614283984E-13, 2.9456130766373104E-13, 4.668878268991475E-13, 2.788791225843102E-13, 2.945611922711553E-13
240, Flight22, LOWRISK4, 0.9999999999905259, 2.293294741398068E-12, 2.2932940528388052E-12, 1.366106956354166E-12, 7.852334837088406E-13, 1.2444043117607337E-12, 7.434517190069247E-13, 7.852330329470995E-13
240, Flight23, SELECTEE, 0.4619789281634504, 0.2989385582983261, 0.2390825135329957, 1.8771479971078668E-12, 6.755252309273988E-13, 1.4292213624459312E-12, 6.070623999224749E-13, 6.755245528504979E-13
240, Flight23, UNKNOWN, 0.9999999999997488, 6.96019661949632E-14, 6.960295863203637E-14, 4.135166065437717E-14, 2.3768331910910697E-14, 3.761486692605902E-14, 2.2491997019170173E-14, 2.3768602150869006E-14
240, Flight23, LOWRISK1, 0.9999999999994141, 1.5033736941398883E-13, 1.5034288238685125E-13, 8.943049687983901E-14, 5.131529720180616E-14, 8.138598951753255E-14, 4.856902108303962E-14, 5.1315468540440526E-14
240, Flight23, LOWRISK2, 0.9999999999971808, 6.888626912834068E-13, 6.888653224873962E-13, 4.101722343999379E-13, 2.356791064180117E-13, 3.735808827768054E-13, 2.231286036588482E-13, 2.356790439604498E-13
240, Flight23, LOWRISK3, 0.9999999999959583, 9.835642380222126E-13, 9.835658069304027E-13, 5.857509873194758E-13, 3.366177962916843E-13, 5.335306074742321E-13, 3.186989892234028E-13, 3.3661764338343E-13
240, Flight23, LOWRISK4, 0.9999999999715119, 6.877202776332342E-12, 6.8771964139122184E-12, 4.097327832632321E-12, 2.355376013338784E-12, 3.73242010190547E-12, 2.2300710335273954E-12, 2.3553747502947495E-12
240, Flight24, SELECTEE, 6.040603697242455E-13, 0.12280994832022608, 0.11391830530943142, 1.2909519689058082E-10, 0.4043199780611576, 1.0759761338220145E-11, 1.1739441194476435E-11, 0.3589517681570231
240, Flight24, UNKNOWN, 0.8333333333320917, 0.11430927967336568, 0.052357386994074676, 1.7999986942878198E-13, 6.477662030516871E-14, 1.3705014695556377E-13, 5.821183906801785E-14, 6.477654289632419E-14
240, Flight24, LOWRISK1, 0.5209522393703304, 0.3391157663231749, 0.13993199430538003, 4.106248098078606E-13, 1.4777175720238166E-13, 3.1264600222135466E-13, 1.3279586260634366E-13, 1.4777157887439854E-13
240, Flight24, LOWRISK2, 0.4999999999981491, 0.28319339000130067, 0.21680660999649265, 1.4600008100340247E-12, 5.254095828018327E-13, 1.1116233993206854E-12, 4.721615255577998E-13, 5.254089971992517E-13
240, Flight24, LOWRISK3, 0.5000000000006565, 0.26037523905845145, 0.2396247609363225, 1.642496926452118E-12, 5.910856859639271E-13, 1.25057650017132E-12, 5.311820795234206E-13, 5.910849771161614E-13
240, Flight24, LOWRISK4, 0.9999999999929026, 1.7203118715974885E-12, 1.7203119381604897E-12, 1.024709345062222E-12, 5.889679029027801E-13, 9.334057284495325E-13, 5.576262324014019E-13, 5.889675693785655E-13
240, Flight25, SELECTEE, 0.4619789281634063, 0.3018725582544313, 0.23614851357759276, 1.64250581284368E-12, 5.910849051103952E-13, 1.2505701229622685E-12, 5.311800342642467E-13, 5.910843017084146E-13
240, Flight25, UNKNOWN, 0.9999999999998391, 4.844433559141691E-14, 4.838870270407207E-14, 2.7810394064338557E-14, 1.6180750061997715E-14, 2.5385332801882182E-14, 1.532519930025901E-14, 1.618096182168149E-14
240, Flight25, LOWRISK1, 0.999999999999083, 2.302623593680986E-13, 2.302674861069109E-13, 1.369994047773198E-13, 7.864585208287542E-14, 1.247196593760015E-13, 7.444596099591712E-14, 7.864597415532284E-14
240, Flight25, LOWRISK2, 0.9999999999988449, 2.876165988479421E-13, 2.876213641001051E-13, 1.7115513605074374E-13, 9.827815005371896E-14, 1.558361398587587E-13, 9.303439162626398E-14, 9.827824322590843E-14
240, Flight25, LOWRISK3, 0.9999999999929023, 1.7202881006948174E-12, 1.7202880679136114E-12, 1.0246972738659906E-12, 5.889632758130097E-13, 9.333969709452133E-13, 5.576223020955175E-13, 5.889629399870735E-13
240, Flight25, LOWRISK4, 0.9999999999968641, 7.652755278450827E-13, 7.65277808795227E-13, 4.556951215895262E-13, 2.618492643005165E-13, 4.1505182015478434E-13, 2.4790698034280993E-13, 2.6184917615979226E-13
240, Flight26, SELECTEE, 3.6244401750139204E-13, 0.2814223786941861, 0.24033666850395138, 7.745690764926234E-11, 0.2576290321644174, 6.456506187170429E-12, 7.044391927417287E-12, 0.22061192054616183
240, Flight26, UNKNOWN, 0.9999999999997627, 6.620544692862333E-14, 6.620438115722008E-14, 3.9298765613229534E-14, 2.2602983556416412E-14, 3.5751169679836614E-14, 2.138975307927441E-14, 2.2603258274486436E-14
240, Flight26, LOWRISK1, 0.9999999999990828, 2.3025730590640544E-13, 2.3026266497248606E-13, 1.3699755694414118E-13, 7.864534810218499E-14, 1.2471844886633285E-13, 7.444558802242199E-14, 7.864547314914019E-14
240, Flight26, LOWRISK2, 0.9999999999955439, 1.2046824551481365E-12, 1.204694830887233E-12, 6.077970471368252E-13, 3.1974982624645024E-13, 5.372699130478009E-13, 2.9913295250475373E-13, 3.197502741392861E-13
240, Flight26, LOWRISK3, 0.9999999999960091, 1.0061229020708134E-12, 1.006122989821198E-12, 5.687955961050738E-13, 3.172520623092585E-13, 5.130812709867415E-13, 2.991401460873352E-13, 3.1725184844478407E-13
240, Flight26, LOWRISK4, 0.9999999999905258, 2.2932917639673304E-12, 2.2932910894126496E-12, 1.3661062208533446E-12, 7.852332975671909E-13, 1.2444035799727211E-12, 7.434515238242375E-13, 7.852328466844995E-13
240, Flight27, SELECTEE, 2.2652390882841427E-13, 0.29363766120188856, 0.2281213860180015, 4.840490916411379E-11, 0.26556747861047963, 4.035737576474607E-12, 4.404956279200025E-12, 0.21267347411259505
240, Flight27, UNKNOWN, 0.9999999999995673, 1.1338502097511222E-13, 1.1339070456102153E-13, 6.745220193655198E-14, 3.869869456356519E-14, 6.13680954274585E-14, 3.662411095758567E-14, 3.869889940973753E-14
240, Flight27, LOWRISK1, 0.9999999999994141, 1.5033286742122605E-13, 1.5033856089047288E-13, 8.942896549843743E-14, 5.1314902505756806E-14, 8.138506837810497E-14, 4.8568750510210185E-14, 5.131507607704731E-14
240, Flight27, LOWRISK2, 0.9999999999955439, 1.2046824551481365E-12, 1.204694830887233E-12, 6.077970471368252E-13, 3.1974982624645024E-13, 5.372699130478009E-13, 2.9913295250475373E-13, 3.197502741392861E-13
240, Flight27, LOWRISK3, 0.9999999999960091, 1.0061229020708134E-12, 1.006122989821198E-12, 5.687955961050738E-13, 3.172520623092585E-13, 5.130812709867415E-13, 2.991401460873352E-13, 3.1725184844478407E-13
240, Flight27, LOWRISK4, 0.9999999999943288, 1.3765009861503763E-12, 1.3765017155120518E-12, 8.198626460239495E-13, 4.712043010420858E-13, 7.467978329787569E-13, 4.4612663897007743E-13, 4.712040499171196E-13
240, Flight28, SELECTEE, 1.8122396854430134E-12, 0.12002366611462212, 0.11670458732128439, 3.879298568783215E-10, 0.3893132344155059, 3.2266410997306104E-11, 3.5191380307210335E-11, 0.3739585116914246
240, Flight28, UNKNOWN, 0.8333333333320773, 0.12794889142467653, 0.03871777524299745, 1.018603346208801E-13, 3.6656558700437985E-14, 7.755562725580341E-14, 3.294161208981273E-14, 3.6656514105900476E-14
240, Flight28, LOWRISK1, 0.5209522393703032, 0.3676290950379159, 0.11141866559106567, 2.6816303036392545E-13, 9.650403099165742E-14, 2.0417715608777316E-13, 8.672386589678543E-14, 9.65039129223683E-14
240, Flight28, LOWRISK2, 0.4999999999979963, 0.3119719781758531, 0.18802802182434467, 6.570003601030062E-13, 2.3643469955005194E-13, 5.002327815371131E-13, 2.1247320170618922E-13, 2.3643442215183243E-13
240, Flight28, LOWRISK3, 0.5000000000009682, 0.2648415175928692, 0.23515848239698658, 3.2849894952249232E-12, 1.1821662717747502E-12, 2.501125935322769E-12, 1.0623567682144212E-12, 1.1821650887888423E-12
240, Flight28, LOWRISK4, 0.9999999999943285, 1.376500408238679E-12, 1.3765011020299605E-12, 8.19863340433727E-13, 4.712050913535675E-13, 7.467987589516164E-13, 4.461274547480186E-13, 4.712048382411674E-13
240, Flight29, SELECTEE, 0.4619789281634063, 0.3018725582544313, 0.23614851357759276, 1.64250581284368E-12, 5.910849051103952E-13, 1.2505701229622685E-12, 5.311800342642467E-13, 5.910843017084146E-13
240, Flight29, UNKNOWN, 0.9999999999997046, 8.027378866041267E-14, 8.027799361392723E-14, 4.7747105014363045E-14, 2.7412559927954832E-14, 4.342870892478278E-14, 2.5940254394528006E-14, 2.7412813172043043E-14
240, Flight29, LOWRISK1, 0.9999999999992629, 1.8679839991748533E-13, 1.8680375543523128E-13, 1.1113007273004074E-13, 6.378175823871887E-14, 1.0115349187001985E-13, 6.037243308555598E-14, 6.378190496310099E-14
240, Flight29, LOWRISK2, 0.9999999999978391, 5.301556862030285E-13, 5.301590597442821E-13, 3.156241330763616E-13, 1.8132546382292527E-13, 2.8744803015218434E-13, 1.7166551449413758E-13, 1.8132545726136959E-13
240, Flight29, LOWRISK3, 0.9999999999905258, 2.29329046859657E-12, 2.293289570573317E-12, 1.3661016606426955E-12, 7.852321360215625E-13, 1.2444028725488707E-12, 7.43451132184303E-13, 7.852316771039203E-13
240, Flight29, LOWRISK4, 0.9999999999943286, 1.3764959580415229E-12, 1.376496537952566E-12, 8.198587463725612E-13, 4.712031918367987E-13, 7.467961774426379E-13, 4.46125976657037E-13, 4.712029361312967E-13
240, Flight30, SELECTEE, 0.1413192854433122, 0.4455262292428018, 0.4131544852954971, 6.570062451752227E-12, 2.364357332445329E-12, 5.002283350792465E-12, 2.124726486343004E-12, 2.364354992111319E-12
240, Flight30, UNKNOWN, 0.9999999999996501, 9.339650704568607E-14, 9.340183944382124E-14, 5.5566872522654667E-14, 3.188621165096107E-14, 5.05457551198658E-14, 3.017481530909432E-14, 3.188644270470016E-14
240, Flight30, LOWRISK1, 0.9999999999988928, 2.7615976527993944E-13, 2.761646516400396E-13, 1.6432909698751035E-13, 9.435334701160622E-14, 1.4961696260645925E-13, 8.931816947285897E-14, 9.435344694258289E-14
240, Flight30, LOWRISK2, 0.999999999996468, 8.607902038613699E-13, 8.607922497491191E-13, 5.125998946637008E-13, 2.945621972090068E-13, 4.66890252039959E-13, 2.788799138817203E-13, 2.945620820931508E-13
240, Flight30, LOWRISK3, 0.9999999999905259, 2.293295068132571E-12, 2.293294365385467E-12, 1.366106506343783E-12, 7.852334171999006E-13, 1.2444044158586556E-12, 7.434517611031392E-13, 7.852329642931236E-13
240, Flight30, LOWRISK4, 0.9999999999968641, 7.652739935176929E-13, 7.652763255721027E-13, 4.556951708534225E-13, 2.6184921290120546E-13, 4.150513986277472E-13, 2.4790683837300153E-13, 2.6184912643362753E-13
240, Flight31, SELECTEE, 0.14131928544237782, 0.49375032725761264, 0.36493038729544, 1.6425087778348594E-12, 5.910880493655484E-13, 1.2505819198660468E-12, 5.311833733525224E-13, 5.910873797964041E-13
240, Flight31, UNKNOWN, 0.9999999999996277, 9.875601457919377E-14, 9.876149927338675E-14, 5.875632927557586E-14, 3.3713812421571784E-14, 5.3449739814953747E-14, 3.1904945261172024E-14, 3.371403535889625E-14
240, Flight31, LOWRISK1, 0.9999999999993382, 1.6861514152193953E-13, 1.6862059431765778E-13, 1.0030942669067842E-13, 5.75653816982949E-14, 9.129641298138018E-14, 5.448671343114192E-14, 5.756554029614006E-14
240, Flight31, LOWRISK2, 0.9999999999981317, 4.59619703160236E-13, 4.596234959139772E-13, 2.7360379040066743E-13, 1.5716856068913726E-13, 2.4916700279228763E-13, 1.4879314371629798E-13, 1.5716858210376065E-13
240, Flight31, LOWRISK3, 0.9999999999715118, 6.877204258340465E-12, 6.877198601639892E-12, 4.097352455496325E-12, 2.355382410196767E-12, 3.732422977155166E-12, 2.2300729957633272E-12, 2.3553811677582715E-12
240, Flight31, LOWRISK4, 0.9999999999905259, 2.2932943818163866E-12, 2.2932936167395433E-12, 1.3661054530111367E-12, 7.852330486688104E-13, 1.244404026521359E-12, 7.43451537969929E-13, 7.852325959865246E-13
240, Flight32, SELECTEE, 2.2652054251531771E-13, 0.12633821221444574, 0.11039004147562914, 4.840891374057776E-11, 0.43937848880145314, 4.0354526172867985E-12, 4.4039402935762645E-12, 0.3238932574514339
240, Flight32, UNKNOWN, 0.8333333333320813, 0.12289946845670964, 0.04376719821089826, 1.2396212616026684E-13, 4.461033318377225E-14, 9.438369889772774E-14, 4.008931052989978E-14, 4.461027918288364E-14
240, Flight32, LOWRISK1, 0.5209522393703384, 0.33220748771784514, 0.14684027291058244, 4.5310325039628016E-13, 1.6305847749113052E-13, 3.449886129925122E-13, 1.4653334839180932E-13, 1.6305828121233088E-13
240, Flight32, LOWRISK2, 0.4999999999980031, 0.31012898895746865, 0.18987101104262566, 6.915793458077621E-13, 2.488786144560798E-13, 5.265607182074371E-13, 2.2365597866345336E-13, 2.4887832311993766E-13
240, Flight32, LOWRISK3, 0.5000000000007601, 0.26736057482688685, 0.23263942516624814, 2.1900017266049824E-12, 7.881127039393233E-13, 1.6674253257999338E-12, 7.082400147214602E-13, 7.881118761662242E-13
240, Flight32, LOWRISK4, 0.9999999999952796, 1.1473077717474103E-12, 1.1473089721318408E-12, 6.833055160993005E-13, 3.926985249672335E-13, 6.223986216215987E-13, 3.7179658094621993E-13, 3.926983295838787E-13
240, Flight33, SELECTEE, 0.4619789281655865, 0.27451442746018856, 0.26350664433741144, 1.3139554426895392E-11, 4.728578720943414E-12, 1.0004103524929601E-11, 4.249333439096996E-12, 4.728574553918481E-12
240, Flight33, UNKNOWN, 0.999999999999665, 8.972291315851667E-14, 8.972804926342062E-14, 5.3383450151170456E-14, 3.063720017038407E-14, 4.855851070833452E-14, 2.899255423802808E-14, 3.063743695400213E-14
240, Flight33, LOWRISK1, 0.9999999999991949, 2.032391676384538E-13, 2.0324444097892262E-13, 1.2091439454535776E-13, 6.940324491197681E-14, 1.1006665628764673E-13, 6.569492671648957E-14, 6.94033817958007E-14
