TimeWindow, Flight, RiskCategory, O225, O226, O227, O228, O229, O230, O231, O232
240, Flight1, SELECTEE, 1.0927439934950758E-12, 9.513907256546049E-12, 7.2302486260399165E-12, 0.4738841068599737, 0.2621556599608008, 0.15111589310798829, 0.11284434002385657, 2.960881114743159E-11
240, Flight1, UNKNOWN, 0.6641103997892692, 0.02300640187112213, 4.054480921277661E-12, 0.15281433420590582, 6.72131759453909E-13, 0.1600688641277857, 6.720985908401912E-13, 5.834277915367084E-13
240, Flight1, LOWRISK1, 0.32885503494731405, 0.04030468547715074, 6.935234859613593E-12, 0.32823677613087887, 1.1515907667369497E-12, 0.3026035034344833, 1.1511422409649897E-12, 1.0000936471454945E-12
240, Flight1, LOWRISK2, 0.3243651479381633, 0.08071366836285111, 1.7352856258452567E-11, 0.30846705053833895, 2.9053850084750853E-12, 0.28645413313502993, 2.9040425208223636E-12, 2.519525345745616E-12
240, Flight1, LOWRISK3, 0.22587110848391226, 0.21716002032038903, 2.559299826424756E-10, 0.3006932241712328, 4.228529452755961E-11, 0.2562756466476698, 4.2242943604880644E-11, 3.640281486913858E-11
240, Flight1, LOWRISK4, 0.9999999999758512, 4.9453695685914405E-12, 4.346331459234325E-12, 4.3445193701975955E-12, 2.1151149072758583E-12, 4.347461774306489E-12, 2.1159734621457796E-12, 1.9993648144170032E-12
240, Flight2, SELECTEE, 0.14927132018949735, 0.15655811825076543, 5.118627178352357E-11, 0.3812391418481437, 8.662854187769421E-12, 0.31293141963565413, 8.65743576870116E-12, 7.497554533788701E-12
240, Flight2, UNKNOWN, 0.9999999999965613, 7.14930069763161E-13, 6.301437621955895E-13, 6.299663712171746E-13, 3.0482084414148765E-13, 6.304752035042582E-13, 3.048533021305743E-13, 2.883943991540802E-13
240, Flight2, LOWRISK1, 0.999999999993525, 1.3530979187112228E-12, 1.1743079321735228E-12, 1.1923780161317053E-12, 5.530615314303092E-13, 1.1924921026253134E-12, 5.53002460674439E-13, 5.212157102983487E-13
240, Flight2, LOWRISK2, 0.9999999999583843, 1.1684355380109265E-11, 5.594064003680933E-12, 1.0079199616399083E-11, 1.4704035834126531E-12, 1.0079156402312341E-11, 1.470419787608575E-12, 1.3032170440809036E-12
240, Flight2, LOWRISK3, 0.8264736943416728, 0.06173674441741767, 3.834142262379376E-10, 0.05578919258773806, 4.216376995422924E-11, 0.05600036814949955, 4.2144024254631595E-11, 3.601478001520602E-11
240, Flight2, LOWRISK4, 0.9999999999785282, 4.398173553549624E-12, 3.865741201078421E-12, 3.864107892863031E-12, 1.8814654586505832E-12, 3.866576811896504E-12, 1.88222941423634E-12, 1.7785237124890793E-12
240, Flight3, SELECTEE, 0.15176416079326427, 0.134122552832041, 3.6772335748073476E-11, 0.3911293232821374, 6.201673295953707E-12, 0.32298396303807625, 6.2001071432345155E-12, 5.3718398349267035E-12
240, Flight3, UNKNOWN, 0.9999999999987437, 2.708995908867741E-13, 2.3707514816846815E-13, 2.374166047426732E-13, 1.1467207567650868E-13, 2.371971320361696E-13, 1.1488504647721071E-13, 1.0859324620101743E-13
240, Flight3, LOWRISK1, 0.9999999999957013, 9.014042757461831E-13, 7.840677384284005E-13, 7.95166499800085E-13, 3.6970184723878103E-13, 7.95025073679113E-13, 3.6966500520552067E-13, 3.485546683883496E-13
240, Flight3, LOWRISK2, 0.9999999999582005, 1.144138030031912E-11, 5.932286844860553E-12, 9.88674613082648E-12, 1.6328555728895903E-12, 9.88621580449212E-12, 1.6328805440895923E-12, 1.452069246819336E-12
240, Flight3, LOWRISK3, 0.8264736943416728, 0.06173674441741767, 3.834142262379376E-10, 0.05578919258773806, 4.216376995422924E-11, 0.05600036814949955, 4.2144024254631595E-11, 3.601478001520602E-11
240, Flight3, LOWRISK4, 0.999999999951957, 9.835065298664677E-12, 8.628252350548792E-12, 8.621091063875473E-12, 4.208194950652567E-12, 8.62968915172549E-12, 4.210677643994334E-12, 3.97514197111938E-12
240, Flight4, SELECTEE, 4.3801247989086087E-14, 1.0565257439244182E-13, 1.0541956178342895E-13, 3.0581665297127985E-13, 0.9999999999349203, 1.290807228249608E-13, 2.2096051641438796E-13, 6.42340336176152E-11
240, Flight4, UNKNOWN, 0.10939898823219396, 0.01540910589854422, 2.295455243325563E-12, 0.5120249905298736, 3.794611792196307E-13, 0.36316691533606893, 3.792119572075233E-13, 3.3015077210428903E-13
240, Flight4, LOWRISK1, 2.4013574467210973E-13, 2.069649641800719E-12, 1.5872075277666894E-12, 0.5779406239088998, 0.09909233368156659, 0.25539270941926934, 0.0675743329800234, 6.408914338631111E-12
240, Flight4, LOWRISK2, 8.954563735824354E-13, 7.80802803350233E-12, 5.949350678036521E-12, 0.58741926814996, 0.09754178958332652, 0.24591406511599115, 0.06912487711204468, 2.4089803074442456E-11
240, Flight4, LOWRISK3, 9.347581443309771E-12, 8.179917611653117E-11, 6.160102668509558E-11, 0.5142369017943675, 0.2346365737318452, 0.15242976389628712, 0.09869676016098174, 2.638356536487806E-10
240, Flight4, LOWRISK4, 0.6955602758986356, 0.07329085007578642, 3.1813237831353686E-11, 0.11814243899335992, 5.389761676427003E-12, 0.11300643498503271, 5.388218141491047E-12, 4.659071373564432E-12
240, Flight5, SELECTEE, 1.6270863661480687E-12, 1.4208125829901977E-11, 1.0770162035342647E-11, 0.4724740308376649, 0.26362830061501236, 0.1525259691131816, 0.11137169936375799, 4.384279768619793E-11
240, Flight5, UNKNOWN, 0.6654735951700714, 0.010737643445975789, 2.0842849179343784E-12, 0.15527040097481298, 3.487952424058296E-13, 0.16851836040611953, 3.489201209100386E-13, 3.032823598059994E-13
240, Flight5, LOWRISK1, 0.32950669790192905, 0.03443971888736471, 5.6257605780965866E-12, 0.33046538338288783, 9.29006321991634E-13, 0.30558819981959356, 9.287906319713088E-13, 8.063340381839882E-13
240, Flight5, LOWRISK2, 0.3235708771919387, 0.08786210507593195, 1.9969935434061913E-11, 0.3054411810047247, 3.3499861951450898E-12, 0.2831258366978968, 3.348299086205929E-12, 2.9044062130609056E-12
240, Flight5, LOWRISK3, 0.23414924833044004, 0.14265676194406252, 3.2503500901136397E-11, 0.32455903274464176, 5.414427313624445E-12, 0.29863495693290976, 5.4112122974205625E-12, 4.681520709714658E-12
240, Flight5, LOWRISK4, 0.999999999951941, 9.837521761584609E-12, 8.631531585151722E-12, 8.625324724871766E-12, 4.208802203143085E-12, 8.633453013332314E-12, 4.211141388834758E-12, 3.975978675826837E-12
240, Flight6, SELECTEE, 3.714006675633292E-12, 3.242326546901832E-11, 2.010035702575393E-11, 0.6237264316331319, 1.8079544812966857E-11, 0.376273568261025, 1.7970055227855097E-11, 1.3621159583900399E-11
240, Flight6, UNKNOWN, 0.9999999999963506, 8.556419536891385E-13, 6.443575378897584E-13, 7.546827640348841E-13, 2.414389730016337E-13, 7.54458095324227E-13, 2.4162730627353775E-13, 2.2180400952834847E-13
240, Flight6, LOWRISK1, 0.5516833872377842, 0.034849514866266626, 6.881831485356213E-12, 0.20760740562686156, 1.1485212859782999E-12, 0.2058596922589773, 1.1482016874269123E-12, 9.965723487261156E-13
240, Flight6, LOWRISK2, 0.5501537771137661, 0.048616005728557767, 1.233286368567302E-11, 0.2005095000351299, 2.0760955821866097E-12, 0.2007207171043256, 2.075720763656119E-12, 1.800657372457511E-12
240, Flight6, LOWRISK3, 0.42607898733774574, 0.16528910975511585, 1.2495178957893708E-10, 0.21443857711854283, 2.137856400464675E-11, 0.19419332560249933, 2.1371294075149042E-11, 1.845952808647566E-11
240, Flight6, LOWRISK4, 0.9999999999724256, 5.646072040592928E-12, 4.960554166607041E-12, 4.9578966407361715E-12, 2.414893822790644E-12, 4.961682247411809E-12, 2.4158923045874034E-12, 2.2824273975758035E-12
240, Flight7, SELECTEE, 1.3662033420365641E-12, 1.2054272261951735E-11, 9.084188770587502E-12, 0.20316023965405078, 0.6882985988286976, 0.04683976030397096, 0.06170140115233205, 3.850882853526766E-11
240, Flight7, UNKNOWN, 0.3314108778162559, 0.01730209963672319, 2.7650362783604244E-12, 0.3321011378507168, 4.583441748653151E-13, 0.319185884692289, 4.581696801482499E-13, 3.9856638604382363E-13
240, Flight7, LOWRISK1, 0.10733883379888806, 0.033950495810597205, 6.119951094510894E-12, 0.5032205957168134, 1.0203041903073224E-12, 0.35549007466471955, 1.019664962933922E-12, 8.867587451635279E-13
240, Flight7, LOWRISK2, 0.10382525073681821, 0.0655727432381504, 1.3059117891099869E-11, 0.49688952588796315, 2.191932731267769E-12, 0.3337124801177902, 2.187894566152498E-12, 1.904091983802271E-12
240, Flight7, LOWRISK3, 0.04587371396071608, 0.08713657229076449, 2.8484558190656264E-11, 0.560288115245854, 4.853735497555379E-12, 0.3067015984603369, 4.846131221672425E-12, 4.209378214010116E-12
240, Flight7, LOWRISK4, 0.9999999999723723, 5.6506525115648515E-12, 4.970575724386267E-12, 4.9739211611282984E-12, 2.4182134122196867E-12, 4.9741213288407395E-12, 2.4183088762674965E-12, 2.2866021427690258E-12
240, Flight8, SELECTEE, 4.621004182691451E-12, 4.456461657791093E-11, 3.1956505177539776E-11, 0.1184010970271462, 0.820725082410832, 0.02445604567566057, 0.0364177746767304, 1.2855392770081666E-10
240, Flight8, UNKNOWN, 0.2365059568900085, 0.01430353083284974, 2.051777574914139E-12, 0.40401441318048315, 3.3766294272344577E-13, 0.34517609909370256, 3.377959974178696E-13, 2.9379813447328505E-13
240, Flight8, LOWRISK1, 0.04412102168848533, 0.03148223337511816, 5.720602356005612E-12, 0.5696238504182066, 9.564475345991523E-13, 0.3547728945097903, 9.553665076811459E-13, 8.319528785473628E-13
240, Flight8, LOWRISK2, 0.04205680970456484, 0.05006014111865961, 1.128265364016645E-11, 0.5754321115604335, 1.9124953987356645E-12, 0.33245093759964167, 1.9078598692118613E-12, 1.6623482193171556E-12
240, Flight8, LOWRISK3, 1.5589698263240117E-12, 1.2622928387931727E-11, 9.653464728056228E-12, 0.6573551975791838, 1.5003978600913693E-10, 0.34264480150278226, 7.121351160560114E-10, 3.208856927613778E-11
240, Flight8, LOWRISK4, 0.9999999999664166, 7.035637982069677E-12, 6.031060839381493E-12, 6.25683611627217E-12, 2.745055106599811E-12, 6.256168607262869E-12, 2.7448463282266953E-12, 2.578923463086555E-12
240, Flight9, SELECTEE, 1.9012619086371124E-12, 1.6845024925370265E-11, 1.2655754065428432E-11, 0.203663324012542, 0.6871605249466693, 0.046336675928160924, 0.06283947502695511, 5.433538896450301E-11
240, Flight9, UNKNOWN, 0.33024318814372744, 0.027811306687510823, 4.637563466361652E-12, 0.32964413156098754, 7.700050603464012E-13, 0.3123013736009924, 7.697991154531374E-13, 6.69330343434438E-13
240, Flight9, LOWRISK1, 0.10772564581517459, 0.030469187664670737, 5.484487688490753E-12, 0.5044447536145615, 9.148704676715503E-13, 0.35736041289754933, 9.142342179738712E-13, 7.953048391482385E-13
240, Flight9, LOWRISK2, 0.09823807016828393, 0.11585736833503064, 3.2147162029302385E-11, 0.47528694594294185, 5.4646132404932475E-12, 0.31061761550600886, 5.446699880162009E-12, 4.7412717062471146E-12
240, Flight9, LOWRISK3, 0.04528708914652201, 0.09241619561499674, 3.199007986500897E-11, 0.5566361237860667, 5.460633418098578E-12, 0.3056605914048439, 5.449977064363099E-12, 4.734883469077652E-12
240, Flight9, LOWRISK4, 0.9999999998137958, 3.813735646938241E-11, 3.329021171984894E-11, 3.3252432859452725E-11, 1.641948110487582E-11, 3.3263347243868396E-11, 1.6425781358868686E-11, 1.54804422949516E-11
240, Flight10, SELECTEE, 2.394600262117761E-12, 2.072465698577538E-11, 1.2841784645405586E-11, 0.6259530162760152, 1.1088428193489954E-11, 0.3740469836575501, 1.1051321530278756E-11, 8.400505268622261E-12
240, Flight10, UNKNOWN, 0.9999999999958296, 9.26093992611594E-13, 7.528340182300218E-13, 8.182077702113972E-13, 3.1392904127936727E-13, 8.18683175971773E-13, 3.139696185416467E-13, 2.916509324466027E-13
240, Flight10, LOWRISK1, 0.552817692936655, 0.02464076357747232, 5.656820172886697E-12, 0.20614082275882667, 9.526101379989325E-13, 0.21640072071872146, 9.52391609330752E-13, 8.275076160083856E-13
240, Flight10, LOWRISK2, 0.5502542334832002, 0.04771189840282366, 1.2921083941341291E-11, 0.19919540429829907, 2.185462836183714E-12, 0.20283846379655332, 2.185097137144755E-12, 1.896923521289978E-12
240, Flight10, LOWRISK3, 0.4243809702611072, 0.18057126329774845, 2.6658509466129495E-10, 0.19989772899904779, 4.202301813754713E-11, 0.19515003705542563, 4.2012644687208257E-11, 3.611499863848788E-11
240, Flight10, LOWRISK4, 0.9999999999047672, 1.950916689166094E-11, 1.7071323613254878E-11, 1.7047836477499734E-11, 8.354006192950855E-12, 1.7070832796096026E-11, 8.360706570223235E-12, 7.884062723624043E-12
240, Flight11, SELECTEE, 3.6843125894671976E-14, 9.366501457851755E-14, 9.359552993626455E-14, 2.395782518217418E-13, 0.9999999998278785, 1.163430215817642E-13, 2.206133785620695E-13, 1.7138595687882127E-10
240, Flight11, UNKNOWN, 0.10839084708890917, 0.02448237618626604, 4.008618682660382E-12, 0.5051705160014992, 6.684341884479068E-13, 0.3619562607174641, 6.673427622598859E-13, 5.819300207386045E-13
240, Flight11, LOWRISK1, 2.069832498668429E-13, 1.7762955169398516E-12, 1.3631330103564115E-12, 0.576977399788372, 0.09996460119535018, 0.25635593354086805, 0.06670206546643243, 5.6957461178978325E-12
240, Flight11, LOWRISK2, 4.514280036454652E-13, 3.91992290856268E-12, 2.994746215394796E-12, 0.5903351049188477, 0.09680278604325002, 0.24299822836131685, 0.06986388065692373, 1.2360531717929799E-11
240, Flight11, LOWRISK3, 1.4097705499435595E-12, 1.220973756344906E-11, 9.294826621856413E-12, 0.5110318067838564, 0.2432906916350522, 0.15563485916064287, 0.09004264236110206, 3.649697745548835E-11
240, Flight11, LOWRISK4, 0.6937929878567226, 0.08919644243108585, 5.047711280334353E-11, 0.11029251167726802, 8.574806735192388E-12, 0.10671805795995938, 8.572389426575278E-12, 7.404762103796115E-12
240, Flight12, SELECTEE, 1.6061562727361718E-12, 1.4114816394364915E-11, 1.0661970078469836E-11, 0.3190787852704527, 0.5069871554170469, 0.08092121468035869, 0.09301284456072273, 4.510118042551058E-11
240, Flight12, UNKNOWN, 0.4642811963494381, 0.02146923283422374, 3.7688039032972765E-12, 0.25508908166399386, 6.26538500894688E-13, 0.25916048914684275, 6.2645082666648E-13, 5.444279652891985E-13
240, Flight12, LOWRISK1, 0.1941019988332155, 0.05308201049912376, 9.724689359208558E-12, 0.41570094340728964, 1.6224589873264017E-12, 0.3371150472460587, 1.6207766317780164E-12, 1.4092789000174716E-12
240, Flight12, LOWRISK2, 0.19084118300778816, 0.08242935277135531, 1.736576450373906E-11, 0.40948084597877993, 2.9133195757984237E-12, 0.31724861821642486, 2.9093792581985395E-12, 2.528249617755368E-12
240, Flight12, LOWRISK3, 0.11300412564141647, 0.18296286665360167, 1.2667534118585597E-10, 0.432474875925444, 2.150756511830781E-11, 0.27155813159142056, 2.1446365326528002E-11, 1.8552993303999828E-11
240, Flight12, LOWRISK4, 0.9999999999723859, 5.651208707991947E-12, 4.967246639674676E-12, 4.969015293674201E-12, 2.4177304803552056E-12, 4.970074531666297E-12, 2.4180861723873004E-12, 2.2854976580762584E-12
240, Flight13, SELECTEE, 1.0430220033687723E-12, 9.383253344309467E-12, 6.976496779375871E-12, 0.05193702653464981, 0.9229640911964104, 0.010562973432971481, 0.014535908789894199, 2.8736144767480215E-11
240, Flight13, UNKNOWN, 0.16356587456676944, 0.027907128883738752, 4.561542947294996E-12, 0.4508842391550941, 7.59120524902018E-13, 0.3576427573877228, 7.583933273000921E-13, 6.605596468721222E-13
240, Flight13, LOWRISK1, 5.558437875986644E-13, 4.674317948845956E-12, 2.575641611054377E-12, 0.6360370514072317, 1.4191466764785599E-12, 0.3639629485811706, 1.4164751392618663E-12, 1.1407118422780391E-12
240, Flight13, LOWRISK2, 1.5398844998111414E-12, 1.3425563471823841E-11, 9.625398813253965E-12, 0.6452231673655345, 2.6229627833911463E-11, 0.35477683254284564, 2.6062353969568226E-11, 1.4802086120474422E-11
240, Flight13, LOWRISK3, 1.983659543152199E-12, 1.7052519221023308E-11, 1.2987155819293506E-11, 0.58919169712596, 0.12105660606987913, 0.22330830204925936, 0.06644339467059977, 5.234336897591339E-11
240, Flight13, LOWRISK4, 0.8271240718486144, 0.0558833531529768, 5.023077562419561E-11, 0.0590280750322735, 8.555361853925788E-12, 0.0579644998914798, 8.55334897041239E-12, 7.380958308524541E-12
240, Flight14, SELECTEE, 1.2266221047729184E-12, 1.0690580206485247E-11, 8.118617280702737E-12, 0.47356324519014714, 0.2624236131701238, 0.15143675477352386, 0.11257638681299402, 3.324025578060535E-11
240, Flight14, UNKNOWN, 0.6655220153849026, 0.010301861512777231, 1.8191420074495904E-12, 0.15771956770463533, 3.0389778128660474E-13, 0.16645655539505802, 3.0409176434337076E-13, 2.644538092626492E-13
240, Flight14, LOWRISK1, 0.32897140442131617, 0.039257360211582035, 6.597328459924577E-12, 0.3286592670484149, 1.0935480428783429E-12, 0.30311196830901815, 1.0931542782634409E-12, 9.495822735284758E-13
240, Flight14, LOWRISK2, 0.32471497620254486, 0.07756521398461874, 1.6287211765647004E-11, 0.30977502313310395, 2.724383717223874E-12, 0.2879447866556996, 2.72318909199137E-12, 2.362746624128109E-12
240, Flight14, LOWRISK3, 0.23681527554856363, 0.11866251696543512, 4.2517251208570414E-11, 0.3497067838858075, 7.2434885710516204E-12, 0.29481542353698076, 7.240481866909491E-12, 6.276444619482126E-12
240, Flight14, LOWRISK4, 0.9999999999614728, 7.886379277545354E-12, 6.9240950602782384E-12, 6.919400864677395E-12, 3.373526220586852E-12, 6.9256792638869965E-12, 3.3752483801316957E-12, 3.1876764421905187E-12
240, Flight15, SELECTEE, 1.186824027694178E-12, 1.0511841555443278E-11, 7.894042369896584E-12, 0.11777906649839771, 0.8223614602186375, 0.025078076322202592, 0.03478139690830463, 3.292976879133963E-11
240, Flight15, UNKNOWN, 0.23611770446076633, 0.017797802695358914, 2.7142515071539936E-12, 0.3979357947586555, 4.4910050058403486E-13, 0.34814869808128135, 4.488352088824529E-13, 3.906132881575776E-13
240, Flight15, LOWRISK1, 0.04240178503128905, 0.046955363286091394, 9.347561368708024E-12, 0.5655928145340305, 1.569243284288901E-12, 0.345050037134806, 1.5666833630372587E-12, 1.364489229083922E-12
240, Flight15, LOWRISK2, 0.04016928728500508, 0.06704784288869613, 1.7171636226763518E-11, 0.5666139191486796, 2.9379313044876545E-12, 0.3261689506520924, 2.9273148276369693E-12, 2.5548475107225475E-12
240, Flight15, LOWRISK3, 2.629080571615679E-12, 2.2254609970596155E-11, 1.680944160864442E-11, 0.653601297893859, 5.110899067883125E-10, 0.34639870115342014, 3.450511122023482E-10, 5.495162407362831E-11
240, Flight15, LOWRISK4, 0.9999999998905055, 2.2869207491370334E-11, 1.9587550838592495E-11, 2.0029813023847953E-11, 9.201261187345764E-12, 2.003252530844232E-11, 9.201827370887198E-12, 8.637362332929795E-12
240, Flight16, SELECTEE, 1.3804229506137462E-12, 1.2118139254927909E-11, 9.16341776098629E-12, 0.31913148288220017, 0.5070592487352404, 0.08086851707586726, 0.092940751245443, 3.865213196691976E-11
240, Flight16, UNKNOWN, 0.46399564580769365, 0.024039187709493252, 4.187540827387342E-12, 0.2547670609592927, 6.955851134986455E-13, 0.25719810551740235, 6.954845675831674E-13, 6.043146893365024E-13
240, Flight16, LOWRISK1, 0.19631416133497065, 0.03317254798743589, 5.980558041742623E-12, 0.42630188196827334, 9.95005566213608E-13, 0.34421140870055056, 9.946075572663985E-13, 8.642389407481975E-13
240, Flight16, LOWRISK2, 0.19232648713036282, 0.06906161567195424, 1.3753412063197065E-11, 0.4156145644604356, 2.30274194356332E-12, 0.32299733271695696, 2.300034055787761E-12, 1.9991747831250912E-12
240, Flight16, LOWRISK3, 0.11614742043004588, 0.15467321362233433, 6.367309538699731E-11, 0.442512705683489, 1.0827710262565849E-11, 0.28666666016952635, 1.0803568140052915E-11, 9.364789876647074E-12
240, Flight16, LOWRISK4, 0.9999999999360462, 1.3086816778996536E-11, 1.147527158571898E-11, 1.1475487341389316E-11, 5.60319119829134E-12, 1.1480657502757098E-11, 5.6046701072247795E-12, 5.292410964359129E-12
240, Flight17, SELECTEE, 1.0430220033687723E-12, 9.383253344309467E-12, 6.976496779375871E-12, 0.05193702653464981, 0.9229640911964104, 0.010562973432971481, 0.014535908789894199, 2.8736144767480215E-11
240, Flight17, UNKNOWN, 0.1646397533067351, 0.01824222022596111, 2.770449833562678E-12, 0.45609194788967994, 4.586694145282051E-13, 0.36102607857360214, 4.582649127486256E-13, 3.9900436875718266E-13
240, Flight17, LOWRISK1, 6.326774534003307E-13, 5.346370858537232E-12, 3.0697349705326234E-12, 0.6377664948663981, 1.89018019035146E-12, 0.36223350511944313, 1.8871410230195028E-12, 1.4993088109400894E-12
240, Flight17, LOWRISK2, 1.5398844998111414E-12, 1.3425563471823841E-11, 9.625398813253965E-12, 0.6452231673655345, 2.6229627833911463E-11, 0.35477683254284564, 2.6062353969568226E-11, 1.4802086120474422E-11
240, Flight17, LOWRISK3, 1.43369478003111E-12, 1.225651896039566E-11, 9.36878832629698E-12, 0.5931534713797795, 0.11463088120053079, 0.21934652781296715, 0.07286911954643145, 3.7296902761518736E-11
240, Flight17, LOWRISK4, 0.8270876468454564, 0.05621117816675069, 6.289623753296594E-11, 0.05889517965145454, 1.0706576511144041E-11, 0.057805995242867655, 1.0703386414188866E-11, 9.229277512737466E-12
240, Flight18, SELECTEE, 2.7085832622212696E-12, 2.3507554700331827E-11, 1.457439131028161E-11, 0.6255000064933237, 1.2758850205713236E-11, 0.3744999934308338, 1.2707937599504387E-11, 9.648834601623073E-12
240, Flight18, UNKNOWN, 0.9999999999958296, 9.26093992611594E-13, 7.528340182300218E-13, 8.182077702113972E-13, 3.1392904127936727E-13, 8.18683175971773E-13, 3.139696185416467E-13, 2.916509324466027E-13
240, Flight18, LOWRISK1, 0.5507678961439263, 0.04308893470780965, 9.62575360373683E-12, 0.2035350949902251, 1.6154338044048122E-12, 0.20260807414384624, 1.6150513332320815E-12, 1.401364652753437E-12
240, Flight18, LOWRISK2, 0.5485950860346401, 0.06264422544337964, 1.096666415663925E-11, 0.19491129240405702, 1.8138332245785975E-12, 0.19384939610182217, 1.8133425152478355E-12, 1.571989578958626E-12
240, Flight18, LOWRISK3, 0.4343406743686149, 0.09093392658460703, 3.207891552965326E-11, 0.2364495915419528, 5.377156492045169E-12, 0.23827580745741878, 5.376392343766937E-12, 4.638809561696498E-12
240, Flight18, LOWRISK4, 0.9999999999047672, 1.950916689166094E-11, 1.7071323613254878E-11, 1.7047836477499734E-11, 8.354006192950855E-12, 1.7070832796096026E-11, 8.360706570223235E-12, 7.884062723624043E-12
240, Flight19, SELECTEE, 1.9012619086371124E-12, 1.6845024925370265E-11, 1.2655754065428432E-11, 0.203663324012542, 0.6871605249466693, 0.046336675928160924, 0.06283947502695511, 5.433538896450301E-11
240, Flight19, UNKNOWN, 0.3315386098045095, 0.01615251174269506, 2.530944735349324E-12, 0.33329309598157913, 4.1902263418488323E-13, 0.3190157824675479, 4.1888766702637175E-13, 3.643942021454386E-13
240, Flight19, LOWRISK1, 0.10684106923380109, 0.038430376895547944, 6.923121526833138E-12, 0.5009965022090244, 1.1540494727558742E-12, 0.35373205165145827, 1.1532080943275189E-12, 1.0028790400806703E-12
240, Flight19, LOWRISK2, 0.09636684462153688, 0.13269839824483973, 4.265359887634208E-11, 0.4671999738594172, 7.278857269753823E-12, 0.3037347832107768, 7.249195214667387E-12, 6.312434553754889E-12
240, Flight19, LOWRISK3, 0.04128211843829366, 0.1284609318855352, 1.2749453027278205E-10, 0.544078885448295, 2.167004067066095E-11, 0.28617806403852525, 2.1542398623298834E-11, 1.870889868036444E-11
240, Flight19, LOWRISK4, 0.9999999999361332, 1.306191031060836E-11, 1.1459523245087119E-11, 1.1460412554912064E-11, 5.598310037373111E-12, 1.146335202163072E-11, 5.5990896444824265E-12, 5.289071116169694E-12
240, Flight20, SELECTEE, 4.3801247989086087E-14, 1.0565257439244182E-13, 1.0541956178342895E-13, 3.0581665297127985E-13, 0.9999999999349203, 1.290807228249608E-13, 2.2096051641438796E-13, 6.42340336176152E-11
240, Flight20, UNKNOWN, 0.1092451754644673, 0.016793420807799928, 2.556693641866902E-12, 0.5104941675079461, 4.235116175703598E-13, 0.36346723621607996, 4.2309687185629367E-13, 3.684844789636573E-13
240, Flight20, LOWRISK1, 2.517489812390994E-13, 2.1722345720476257E-12, 1.6655266956589089E-12, 0.5782969762810877, 0.0988093442682009, 0.2550363570467046, 0.06785732239331031, 6.671981241147393E-12
240, Flight20, LOWRISK2, 4.961187756976449E-13, 4.3105707601816E-12, 3.292344381051927E-12, 0.5898225335173412, 0.09699121669033671, 0.24351079976139647, 0.0696754500093761, 1.351553896158946E-11
240, Flight20, LOWRISK3, 1.640574329478022E-12, 1.4217009086140281E-11, 1.0812383330178792E-11, 0.5130280982249538, 0.23855973083934118, 0.1536385677121905, 0.09477360315376494, 4.314453972784444E-11
240, Flight20, LOWRISK4, 0.6947364745041126, 0.08070506262136706, 3.629605187821927E-11, 0.11439985319741236, 6.150961892772851E-12, 0.11015860962326086, 6.14907139013037E-12, 5.31580975820497E-12
240, Flight21, SELECTEE, 1.1714229337771076E-12, 1.060050251659174E-11, 7.854529009689445E-12, 0.052088298227003824, 0.9225333810683645, 0.010411701736325244, 0.014966618915273828, 3.347116825905613E-11
240, Flight21, UNKNOWN, 0.16369713378967093, 0.026725795877861745, 4.33935464918621E-12, 0.45133583123544346, 7.219022556057749E-13, 0.3582412390906781, 7.212037480647977E-13, 6.281744951724385E-13
240, Flight21, LOWRISK1, 7.214495980119811E-13, 6.1264468396766775E-12, 3.6065069242377878E-12, 0.6388135138966741, 2.407343365659452E-12, 0.36118648608632353, 2.4032969920710937E-12, 1.8901185315000224E-12
240, Flight21, LOWRISK2, 5.30294640044213E-13, 4.5349937034891455E-12, 3.3881032063565384E-12, 0.6504533347600385, 2.1886396928732027E-11, 0.34954666517978433, 2.187037190278289E-11, 8.03215694113174E-12
240, Flight21, LOWRISK3, 9.342078861583529E-12, 8.059441535533191E-11, 6.122433432373846E-11, 0.5882353515605011, 0.11596804407310608, 0.224264647381292, 0.07153195652936531, 3.046394505099981E-10
240, Flight21, LOWRISK4, 0.8271240718486144, 0.0558833531529768, 5.023077562419561E-11, 0.0590280750322735, 8.555361853925788E-12, 0.0579644998914798, 8.55334897041239E-12, 7.380958308524541E-12
240, Flight22, SELECTEE, 9.279781685729363E-12, 8.531317950601067E-11, 6.271444629299566E-11, 0.31857789076973225, 0.5079109179032107, 0.08142210892776128, 0.0920890819922928, 2.4976035795735945E-10
240, Flight22, UNKNOWN, 0.4651351200436515, 0.013783919587842497, 2.304060056533027E-12, 0.25707102862145575, 3.8242682650720593E-13, 0.2640099317437139, 3.8238386084631055E-13, 3.3249630228948557E-13
240, Flight22, LOWRISK1, 0.1941019988332155, 0.05308201049912376, 9.724689359208558E-12, 0.41570094340728964, 1.6224589873264017E-12, 0.3371150472460587, 1.6207766317780164E-12, 1.4092789000174716E-12
240, Flight22, LOWRISK2, 0.18306104072452045, 0.15245063328489905, 5.1147264191361006E-11, 0.37589636117307795, 8.686495092949281E-12, 0.2885919647415488, 8.663399301197315E-12, 7.521362107368072E-12
240, Flight22, LOWRISK3, 0.11094015316997233, 0.20153861876082996, 2.5728425151410146E-10, 0.42411443096432444, 4.2636814687000864E-11, 0.26340679672582634, 4.247892608888692E-11, 3.671184862605109E-11
240, Flight22, LOWRISK4, 0.9999999999047465, 1.9502056533695227E-11, 1.7067295960815726E-11, 1.7060538281345275E-11, 8.36122441815694E-12, 1.7070595681303053E-11, 8.364394204381722E-12, 7.892390681336477E-12
240, Flight23, SELECTEE, 4.431365023338517E-14, 1.0587893491020059E-13, 1.0573206557873823E-13, 3.043418762899503E-13, 0.9999999998941781, 1.2879554109749597E-13, 2.2074417192060703E-13, 1.0497695994883995E-10
240, Flight23, UNKNOWN, 0.1082042923167395, 0.026161369135448278, 4.333617568122582E-12, 0.5044015738326987, 7.231853445698163E-13, 0.36123276470877, 7.219789788145188E-13, 6.296396870135403E-13
240, Flight23, LOWRISK1, 3.035327095423147E-13, 2.629009422149265E-12, 2.014114285279255E-12, 0.5796966129626678, 0.09777627454348466, 0.2536367203634554, 0.06889039211759854, 7.911948786744777E-12
240, Flight23, LOWRISK2, 5.825727369009235E-13, 5.067269650376853E-12, 3.8681607118979235E-12, 0.5889651991355421, 0.09718205916524661, 0.24436813414042932, 0.06948460753353343, 1.579556939497736E-11
240, Flight23, LOWRISK3, 9.347581443309771E-12, 8.179917611653117E-11, 6.160102668509558E-11, 0.5142369017943675, 0.2346365737318452, 0.15242976389628712, 0.09869676016098174, 2.638356536487806E-10
240, Flight23, LOWRISK4, 0.6937929878567226, 0.08919644243108585, 5.047711280334353E-11, 0.11029251167726802, 8.574806735192388E-12, 0.10671805795995938, 8.572389426575278E-12, 7.404762103796115E-12
240, Flight24, SELECTEE, 1.3984909536359966E-12, 1.2200308839783204E-11, 9.257381741031005E-12, 0.4730993276331748, 0.2629223900006407, 0.1519006723249912, 0.11207760998057714, 3.7824993507667314E-11
240, Flight24, UNKNOWN, 0.6649550661904919, 0.015404404261286015, 2.9521055329797902E-12, 0.15369884452294127, 4.916530245990684E-13, 0.1659416850209832, 4.917002444130366E-13, 4.269838141643181E-13
240, Flight24, LOWRISK1, 0.32916438109207036, 0.03752057017540914, 6.14649411254855E-12, 0.32932665040914694, 1.0164437813300495E-12, 0.3039883983143768, 1.0161312574666348E-12, 8.824467148621066E-13
240, Flight24, LOWRISK2, 0.3224399632747581, 0.09804033032672346, 2.3539948288519557E-11, 0.3009545163577437, 3.954443538830408E-12, 0.2785651900059659, 3.9522735002903974E-12, 3.427144138489157E-12
240, Flight24, LOWRISK3, 0.2322534110809567, 0.1597192971544701, 6.372997486976686E-11, 0.3230464069771919, 1.0763180931764079E-11, 0.28498088469290034, 1.0757360007613716E-11, 9.295237703360974E-12
240, Flight24, LOWRISK4, 0.9999999999361064, 1.3081566341870559E-11, 1.1467401594548359E-11, 1.1456826941923562E-11, 5.597147766286344E-12, 1.1469560701072815E-11, 5.600585764223487E-12, 5.285731031901499E-12
240, Flight25, SELECTEE, 8.90985087159827E-12, 7.858729819215629E-11, 4.8657791708944406E-11, 0.6214375017823757, 4.5730285784624215E-11, 0.3785624979564461, 4.52511101329677E-11, 3.4106948978900906E-11
240, Flight25, UNKNOWN, 0.9999999999963487, 8.621927169022823E-13, 6.418242926291462E-13, 7.605512378916587E-13, 2.369198319209721E-13, 7.602499606021588E-13, 2.3712370393391965E-13, 2.1734376269285626E-13
240, Flight25, LOWRISK1, 0.551562455923721, 0.03593789669264965, 7.068129273140413E-12, 0.2071265069781091, 1.1795092005535036E-12, 0.2053731403951351, 1.17917655871141E-12, 1.0234341476699869E-12
240, Flight25, LOWRISK2, 0.5471524238611996, 0.07562818499414671, 1.9867230438231437E-11, 0.18933594154185227, 3.3362624872040717E-12, 0.18788344957343875, 3.3354500467916995E-12, 2.8887809010511154E-12
240, Flight25, LOWRISK3, 0.4305297404770875, 0.1252323315469387, 8.445259036398247E-11, 0.22449898320969516, 1.4212811351769119E-11, 0.21973894464121543, 1.4211037297360384E-11, 1.2251611016292814E-11
240, Flight25, LOWRISK4, 0.9999999999785303, 4.397739729949131E-12, 3.8654563839397604E-12, 3.863771297961355E-12, 1.8812251207290125E-12, 3.8663019818160584E-12, 1.8819540492652043E-12, 1.7783636225541176E-12
240, Flight26, SELECTEE, 0.6546682071820478, 0.10798613528641476, 8.299371339264195E-11, 0.11701225494517524, 1.4177342083882951E-11, 0.12033340246283762, 1.4185800333449472E-11, 1.2235506659075128E-11
240, Flight26, UNKNOWN, 0.999999999998736, 2.7246785619221517E-13, 2.3865654404034437E-13, 2.3888919388260597E-13, 1.1544807425668315E-13, 2.387562881400955E-13, 1.15653513330835E-13, 1.0931683858633284E-13
240, Flight26, LOWRISK1, 0.999999999992823, 1.4775477836596454E-12, 1.3011859195920716E-12, 1.3009661710958071E-12, 6.321974137984275E-13, 1.3015985849626166E-12, 6.322957529678808E-13, 5.981546278871398E-13
240, Flight26, LOWRISK2, 0.9999999999919346, 1.6588578554872981E-12, 1.4602444849834387E-12, 1.4598602278859238E-12, 7.104553821476547E-13, 1.460579343097676E-12, 7.106233512369642E-13, 6.720923445254807E-13
240, Flight26, LOWRISK3, 0.9999999999785171, 4.399621523151139E-12, 3.867857016084947E-12, 3.8678886251402245E-12, 1.882459255267976E-12, 3.869674787761554E-12, 1.8830845359805588E-12, 1.779653212073693E-12
240, Flight26, LOWRISK4, 0.9999999999047849, 1.950638601404541E-11, 1.7067526026720208E-11, 1.7043374922526047E-11, 8.353298849301876E-12, 1.7068243864169234E-11, 8.360866190856719E-12, 7.88309926234474E-12
240, Flight27, SELECTEE, 4.588188234523151E-12, 4.0190608427552515E-11, 2.490480608772166E-11, 0.622474167532201, 2.2725578574268446E-11, 0.3775258323358202, 2.2554367827493283E-11, 1.7079713525384894E-11
240, Flight27, UNKNOWN, 0.9999999999962395, 8.697017299450254E-13, 6.687402195935363E-13, 7.674516878054835E-13, 2.574488100952485E-13, 7.674258567962601E-13, 2.575996379582972E-13, 2.3714206306370916E-13
240, Flight27, LOWRISK1, 0.550992081817986, 0.04107126364274077, 8.415621757404174E-12, 0.20465782601762647, 1.4074900704429224E-12, 0.2032788285092603, 1.4071097801972454E-12, 1.2211051789437915E-12
240, Flight27, LOWRISK2, 0.5471524238611996, 0.07562818499414671, 1.9867230438231437E-11, 0.18933594154185227, 3.3362624872040717E-12, 0.18788344957343875, 3.3354500467916995E-12, 2.8887809010511154E-12
240, Flight27, LOWRISK3, 0.4298329474038032, 0.13150346925665646, 4.3438522237037E-11, 0.22016413314792274, 7.166090419642395E-12, 0.21849945012774052, 7.164543464620006E-12, 6.172911810454283E-12
240, Flight27, LOWRISK4, 0.9999999999614858, 7.884219835853663E-12, 6.921518702473188E-12, 6.916290601934937E-12, 3.372873349140402E-12, 6.922790873074403E-12, 3.3745850356133368E-12, 3.186928357803542E-12
240, Flight28, SELECTEE, 9.246911048268095E-12, 1.5395931200663274E-10, 9.850245185742272E-11, 0.05211286152811204, 0.9223636636750191, 0.010387138014212653, 0.015136336254701331, 2.6631100874724715E-10
240, Flight28, UNKNOWN, 0.1651685899130011, 0.013482690770556813, 1.869792561827295E-12, 0.46377926368172917, 3.0730046335411596E-13, 0.35756945563202597, 3.07338248058478E-13, 2.673649186606566E-13
240, Flight28, LOWRISK1, 8.67747425344016E-13, 7.41718341488869E-12, 4.456535116894504E-12, 0.6392151123187043, 3.2213547271720657E-12, 0.3607848876597567, 3.2142478038504966E-12, 2.5034498097579493E-12
240, Flight28, LOWRISK2, 2.145278673887447E-12, 1.876827327026001E-11, 1.321531349079927E-11, 0.643596661174058, 2.928387877320342E-11, 0.35640333871574886, 2.902182902598458E-11, 1.7823323222459116E-11
240, Flight28, LOWRISK3, 2.456558502536855E-12, 2.1181187049908706E-11, 1.6103025359473843E-11, 0.5890368026378998, 0.11841204293839071, 0.2234631965222251, 0.0690879577968698, 6.493873074250053E-11
240, Flight28, LOWRISK4, 0.8271240718486144, 0.0558833531529768, 5.023077562419561E-11, 0.0590280750322735, 8.555361853925788E-12, 0.0579644998914798, 8.55334897041239E-12, 7.380958308524541E-12
240, Flight29, SELECTEE, 1.3662033420365641E-12, 1.2054272261951735E-11, 9.084188770587502E-12, 0.20316023965405078, 0.6882985988286976, 0.04683976030397096, 0.06170140115233205, 3.850882853526766E-11
240, Flight29, UNKNOWN, 0.3319284597967988, 0.012643861812856393, 1.8386795956271737E-12, 0.34365155032712286, 3.023844303258712E-13, 0.3117761280605804, 3.025622590661327E-13, 2.6301725268957807E-13
240, Flight29, LOWRISK1, 0.1070528844960845, 0.036524039535359994, 6.577958838936692E-12, 0.5019678709694502, 1.0964748754843254E-12, 0.3544552049894474, 1.0957426696264308E-12, 9.528793768889959E-13
240, Flight29, LOWRISK2, 0.09901081124339287, 0.10890269866270041, 2.8634285177011285E-11, 0.4784274252331375, 4.8592090588114305E-12, 0.31365906481827927, 4.844557283193205E-12, 4.21675177770599E-12
240, Flight29, LOWRISK3, 0.04074999502737837, 0.13325004245146432, 2.5220826808171723E-10, 0.5421812468414443, 4.201704398758053E-11, 0.2838187153076062, 4.160361702101823E-11, 3.634269501502692E-11
240, Flight29, LOWRISK4, 0.9999999998137956, 3.8137355331405216E-11, 3.3290210849666297E-11, 3.325243199206376E-11, 1.6419480891533158E-11, 3.326334637568124E-11, 1.642578114530153E-11, 1.5480442104906265E-11
240, Flight30, SELECTEE, 4.53939327285327E-12, 5.688236792584214E-11, 3.689310069116723E-11, 0.05238380551034204, 0.9219031180261872, 0.010116194310222499, 0.0155968819281332, 1.2686504273327265E-10
240, Flight30, UNKNOWN, 0.16454948987316384, 0.01905459112794351, 2.9209495464455065E-12, 0.4552957790694346, 4.840015305429677E-13, 0.3611001399252135, 4.835378192657243E-13, 4.21054118066649E-13
240, Flight30, LOWRISK1, 7.952089296193153E-13, 6.776875943283173E-12, 4.038706248242031E-12, 0.639142146890366, 2.8222596361442614E-12, 0.36085785309032686, 2.8168395439773833E-12, 2.202870481316522E-12
240, Flight30, LOWRISK2, 5.584447193105324E-13, 4.782840479458414E-12, 3.5686375142609914E-12, 0.6497921874377622, 2.1974145331242726E-11, 0.3502078125011676, 2.1954206520466343E-11, 8.29655003481036E-12
240, Flight30, LOWRISK3, 3.241134653335304E-12, 2.8052094691897062E-11, 2.128594496421436E-11, 0.5897664485939781, 0.11443287491136958, 0.22273355054103805, 0.07306712581338497, 8.771532938861366E-11
240, Flight30, LOWRISK4, 0.8274101946984616, 0.05330824746402051, 8.768947813992372E-11, 0.05466817221158739, 1.452920145063835E-11, 0.06461338549676002, 1.452191462348129E-11, 1.2494842979070419E-11