TimeWindow, Flight, RiskCategory, O337, O338, O339, O340, O341, O342, O343, O344
240, Flight1, SELECTEE, 9.751856102743069E-12, 7.67460034685606E-11, 5.997770368130521E-11, 0.4746333459641439, 0.2626114100232264, 0.15036665379134193, 0.11238858981586303, 2.609987754335793E-10
240, Flight1, UNKNOWN, 0.9999999999678814, 7.018355248455343E-12, 6.1904961641013346E-12, 6.446099704940633E-12, 2.7273588503143855E-12, 6.450376954506449E-12, 2.728156501202416E-12, 2.6074136073288947E-12
240, Flight1, LOWRISK1, 0.6615070358419114, 0.04643667604805243, 5.647361885596937E-11, 0.14432534236593278, 9.774054405182279E-12, 0.14773094566134615, 9.765892778329982E-12, 8.793325579490125E-12
240, Flight1, LOWRISK2, 0.4044583182579733, 0.10987513532366895, 1.407767390345437E-10, 0.25788478237774337, 2.427057747384785E-11, 0.22778176383168972, 2.4242374763517648E-11, 2.1684776612986853E-11
240, Flight1, LOWRISK3, 0.3987391282446525, 0.16134782875028095, 1.6367259456818142E-9, 0.21861455449540948, 3.339032902366044E-10, 0.22129848591627008, 3.314415580950092E-10, 2.9336576869923767E-10
240, Flight1, LOWRISK4, 0.9999999997939292, 4.1739756155430227E-11, 3.758474732875922E-11, 3.747126915754623E-11, 1.8138045466745528E-11, 3.761611487407432E-11, 1.8190336155179885E-11, 1.7380185556846317E-11
240, Flight2, SELECTEE, 0.1455827094538908, 0.1897556146056343, 4.2629438122902E-10, 0.37353823726817853, 7.184420091145085E-11, 0.29112343804187996, 7.119957147469495E-11, 6.312812318587549E-11
240, Flight2, UNKNOWN, 0.9999999999707947, 6.210633779040544E-12, 5.676363155475227E-12, 5.669368897100221E-12, 2.704670669680839E-12, 5.6801226809359375E-12, 2.7072540112621853E-12, 2.6064501407600805E-12
240, Flight2, LOWRISK1, 0.9999999999495959, 1.0419056081368029E-11, 9.509419881986012E-12, 9.503868392390446E-12, 4.5549624596203674E-12, 9.519480114580807E-12, 4.559369165562876E-12, 4.387639460633705E-12
240, Flight2, LOWRISK2, 0.9999999999302099, 1.426602554670933E-11, 1.3020842822851696E-11, 1.3017262451630656E-11, 6.237009057201858E-12, 1.3044683502751634E-11, 6.2460564501515075E-12, 6.0078674638774796E-12
240, Flight2, LOWRISK3, 0.9999999985038907, 3.0272205387574814E-10, 2.689214594541545E-10, 2.6581211013275564E-10, 1.3348864844318863E-10, 2.671314017610208E-10, 1.3364084350798916E-10, 1.2644254839779385E-10
240, Flight2, LOWRISK4, 0.9999999998170541, 3.7069069144265876E-11, 3.341494744216219E-11, 3.327558306522306E-11, 1.6142504564230723E-11, 3.3426922997470594E-11, 1.619244233523715E-11, 1.5474095864541784E-11
240, Flight3, SELECTEE, 0.1475647620719535, 0.17191714117164772, 3.081177762255781E-10, 0.38257745127243287, 5.149548069169778E-11, 0.2979406450297541, 5.117640006621427E-11, 4.547223718970723E-11
240, Flight3, UNKNOWN, 0.9999999999900501, 2.3938985964849236E-12, 2.185092467917964E-12, 2.184619313066986E-12, 1.028457901655243E-12, 2.186213881829776E-12, 1.02987918298691E-12, 9.913082852999708E-13
240, Flight3, LOWRISK1, 0.999999999966399, 7.081043890645844E-12, 6.471845539341441E-12, 6.469359908138155E-12, 3.0868042708497903E-12, 6.477891171239517E-12, 3.0892566550165885E-12, 2.9747706332771794E-12
240, Flight3, LOWRISK2, 0.9999999999201792, 1.6262651490025685E-11, 1.4833130877339497E-11, 1.4830805820196544E-11, 7.1112574893875885E-12, 1.486241166493858E-11, 7.122068440041597E-12, 6.848546771608008E-12
240, Flight3, LOWRISK3, 0.9999999985038907, 3.0272205387574814E-10, 2.689214594541545E-10, 2.6581211013275564E-10, 1.3348864844318863E-10, 2.671314017610208E-10, 1.3364084350798916E-10, 1.2644254839779385E-10
240, Flight3, LOWRISK4, 0.9999999995938416, 8.252865408966795E-11, 7.358006590161814E-11, 7.326374470556583E-11, 3.557159279643077E-11, 7.361668848181977E-11, 3.5693646669948654E-11, 3.3953782867585744E-11
240, Flight4, SELECTEE, 8.359192924816815E-13, 2.0409935808845914E-12, 2.0445697935926072E-12, 5.9580518601720495E-12, 0.9999999993906451, 2.530507463768554E-12, 4.0589529374683024E-12, 5.939355610324908E-10
240, Flight4, UNKNOWN, 0.2566118675089743, 0.02382652567253103, 1.986035761094455E-11, 0.4212870933063614, 3.252146730284301E-12, 0.29827451348487943, 3.2484696002907935E-12, 2.9423702650954232E-12
240, Flight4, LOWRISK1, 0.10499407115479796, 0.055053358974889825, 5.291235546765281E-11, 0.5587915800265841, 8.939384132537902E-12, 0.2811609897669599, 8.898502245480055E-12, 8.067526594610252E-12
240, Flight4, LOWRISK2, 1.3597815220830459E-11, 1.0596929633865206E-10, 7.267595770453527E-11, 0.707598166531377, 8.029446210197207E-11, 0.29240183306019185, 7.874971715023304E-11, 5.919395383396268E-11
240, Flight4, LOWRISK3, 1.7987421587467645E-10, 6.250862399601372E-10, 4.5783631632070316E-10, 0.6392594220327152, 1.9682601767119177E-9, 0.36074057150968897, 2.313503737889637E-9, 9.150846615110361E-10
240, Flight4, LOWRISK4, 0.8462041032572383, 0.05082973401610468, 2.5020970375197733E-10, 0.05165663415531928, 4.317618695214881E-11, 0.051309528198880704, 4.320752140277368E-11, 3.7913662571687045E-11
240, Flight5, SELECTEE, 1.4136677192161564E-11, 1.1392217030386558E-10, 8.793309764944129E-11, 0.4732122951293314, 0.2650079351890147, 0.15178770448892884, 0.10999206460036895, 3.7841389416687694E-10
240, Flight5, UNKNOWN, 0.9999999999798733, 4.719176918270413E-12, 3.986263797829486E-12, 4.361671094974473E-12, 1.608962840618574E-12, 4.3633436724143024E-12, 1.6102581656520402E-12, 1.5266438222350596E-12
240, Flight5, LOWRISK1, 0.6610533827903414, 0.050519553515219744, 5.1831083438242856E-11, 0.15014798883501992, 7.804816971560949E-12, 0.13827907478707702, 7.810121852622711E-12, 6.945685001978166E-12
240, Flight5, LOWRISK2, 0.40452887665857007, 0.10924010969611558, 1.5652143074752152E-10, 0.2493369470047489, 2.8164058390928934E-11, 0.23689406640442462, 2.810510887134763E-11, 2.539997571688422E-11
240, Flight5, LOWRISK3, 0.39888615223872276, 0.16002461410960928, 2.5153615351486527E-10, 0.2313718032129907, 4.68799075738054E-11, 0.2097174300526215, 4.6947627927667984E-11, 4.2741622226112475E-11
240, Flight5, LOWRISK4, 0.9999999995919276, 8.28972140737403E-11, 7.39305048185975E-11, 7.3734022587572E-11, 3.568481819428756E-11, 7.40160101569756E-11, 3.5791377275819466E-11, 3.406832959735831E-11
240, Flight6, SELECTEE, 3.285012325981657E-11, 2.7314061502826383E-10, 1.7001934872469793E-10, 0.6303440647645683, 1.4745431987354068E-10, 0.3696559343583137, 1.4233592207069153E-10, 1.1336753995095621E-10
240, Flight6, UNKNOWN, 0.9999999999855883, 3.2760314677892818E-12, 2.995236798561043E-12, 2.9960718009715164E-12, 1.4151788187071501E-12, 2.998342160885214E-12, 1.4161697442381622E-12, 1.364409900621984E-12
240, Flight6, LOWRISK1, 0.9999999997899616, 5.693961473690134E-11, 2.958822974804288E-11, 5.1267389090530943E-11, 7.897869778064012E-12, 5.1281712765009306E-11, 7.901512894393009E-12, 7.2119544578186185E-12
240, Flight6, LOWRISK2, 0.6595169678923845, 0.06434728868010915, 9.915513542712277E-11, 0.13906385881730762, 1.657533288466576E-11, 0.13707188446535165, 1.6579858818641735E-11, 1.4586556140295742E-11
240, Flight6, LOWRISK3, 0.6537178042703063, 0.11653974048496822, 1.2059623200410944E-9, 0.11479691411697776, 1.5961112713487075E-10, 0.11494553946782916, 1.59179135084594E-10, 1.3721555157731154E-10
240, Flight6, LOWRISK4, 0.9999999997650995, 4.759432350156559E-11, 4.27818621175146E-11, 4.2633632564569866E-11, 2.064728867143156E-11, 4.2812732517411075E-11, 2.0709668638141015E-11, 1.977074521376825E-11
240, Flight7, SELECTEE, 1.1195533286338572E-11, 9.201465642195583E-11, 7.01463073664874E-11, 0.2042128659770522, 0.6859173590511904, 0.04578713371342264, 0.06408264070400867, 3.8301920859094367E-10
240, Flight7, UNKNOWN, 0.5525324760183872, 0.027207715718765936, 2.3736668484520048E-11, 0.21698903026907196, 3.901060890737502E-12, 0.20327077796076434, 3.902504162169238E-12, 3.5202171525028588E-12
240, Flight7, LOWRISK1, 0.3274721005547499, 0.05275109408132981, 5.177225144526802E-11, 0.3586321988793763, 8.689042770244991E-12, 0.26114460640962966, 8.675246776370174E-12, 7.827443324045332E-12
240, Flight7, LOWRISK2, 0.15617204180147362, 0.09445162356269705, 1.0893624149909715E-10, 0.4783540897089609, 1.8458267218727325E-11, 0.27102224476656994, 1.840294461321724E-11, 1.6550965005124156E-11
240, Flight7, LOWRISK3, 0.15439975362450487, 0.11040220718397345, 2.1931009642252881E-10, 0.49755614757506467, 3.943711506293614E-11, 0.23764189128527874, 3.9432708433655064E-11, 3.5047872247207214E-11
240, Flight7, LOWRISK4, 0.9999999997637685, 4.784437482725807E-11, 4.304829567441856E-11, 4.2946828779261596E-11, 2.071139119011545E-11, 4.3118526092623237E-11, 2.0768423497294112E-11, 1.984314266012589E-11
240, Flight8, SELECTEE, 3.306342288348952E-11, 3.6663041589528383E-10, 2.4325723612666113E-10, 0.1178851278542994, 0.8194374098494724, 0.024972013817845983, 0.03770544705299612, 7.84484733073892E-10
240, Flight8, UNKNOWN, 0.4259755758015857, 0.023362674832341498, 1.7928976412777575E-11, 0.2961835522504297, 2.8908041788535454E-12, 0.254478197091367, 2.8928874887323727E-12, 2.6132358759298265E-12
240, Flight8, LOWRISK1, 0.23200044970127034, 0.054853094750047696, 4.927639728856325E-11, 0.44082826520841223, 8.093940234862108E-12, 0.2723181902695848, 8.08331604071081E-12, 7.281053797279323E-12
240, Flight8, LOWRISK2, 0.08579146744901196, 0.08501964991243639, 9.559161910121292E-11, 0.5595108829346427, 1.6159959042177146E-11, 0.26967799956361727, 1.607732081494953E-11, 1.4512437911303637E-11
240, Flight8, LOWRISK3, 0.08037729878535137, 0.13374715920030272, 2.951252554957647E-10, 0.5298852887068889, 5.133830815381784E-11, 0.2559902528666897, 5.1081810652859127E-11, 4.5271833181675E-11
240, Flight8, LOWRISK4, 0.9999999997622623, 4.814002688461994E-11, 4.333661977264683E-11, 4.330678765709953E-11, 2.0785460525837277E-11, 4.346147560190573E-11, 2.0838383209405628E-11, 1.9918820022861567E-11
240, Flight9, SELECTEE, 1.5265687085815692E-11, 1.2738096600189466E-10, 9.621639915040255E-11, 0.20406171021924552, 0.6856472689061311, 0.04593828934219672, 0.06435273078257805, 5.130353400995636E-10
240, Flight9, UNKNOWN, 0.550889952351907, 0.041990428698888374, 3.932142076782769E-11, 0.21021816080848363, 6.496195318130051E-12, 0.19690145808461937, 6.4969234738027115E-12, 5.836571083807207E-12
240, Flight9, LOWRISK1, 0.3275559765772064, 0.051996209885016645, 4.714466906551932E-11, 0.3592568637278572, 7.778456026360193E-12, 0.2611909497422737, 7.771218323312888E-12, 7.001490160101808E-12
240, Flight9, LOWRISK2, 0.15023514140611674, 0.14788372694777221, 2.680490713751102E-10, 0.4506989615672331, 4.558448540990903E-11, 0.2511821696817655, 4.5115052560818305E-11, 4.041350495055E-11
240, Flight9, LOWRISK3, 0.1522281889344114, 0.12994628933881539, 2.566004346483838E-10, 0.4610835741429949, 4.3951020731763E-11, 0.2567419472026573, 4.391382882076091E-11, 3.8705615172410434E-11
240, Flight9, LOWRISK4, 0.9999999984427842, 3.1851470218417766E-10, 2.800374830483151E-10, 2.7908112118198124E-10, 1.3645312171799253E-10, 2.79576017592382E-10, 1.365631172628848E-10, 1.2903998427761672E-10
240, Flight10, SELECTEE, 2.234156068896443E-11, 1.7481840065744685E-10, 1.1031185272423832E-10, 0.632569902138251, 8.912884970906221E-11, 0.36743009731041626, 8.732499366882373E-11, 6.945696102233809E-11
240, Flight10, UNKNOWN, 0.9999999999775473, 4.869194745171304E-12, 4.4533099912509245E-12, 4.454193609371535E-12, 2.1139271921785615E-12, 4.458833814933806E-12, 2.1152213521409283E-12, 2.0379066650303025E-12
240, Flight10, LOWRISK1, 0.9999999997901676, 5.963858924061759E-11, 2.688826314823546E-11, 5.28373100262542E-11, 6.750463764034041E-12, 5.2857760766518855E-11, 6.753018367099505E-12, 6.157014576588959E-12
240, Flight10, LOWRISK2, 0.6589905250012534, 0.0690852746827909, 1.0529136609632795E-10, 0.13704565080016964, 1.7506497334620226E-11, 0.13487854936211333, 1.7511835938903638E-11, 1.5412771551754447E-11
240, Flight10, LOWRISK3, 0.6532371580397405, 0.12086555602605104, 2.1777844730881127E-9, 0.11282886451502043, 3.781751693129275E-10, 0.11306841817181648, 3.7552613718073E-10, 3.179351989696546E-10
240, Flight10, LOWRISK4, 0.9999999991946237, 1.650030947552729E-10, 1.4529952945160526E-10, 1.4500704573414768E-10, 6.999335996956378E-11, 1.4544846156451045E-10, 7.019008858235567E-11, 6.648471723489098E-11
240, Flight11, SELECTEE, 8.537746398678473E-13, 2.0300827268918264E-12, 2.0313880372055645E-12, 5.608487207921064E-12, 0.9999999985592883, 2.468832746912638E-12, 4.09246113790054E-12, 1.4256762380318403E-9
240, Flight11, UNKNOWN, 0.2549022829056769, 0.03921278708561395, 3.441038498491482E-11, 0.4076517182817604, 5.692230679291249E-12, 0.29823321167807315, 5.681702982845254E-12, 5.140889507226162E-12
240, Flight11, LOWRISK1, 0.10562783823945596, 0.04934945522087764, 4.569014089152196E-11, 0.5610168528987214, 7.6683279133089E-12, 0.284005853575074, 7.639284790487484E-12, 6.9231484124280635E-12
240, Flight11, LOWRISK2, 7.425412479253537E-12, 4.9134053845483104E-11, 3.6569744129674943E-11, 0.7107053589454292, 4.567344588939495E-11, 0.28929464084024, 4.5362780166582376E-11, 3.2215076902990534E-11
240, Flight11, LOWRISK3, 1.4456446439373758E-11, 1.0454040846823674E-10, 8.259340862554991E-11, 0.6999190912498225, 2.9422676392966684E-9, 0.3000809050445743, 3.093770519625992E-10, 2.544177918739923E-10
240, Flight11, LOWRISK4, 0.8460162437636392, 0.05252046923911976, 4.037798077105612E-10, 0.050877546739763135, 6.840788490433022E-11, 0.05058573965921181, 6.842316888797092E-11, 5.970505141616781E-11
240, Flight12, SELECTEE, 1.3380171391882425E-11, 1.0961024637499351E-10, 8.394592043044773E-11, 0.32064130764188065, 0.5044676884195372, 0.07935869198805573, 0.09553231132278005, 4.228596124711065E-10
240, Flight12, UNKNOWN, 0.7301015321985813, 0.029086210066735677, 3.124334003756626E-11, 0.12101587866946864, 5.287279190693413E-12, 0.11979637902069323, 5.2885363711935745E-12, 4.751601525349309E-12
240, Flight12, LOWRISK1, 0.4587306784373785, 0.0714238929274696, 8.135664139906421E-11, 0.26164727154487477, 1.3550183527075586E-11, 0.20819815697175728, 1.3551088437508084E-11, 1.2111511935431394E-11
240, Flight12, LOWRISK2, 0.2540259534740908, 0.11376641844876158, 1.4532591496826165E-10, 0.3786538182921355, 2.4266427754973412E-11, 0.253553809571641, 2.4206437219220276E-11, 2.1622152217933205E-11
240, Flight12, LOWRISK3, 0.24406918863948376, 0.20337728908522265, 9.915910186243704E-10, 0.31658548232515177, 1.7497478690777416E-10, 0.23596803846128395, 1.7223652725379877E-10, 1.5210546635513463E-10
240, Flight12, LOWRISK4, 0.999999999764533, 4.7697284490481685E-11, 4.290052680245265E-11, 4.2762675445658705E-11, 2.0673815903091982E-11, 4.294517294387787E-11, 2.0733767320043E-11, 1.9803371046077126E-11
240, Flight13, SELECTEE, 8.303115535112024E-12, 7.12349813684768E-11, 5.220942784598176E-11, 0.051870672239097526, 0.9204179933352057, 0.010629327527470492, 0.01708200648490266, 2.8362581594242667E-10
240, Flight13, UNKNOWN, 0.3285102021085321, 0.043408180913666945, 3.8951962479280364E-11, 0.34971985447789655, 6.44697505723952E-12, 0.2783617624443025, 6.439704201209287E-12, 5.812913694131154E-12
240, Flight13, LOWRISK1, 0.16099707540175487, 0.05102632068703042, 4.60805078027527E-11, 0.5081515137580778, 7.621251457372136E-12, 0.2798250900870133, 7.605789464344956E-12, 6.865695726633276E-12
240, Flight13, LOWRISK2, 0.029802801856847614, 0.10677478296307662, 2.5664079556271523E-10, 0.6112025741565108, 4.725845211378915E-11, 0.2522198406334191, 4.608392326304871E-11, 4.221242690113728E-11
240, Flight13, LOWRISK3, 0.028749512918299434, 0.11625437578836303, 4.26200845924402E-10, 0.5962506599885111, 7.501744591849552E-11, 0.25874545066640187, 7.335845709505373E-11, 6.589740692058774E-11
240, Flight13, LOWRISK4, 0.9999999994942981, 1.1028974338081961E-10, 9.043867049260615E-11, 9.819365926273727E-11, 3.7596607218307605E-11, 9.832917026083021E-11, 3.7663533520539874E-11, 3.524034150304275E-11
240, Flight14, SELECTEE, 1.0860292262308458E-11, 8.607331837143016E-11, 6.703643892397099E-11, 0.4742346515846362, 0.26331660682160596, 0.15076534813628714, 0.11168339300428194, 2.912682834170396E-10
240, Flight14, UNKNOWN, 0.999999999981107, 4.522976429044341E-12, 3.742038084637784E-12, 4.186079380148843E-12, 1.4605079953810966E-12, 4.187454381565277E-12, 1.4622380184174626E-12, 1.3813327813350376E-12
240, Flight14, LOWRISK1, 0.6620171701512727, 0.04184546726562157, 5.350852584860474E-11, 0.15595715846940503, 9.237263446501595E-12, 0.1401802040354739, 9.238824462528387E-12, 8.291926421499282E-12
240, Flight14, LOWRISK2, 0.4037801203893329, 0.11597891615367831, 1.4505866577470806E-10, 0.25629877366757625, 2.284357255694945E-11, 0.22394218958050632, 2.2812934902458114E-11, 2.024071415437658E-11
240, Flight14, LOWRISK3, 0.39848783911349267, 0.1636094324311793, 3.479163141960341E-10, 0.22174669921593168, 6.044224067227665E-11, 0.21615602871943732, 6.037299342373076E-11, 5.3277119684283146E-11
240, Flight14, LOWRISK4, 0.999999999672209, 6.649227402858778E-11, 5.950629929545996E-11, 5.933368510327782E-11, 2.8705745883842258E-11, 5.957083199200026E-11, 2.8790024273790643E-11, 2.744172616830689E-11
240, Flight15, SELECTEE, 9.585983928711918E-12, 7.923888289526307E-11, 5.988905423847376E-11, 0.117606636508431, 0.8197335150583946, 0.02525050608368765, 0.037409341860400146, 3.4242238823399885E-10
240, Flight15, UNKNOWN, 0.42547687505185416, 0.02785098157338182, 2.3427938332149915E-11, 0.29223442213768636, 3.83903193025736E-12, 0.25443772120455127, 3.8391310404903284E-12, 3.46991137639657E-12
240, Flight15, LOWRISK1, 0.22968021872213182, 0.0757351735291889, 7.893453601215251E-11, 0.4292989738313568, 1.3211962781346973E-11, 0.2652856338021847, 1.3183822559603426E-11, 1.1857173372354866E-11
240, Flight15, LOWRISK2, 0.08354843585456075, 0.105206934215575, 1.4419406503667815E-10, 0.5492614692933259, 2.4629380090117522E-11, 0.26198316042326963, 2.4450436008464255E-11, 2.2044414679519904E-11
240, Flight15, LOWRISK3, 0.07667194222239362, 0.16709536802529978, 5.193884446220118E-10, 0.501747523621979, 9.209663349371266E-11, 0.2544851653501342, 9.018411388363345E-11, 8.057395497691467E-11
240, Flight15, LOWRISK4, 0.9999999991937641, 1.648668516873452E-10, 1.4539258864674858E-10, 1.4556912266950186E-10, 7.003779593614171E-11, 1.45670858171917E-10, 7.016621782050492E-11, 6.658240543330956E-11
240, Flight16, SELECTEE, 1.1610665518976183E-11, 9.446115458111256E-11, 7.263269585709867E-11, 0.32097362217075315, 0.504070245084229, 0.07902637751489038, 0.09592975468599953, 3.67473007165544E-10
240, Flight16, UNKNOWN, 0.7298232115967817, 0.03159109547865243, 3.457505163790532E-11, 0.11956742803508101, 5.857059942302062E-12, 0.1190182648399857, 5.858573479522351E-12, 5.258179442586535E-12
240, Flight16, LOWRISK1, 0.46163189616239914, 0.04531293344489304, 4.97259743291298E-11, 0.28050388668856974, 8.474508145663097E-12, 0.21255128363189593, 8.459642591238199E-12, 7.631546303618265E-12
240, Flight16, LOWRISK2, 0.2561129528607634, 0.09498342400911472, 1.1450252950581217E-10, 0.3917070579630631, 1.915784093713578E-11, 0.25719656499920274, 1.9148661288037352E-11, 1.70967022478549E-11
240, Flight16, LOWRISK3, 0.24593700990950138, 0.18656689815436828, 5.228447939998417E-10, 0.32647881380698174, 8.936773734731929E-11, 0.2410172773522071, 8.862681647983625E-11, 7.815197801742385E-11
240, Flight16, LOWRISK4, 0.9999999994570932, 1.1064521460290838E-10, 9.819384377455476E-11, 9.801235418686339E-11, 4.727298940155194E-11, 9.836214881575891E-11, 4.7415764876706766E-11, 4.505414249900262E-11
240, Flight17, SELECTEE, 8.303115535112024E-12, 7.12349813684768E-11, 5.220942784598176E-11, 0.051870672239097526, 0.9204179933352057, 0.010629327527470492, 0.01708200648490266, 2.8362581594242667E-10
240, Flight17, UNKNOWN, 0.33011440890493554, 0.028970319762617776, 2.397073896990379E-11, 0.35857191952048517, 3.918077463110622E-12, 0.2823433517786653, 3.916028930308962E-12, 3.541125240813211E-12
240, Flight17, LOWRISK1, 0.16005732089107194, 0.05948411127016767, 5.7162863766392956E-11, 0.5009084597155319, 9.58086165129445E-12, 0.27955010804035396, 9.549414678860718E-12, 8.631230734299398E-12
240, Flight17, LOWRISK2, 0.029802801856847614, 0.10677478296307662, 2.5664079556271523E-10, 0.6112025741565108, 4.725845211378915E-11, 0.2522198406334191, 4.608392326304871E-11, 4.221242690113728E-11
240, Flight17, LOWRISK3, 0.030033404312228153, 0.1046993533965154, 2.9391610476560775E-10, 0.6079044068132718, 5.2866268750200004E-11, 0.25736283503416163, 5.2373199856603434E-11, 4.671706303494567E-11
240, Flight17, LOWRISK4, 0.9999999994263808, 1.2320062354362768E-10, 1.029713999486828E-10, 1.095285726995799E-10, 4.429540729929224E-11, 1.0964315322675074E-10, 4.437534543776E-11, 4.1654295278546025E-11
240, Flight18, SELECTEE, 2.4835091208110007E-11, 1.9842459838848595E-10, 1.2460250934467306E-10, 0.6323667262413311, 1.0298163702068488E-10, 0.3676332731293962, 1.0053963548237301E-10, 7.993898106977123E-11
240, Flight18, UNKNOWN, 0.9999999999775473, 4.8691947077655535E-12, 4.4533099613345265E-12, 4.454193579449062E-12, 2.1139271853377503E-12, 4.458833784973362E-12, 2.115221345295561E-12, 2.037906658809174E-12
240, Flight18, LOWRISK1, 0.9999999997872691, 5.3759905887095896E-11, 3.377257966480479E-11, 4.8747522044195876E-11, 1.0192349814552059E-11, 4.875205614755849E-11, 1.0198230731445087E-11, 9.357767831816652E-12
240, Flight18, LOWRISK2, 0.6616172011633094, 0.04544518928432081, 8.212243455776124E-11, 0.14721704772226094, 1.432271901359484E-11, 0.14572056170878236, 1.4325513835730649E-11, 1.2605633473470074E-11
240, Flight18, LOWRISK3, 0.6555970259962467, 0.09962674582113269, 2.945501011957044E-10, 0.1206423732426121, 4.162540790011757E-11, 0.1241338545288695, 4.160161727302363E-11, 3.541170172817908E-11
240, Flight18, LOWRISK4, 0.9999999991946237, 1.650030947552729E-10, 1.4529952945160526E-10, 1.4500704573414768E-10, 6.999335996956378E-11, 1.4544846156451045E-10, 7.019008858235567E-11, 6.648471723489098E-11
240, Flight19, SELECTEE, 1.5265687085815692E-11, 1.2738096600204048E-10, 9.621639915047546E-11, 0.20406171024171235, 0.6856472689490535, 0.04593828931972879, 0.0643527307396566, 5.130353400993693E-10
240, Flight19, UNKNOWN, 0.5527804794790334, 0.024975684575161555, 2.17365634350271E-11, 0.21740068599330492, 3.573933307452185E-12, 0.20484314992243555, 3.575860019199049E-12, 3.2278522360322822E-12
240, Flight19, LOWRISK1, 0.3269124238157129, 0.0577881847265484, 5.83118367415551E-11, 0.3586945240129995, 9.784804139418767E-12, 0.2566048673601201, 9.771470187500947E-12, 8.800878772745274E-12
240, Flight19, LOWRISK2, 0.14878786478257663, 0.16090921646837872, 3.5240483460856694E-10, 0.4422862536481549, 6.070358009232392E-11, 0.24801666457640079, 5.982179489991492E-11, 5.36086472141349E-11
240, Flight19, LOWRISK3, 0.14410669661551745, 0.20303971933747741, 1.0154067347833824E-9, 0.4014369832444847, 1.7979788453744446E-10, 0.2514165992783363, 1.7497600087331627E-10, 1.5605342165913693E-10
240, Flight19, LOWRISK4, 0.9999999994547318, 1.1112567019925867E-10, 9.862653867446326E-11, 9.857450125188099E-11, 4.740017498587784E-11, 9.887605978858875E-11, 4.753217923788539E-11, 4.518259140232216E-11
240, Flight20, SELECTEE, 8.359192924816815E-13, 2.0409935808845914E-12, 2.0445697935926072E-12, 5.9580518601720495E-12, 0.9999999993906451, 2.530507463768554E-12, 4.0589529374683024E-12, 5.939355610324908E-10
240, Flight20, UNKNOWN, 0.25631067424079224, 0.02653726508350222, 2.212258240840288E-11, 0.41843248035497754, 3.6235030188752726E-12, 0.29871958029013507, 3.619395083549521E-12, 3.277169827876586E-12
240, Flight20, LOWRISK1, 0.10478029833886954, 0.05697731431555916, 5.543341266376224E-11, 0.5581746191806621, 9.381872946307761E-12, 0.28006776808434125, 9.337184492396684E-12, 8.465234964015354E-12
240, Flight20, LOWRISK2, 8.004468813605799E-12, 5.475427650073858E-11, 4.024746014480887E-11, 0.7100061130823373, 4.906134874225093E-11, 0.2899938866840735, 4.86751955985143E-11, 3.489630369395616E-11
240, Flight20, LOWRISK3, 1.611892921804209E-11, 1.24354740144602E-10, 9.579005968996972E-11, 0.698417681683821, 1.1490046343655681E-9, 0.30158231454629203, 2.150490009516677E-9, 2.3617832719099464E-10
240, Flight20, LOWRISK4, 0.8461435541739594, 0.05137467570250354, 2.9357322125263204E-10, 0.05142879233357532, 4.943113363153753E-11, 0.05105297735632932, 4.9457850262191816E-11, 4.3219965116808727E-11
240, Flight21, SELECTEE, 9.232013395714058E-12, 8.094653031129933E-11, 5.866635243874804E-11, 0.05190566646887495, 0.9203681746766322, 0.01059433326497569, 0.01713182513544526, 3.0727660418991015E-10
240, Flight21, UNKNOWN, 0.32870132686927767, 0.04168805806896357, 3.7102595901900585E-11, 0.35056692057717753, 6.1358194259334706E-12, 0.2790436944317294, 6.129032673048012E-12, 5.534160868389103E-12
240, Flight21, LOWRISK1, 0.15905969982527382, 0.06846270084934156, 6.913412961674976E-11, 0.497542110526222, 1.1638301540957581E-11, 0.2749354886983722, 1.1596411392382425E-11, 1.0471377437143763E-11
240, Flight21, LOWRISK2, 0.03319549628650959, 0.07624053324567226, 1.023360461470413E-10, 0.6281821004433547, 1.7839294542345915E-11, 0.26238186987258705, 1.76983902954422E-11, 1.6052452824066306E-11
240, Flight21, LOWRISK3, 0.028550605769246812, 0.11804453586090381, 2.7583429041101077E-9, 0.5587409437291503, 2.7621096045766674E-10, 0.29466391105838663, 2.64593534800546E-10, 2.8521471196183236E-10
240, Flight21, LOWRISK4, 0.9999999994942981, 1.1028974338081961E-10, 9.043867049260615E-11, 9.819365926273727E-11, 3.7596607218307605E-11, 9.832917026083021E-11, 3.7663533520539874E-11, 3.524034150304275E-11
240, Flight22, SELECTEE, 6.692395152521901E-11, 6.298803973100253E-10, 4.4428032740139216E-10, 0.318677313911781, 0.5058616956800108, 0.0813226839052579, 0.09413830318202707, 2.181888070700167E-9
240, Flight22, UNKNOWN, 0.7306831302611912, 0.023851827519310313, 2.0013964270092815E-11, 0.12262724650009377, 3.2334857471393123E-12, 0.12283779569206117, 3.236531008356388E-12, 2.9090631710120475E-12
240, Flight22, LOWRISK1, 0.4587306784373785, 0.0714238929274696, 8.135664139906421E-11, 0.26164727154487477, 1.3550183527075586E-11, 0.20819815697175728, 1.3551088437508084E-11, 1.2111511935431394E-11
240, Flight22, LOWRISK2, 0.2476543059717467, 0.1711112456529792, 4.1838983075687115E-10, 0.3467798409739245, 7.168131956790907E-11, 0.2344546067794595, 7.091258584370319E-11, 6.295619439366728E-11
240, Flight22, LOWRISK3, 0.2430114109402039, 0.2128972869343696, 2.0788338492272726E-9, 0.31344645686903455, 3.2966397352057243E-10, 0.23064484223706055, 3.2551199457733034E-10, 2.87371255183847E-10
240, Flight22, LOWRISK4, 0.9999999991899645, 1.660542930161437E-10, 1.4616308683630566E-10, 1.4608779254432473E-10, 7.022413340334595E-11, 1.4643049366513807E-10, 7.040613033657931E-11, 6.671915856543669E-11
240, Flight23, SELECTEE, 8.471913225826552E-13, 2.035259808671518E-12, 2.0374657513978562E-12, 5.746369330306478E-12, 0.9999999990738107, 2.4936759680744045E-12, 4.077995937533774E-12, 9.110010137566063E-10
240, Flight23, UNKNOWN, 0.2546125649366914, 0.04182024880352721, 3.713053540034956E-11, 0.4061877205608858, 6.15197999970144E-12, 0.29737946564596884, 6.140029654036827E-12, 5.553984225748374E-12
240, Flight23, LOWRISK1, 0.10387550322048679, 0.06512047036916814, 6.663525977492018E-11, 0.5555967165253167, 1.1344381903707597E-11, 0.27540730978758793, 1.1284424220503665E-11, 1.0226166137047665E-11
240, Flight23, LOWRISK2, 9.169259328707036E-12, 6.571230595493919E-11, 4.732163215079125E-11, 0.7092838314772555, 5.569313426919266E-11, 0.29071616825165736, 5.5140565073496716E-11, 4.01001592401727E-11
240, Flight23, LOWRISK3, 1.7987421587467645E-10, 6.250862399601372E-10, 4.5783631632070316E-10, 0.6392594220327152, 1.9682601767119177E-9, 0.36074057150968897, 2.313503737889637E-9, 9.150846615110361E-10
240, Flight23, LOWRISK4, 0.8460162437636392, 0.05252046923911976, 4.037798077105612E-10, 0.050877546739763135, 6.840788490433022E-11, 0.05058573965921181, 6.842316888797092E-11, 5.970505141616781E-11
240, Flight24, SELECTEE, 1.2273477289740646E-11, 9.802363654810809E-11, 7.603306371222961E-11, 0.47377010177890516, 0.26411874318913453, 0.15122989789786337, 0.11088125662041008, 3.294064924759703E-10
240, Flight24, UNKNOWN, 0.9999999999750793, 5.602325759350482E-12, 4.879074437408578E-12, 5.1595548549393084E-12, 2.088135532739633E-12, 5.1611885893707616E-12, 2.088783682607207E-12, 1.991410913057759E-12
240, Flight24, LOWRISK1, 0.6618190230261743, 0.043628791393915116, 5.101041276095412E-11, 0.15328293890736305, 8.548169105300095E-12, 0.1412692465988335, 8.553940141080156E-12, 7.651290023819876E-12
240, Flight24, LOWRISK2, 0.40344074537082203, 0.11903329127583853, 1.854688482466651E-10, 0.2543528027633611, 3.251788021064041E-11, 0.22317316031262607, 3.247224319998645E-11, 2.894312831130512E-11
240, Flight24, LOWRISK3, 0.4002543114112575, 0.14771118148557105, 4.584815107891438E-10, 0.22649058467401673, 8.766827307920277E-11, 0.2255439217188298, 8.780687015431907E-11, 7.841796801216915E-11
240, Flight24, LOWRISK4, 0.9999999994587667, 1.1025447150355052E-10, 9.783775692971395E-11, 9.765202283272493E-11, 4.722009620877531E-11, 9.796890510411591E-11, 4.735672921098456E-11, 4.4992990326176656E-11
240, Flight25, SELECTEE, 7.557163069909269E-11, 5.680622669791254E-10, 3.777697675276293E-10, 0.5979386445606827, 3.6159307792113124E-10, 0.40206135345093014, 3.2985724917432945E-10, 2.7758285728427553E-10
240, Flight25, UNKNOWN, 0.9999999999861632, 3.1622757537985993E-12, 2.890993568262824E-12, 2.891783795373906E-12, 1.3652320239337519E-12, 2.893932391393223E-12, 1.3662450782552937E-12, 1.3162723365948933E-12
240, Flight25, LOWRISK1, 0.9999999997898602, 5.662892156294627E-11, 2.994522141057642E-11, 5.104994966592041E-11, 8.065732155764867E-12, 5.1062569822179536E-11, 8.069514162213462E-12, 7.367250890425976E-12
240, Flight25, LOWRISK2, 0.6566214604130565, 0.09040685583684428, 1.6159310689057284E-10, 0.12831189050372085, 2.7579597543064076E-11, 0.12465979300731544, 2.758625957886375E-11, 2.4353612554898287E-11
240, Flight25, LOWRISK3, 0.6542800453856602, 0.11147957104680972, 7.554770311166106E-10, 0.11648835594381979, 1.0718889297568561E-10, 0.11775202656351912, 1.06980957524642E-10, 9.259414520107932E-11
240, Flight25, LOWRISK4, 0.9999999998167696, 3.7122286014422487E-11, 3.34680779843071E-11, 3.334964061631712E-11, 1.615759829239707E-11, 3.348732339302036E-11, 1.6205698996808673E-11, 1.548961331207936E-11
240, Flight26, SELECTEE, 0.6542533693412558, 0.11171967511613175, 5.953115257129901E-10, 0.11762637928497575, 1.1006294592798319E-10, 0.11640057534839486, 1.0980892801092333E-10, 9.619751207187273E-11
240, Flight26, UNKNOWN, 0.9999999999899828, 2.4074922422889766E-12, 2.1973582135377344E-12, 2.1961096556560496E-12, 1.0346382632909744E-12, 2.1981977480448556E-12, 1.0361175236858804E-12, 9.971845596751186E-13
240, Flight26, LOWRISK1, 0.9999999999384555, 1.265808571832287E-11, 1.1532839117741149E-11, 1.1510109135736964E-11, 5.539153403504021E-12, 1.154114827161384E-11, 5.547205918085823E-12, 5.3323920326467876E-12
240, Flight26, LOWRISK2, 0.9999999999306295, 1.4215248357617155E-11, 1.2953491882769051E-11, 1.2926894868321745E-11, 6.2182538429261645E-12, 1.2965746536254212E-11, 6.229724824855378E-12, 5.986133390437841E-12
240, Flight26, LOWRISK3, 0.9999999998163839, 3.718552160485031E-11, 3.357059963076362E-11, 3.3467931221300815E-11, 1.6178778227751905E-11, 3.3605946761718844E-11, 1.6225526437479125E-11, 1.5518632573194483E-11
240, Flight26, LOWRISK4, 0.999999999197247, 1.6457059415447505E-10, 1.4491980215361703E-10, 1.4433670314559824E-10, 6.978403339973487E-11, 1.4498036915266407E-10, 7.001653381856192E-11, 6.628454422666628E-11
240, Flight27, SELECTEE, 3.9857810009266724E-11, 3.358179701431442E-10, 2.0927890357939927E-10, 0.6268410573360468, 1.8606009747280974E-10, 0.37315894157484975, 1.7780155850327972E-10, 1.423368708382754E-10
240, Flight27, UNKNOWN, 0.9999999999839465, 3.6011551416285574E-12, 3.292986534163198E-12, 3.293985619853195E-12, 1.5578491074151632E-12, 3.296591931284505E-12, 1.5588182640542308E-12, 1.5019094930655653E-12
240, Flight27, LOWRISK1, 0.9999999997887568, 5.48461544640709E-11, 3.217633595514246E-11, 4.967908144198101E-11, 9.227260309382602E-12, 4.9683057968952284E-11, 9.232040769007399E-12, 8.449084022999576E-12
240, Flight27, LOWRISK2, 0.6566214604130565, 0.09040685583684428, 1.6159310689057284E-10, 0.12831189050372085, 2.7579597543064076E-11, 0.12465979300731544, 2.758625957886375E-11, 2.4353612554898287E-11
240, Flight27, LOWRISK3, 0.6558899818794645, 0.09699014237985484, 3.234485956740627E-10, 0.11794231623327939, 6.00403694431937E-11, 0.12917755901301628, 6.014281742173216E-11, 5.2802897829255924E-11
240, Flight27, LOWRISK4, 0.9999999996726864, 6.640684813280521E-11, 5.942265698974957E-11, 5.921261228811111E-11, 2.867527180078923E-11, 5.947130186854675E-11, 2.8764419743301204E-11, 2.741033847851608E-11
240, Flight28, SELECTEE, 6.222715402217573E-11, 1.6529294263680128E-9, 7.754954834959145E-10, 0.05196999981078048, 0.9209217819500212, 0.010529996016120273, 0.016578218875987025, 8.584888414426022E-10
240, Flight28, UNKNOWN, 0.33109790361017044, 0.020118867425240244, 1.6189287868911086E-11, 0.3715188732195477, 2.6314251701341887E-12, 0.27726435572326213, 2.6300379158733657E-12, 2.3786332957579963E-12
240, Flight28, LOWRISK1, 0.1576501110582631, 0.0811489997318871, 8.77870606081718E-11, 0.49223923287093313, 1.4830880323635248E-11, 0.26896165621025553, 1.4774487020973694E-11, 1.331841500637651E-11
240, Flight28, LOWRISK2, 0.02903542363460792, 0.11368118688919583, 3.359726964439778E-10, 0.6064830900740825, 6.346428050986346E-11, 0.25080029888692923, 6.132911556983884E-11, 5.646815008836975E-11
240, Flight28, LOWRISK3, 0.02860055531997967, 0.1175949940114929, 5.458983166145431E-10, 0.5919066208491343, 9.387786659086084E-11, 0.26189782900851355, 9.089126733629574E-11, 8.226186390006164E-11
240, Flight28, LOWRISK4, 0.9999999994942981, 1.1028974338081961E-10, 9.043867049260615E-11, 9.819365926273727E-11, 3.7596607218307605E-11, 9.832917026083021E-11, 3.7663533520539874E-11, 3.524034150304275E-11
240, Flight29, SELECTEE, 1.1195533286338572E-11, 9.201465642195583E-11, 7.01463073664874E-11, 0.2042128659770522, 0.6859173590511904, 0.04578713371342264, 0.06408264070400867, 3.8301920859094367E-10
240, Flight29, UNKNOWN, 0.5534673031171324, 0.018794271837925043, 1.5903635128254376E-11, 0.2203241288792068, 2.616698107026607E-12, 0.20741429614426973, 2.6219728410997357E-12, 2.373274414902412E-12
240, Flight29, LOWRISK1, 0.3271768394179995, 0.05540844430860486, 5.5458340699811E-11, 0.35874457972860546, 9.316952070369652E-12, 0.2586701364643753, 9.302740232160952E-12, 8.386640689576601E-12
240, Flight29, LOWRISK2, 0.1509193392135758, 0.141725946712808, 2.392128374513426E-10, 0.45431511566840505, 4.05385581272239E-11, 0.25303959805133786, 4.0177064424598615E-11, 3.599471272600274E-11
240, Flight29, LOWRISK3, 0.1431484324064149, 0.21166409592544805, 2.033834730821229E-9, 0.3981126234186733, 3.4153429308303474E-10, 0.2470748452458687, 3.3193843838867437E-10, 2.9833725710468135E-10
240, Flight29, LOWRISK4, 0.9999999984427842, 3.1851470218417766E-10, 2.800374830483151E-10, 2.7908112118198124E-10, 1.3645312171799253E-10, 2.79576017592382E-10, 1.365631172628848E-10, 1.2903998427761672E-10
240, Flight30, SELECTEE, 3.169123482958729E-11, 6.000301299676273E-10, 3.288013975177219E-10, 0.05200829718489413, 0.9204511834455668, 0.010491701173059061, 0.017048816063464478, 1.174542543014073E-9
240, Flight30, UNKNOWN, 0.32997513566439474, 0.030223778925986555, 2.5239059606550687E-11, 0.3574733190864341, 4.1332489199467845E-12, 0.2823277662879961, 4.1306616433186605E-12, 3.735222002995488E-12
240, Flight30, LOWRISK1, 0.1583158682641486, 0.07515718488898049, 7.865906793445162E-11, 0.49491645477995555, 1.3268515077522521E-11, 0.2716104919518922, 1.321931572732716E-11, 1.192603907973559E-11
240, Flight30, LOWRISK2, 0.03300163803344294, 0.07798525751859135, 1.072231563524768E-10, 0.627029912149741, 1.87316610047601E-11, 0.2619831921388916, 1.857595933605493E-11, 1.6852103184907722E-11
240, Flight30, LOWRISK3, 0.028645562303911312, 0.1171899308662743, 7.432573608628905E-10, 0.586352254398494, 1.225304313799234E-10, 0.26781225134316217, 1.1702301411406877E-10, 1.073969931137058E-10
240, Flight30, LOWRISK4, 0.9999999992968975, 1.493288548398546E-10, 1.2641027686794336E-10, 1.3245283061349842E-10, 5.588342406585156E-11, 1.3244770460776898E-10, 5.597260969778241E-11, 5.265643521200934E-11