TimeWindow, Flight, RiskCategory, O377, O378, O379, O380, O381, O382, O383, O384
240, Flight1, SELECTEE, 3.651485218272931E-13, 3.2863915801080917E-12, 2.464754478988596E-12, 0.4779747640428832, 0.26213541478643027, 0.1470252359470333, 0.1128645852076835, 9.859055592838133E-12
240, Flight1, UNKNOWN, 0.9999999999988841, 2.3503115651501785E-13, 2.0050759201624763E-13, 2.0415055689386328E-13, 9.450942626592497E-14, 2.0415055698446814E-13, 9.450942645531757E-14, 8.838993877933176E-14
240, Flight1, LOWRISK1, 0.661197254684782, 0.04922470781571063, 2.335035633984132E-12, 0.15156325591726885, 3.8917132403072457E-13, 0.13801478157879693, 3.8917132072834385E-13, 3.335762654829829E-13
240, Flight1, LOWRISK2, 0.4041243850344991, 0.1128805347182932, 5.91546520865947E-12, 0.26106937282616705, 9.858998798022261E-13, 0.2219257074123138, 9.858999239080974E-13, 8.450586249365267E-13
240, Flight1, LOWRISK3, 0.3957924078192296, 0.18786832961696495, 8.896987762497439E-11, 0.2145680447303314, 1.4787714387083207E-11, 0.20177121770225925, 1.478774995650613E-11, 1.2674928494424055E-11
240, Flight1, LOWRISK4, 0.9999999999918883, 1.6721665196690554E-12, 1.4530984886494788E-12, 1.453098270635426E-12, 7.094893086484294E-13, 1.4530986356323655E-12, 7.094893823262056E-13, 6.668346869558217E-13
240, Flight2, SELECTEE, 0.14572987556515432, 0.18843111990211595, 1.7748230293058096E-11, 0.3813579398797845, 2.957692416116368E-12, 0.2844810646267518, 2.957693919105661E-12, 2.535169987189584E-12
240, Flight2, UNKNOWN, 0.9999999999988454, 2.389728094550413E-13, 2.0765510331716356E-13, 2.0765510258653745E-13, 1.0137278966337834E-13, 2.0765510459910358E-13, 1.0137279052701807E-13, 9.527724833514301E-14
240, Flight2, LOWRISK1, 0.9999999999980371, 4.054671270669027E-13, 3.5233693164006366E-13, 3.5233693329040015E-13, 1.7201452212067757E-13, 3.523369458728047E-13, 1.7201452488578577E-13, 1.616719996012267E-13
240, Flight2, LOWRISK2, 0.9999999999972996, 5.574916077785375E-13, 4.84444008408363E-13, 4.844440028390584E-13, 2.365151045086884E-13, 4.84444033497842E-13, 2.3651511075738707E-13, 2.2229474090963347E-13
240, Flight2, LOWRISK3, 0.9999999999350839, 1.3372996426636839E-11, 1.1621541306562247E-11, 1.1621629358968064E-11, 5.674796060235111E-12, 1.1621887784214969E-11, 5.6748378154748125E-12, 5.33370153057212E-12
240, Flight2, LOWRISK4, 0.99999999999279, 1.4863887873686467E-12, 1.291657175397194E-12, 1.2916568954879804E-12, 6.306604396473091E-13, 1.2916572514540355E-12, 6.306605099688161E-13, 5.927448360536912E-13
240, Flight3, SELECTEE, 0.14769350957219654, 0.17075841384404727, 1.2676483854657582E-11, 0.3907528344644144, 2.112640578762721E-12, 0.2907952421006347, 2.1126409027436513E-12, 1.8108393806453756E-12
240, Flight3, UNKNOWN, 0.9999999999995695, 8.982195020826904E-14, 7.805075530628156E-14, 7.805075534302159E-14, 3.810230550542803E-14, 7.805075438844495E-14, 3.810230549348574E-14, 3.5811095122549055E-14
240, Flight3, LOWRISK1, 0.99999999999868, 2.731066606893436E-13, 2.373161527822945E-13, 2.373161534631117E-13, 1.1585348158483694E-13, 2.3731615670344466E-13, 1.1585348257010538E-13, 1.088872860242654E-13
240, Flight3, LOWRISK2, 0.9999999999969129, 6.371039711600757E-13, 5.536282165410436E-13, 5.536282069234574E-13, 2.702976574474956E-13, 5.536282498208214E-13, 2.702976660196631E-13, 2.540464428000485E-13
240, Flight3, LOWRISK3, 0.9999999999350839, 1.3372996426636839E-11, 1.1621541306562247E-11, 1.1621629358968064E-11, 5.674796060235111E-12, 1.1621887784214969E-11, 5.6748378154748125E-12, 5.33370153057212E-12
240, Flight3, LOWRISK4, 0.9999999999837716, 3.344189546587385E-12, 2.9060872048535E-12, 2.906085457780245E-12, 1.4189517757109944E-12, 2.9060870091067986E-12, 1.4189521386806621E-12, 1.3336455247066174E-12
240, Flight4, SELECTEE, 2.6839434655620424E-14, 6.59114959642698E-14, 6.55221499661081E-14, 2.0258065980346162E-13, 0.999999999977528, 8.057406928495534E-14, 1.3459150228512205E-13, 2.1901432282794588E-11
240, Flight4, UNKNOWN, 0.2566731937954259, 0.02327458917435268, 7.649251112884156E-13, 0.41926700553463, 1.274871684769269E-13, 0.3007852114944677, 1.2748716724280347E-13, 1.0927511007909745E-13
240, Flight4, LOWRISK1, 0.1051057255410664, 0.05404847011983616, 2.112647255287015E-12, 0.569080059967245, 3.521074647423583E-13, 0.2717657443687392, 3.5210743226123136E-13, 3.018075246457319E-13
240, Flight4, LOWRISK2, 1.0217163803166007E-12, 9.194844278488392E-12, 4.296898847599893E-12, 0.7300633223291918, 1.900050144140814E-12, 0.2699366776510202, 1.900059058846626E-12, 1.5378123898103832E-12
240, Flight4, LOWRISK3, 6.799263005732861E-12, 6.117604142679335E-11, 3.62047256462097E-11, 0.6613067431077816, 2.862192895649426E-11, 0.33869325670914946, 2.8632464198289694E-11, 2.163986988694671E-11
240, Flight4, LOWRISK4, 0.8464303900415157, 0.0487931562104786, 1.1100571793239994E-11, 0.05212815727723201, 1.8486359602600694E-12, 0.052648296454396774, 1.848634683766581E-12, 1.584509314335325E-12
240, Flight5, SELECTEE, 5.477222239838696E-13, 4.9296870883375536E-12, 3.69714796076017E-12, 0.4766321556721894, 0.26408981944452753, 0.1483678443117904, 0.11091018054753486, 1.4788644178496487E-11
240, Flight5, UNKNOWN, 0.9999999999994369, 1.188609722835077E-13, 1.0169803115459662E-13, 1.0325080295861921E-13, 4.819569579998202E-14, 1.0325080285952312E-13, 4.819569581829274E-14, 4.510862361684632E-14
240, Flight5, LOWRISK1, 0.6609330385358737, 0.0516026531563563, 1.8878995136891697E-12, 0.1467869602664966, 3.1464916259760277E-13, 0.14067734803849194, 3.146491606042012E-13, 2.69700032293876E-13
240, Flight5, LOWRISK2, 0.40321628648515945, 0.12105342166139735, 6.825572399871377E-12, 0.25609091422582886, 1.1375766500223013E-12, 0.21963937761754393, 1.137576719451232E-12, 9.750672161067391E-13
240, Flight5, LOWRISK3, 0.40456543539535267, 0.10891108151344613, 1.1092129119212528E-11, 0.25007997252256825, 1.8485610161699404E-12, 0.23644351055226479, 1.8485614254533915E-12, 1.5844802305171938E-12
240, Flight5, LOWRISK4, 0.9999999999837714, 3.3441857617782418E-12, 2.9060848864205625E-12, 2.9060835067320406E-12, 1.4189514132536473E-12, 2.906084968148224E-12, 1.4189517419669023E-12, 1.3336453007792463E-12
240, Flight6, SELECTEE, 1.291124557009191E-12, 1.1620434130142997E-11, 7.022008583869311E-12, 0.6418583064357942, 6.02462938402008E-12, 0.35814169352768865, 6.024729517399855E-12, 4.497700634580843E-12
240, Flight6, UNKNOWN, 0.9999999999994038, 1.2391810215482855E-13, 1.0767837169746319E-13, 1.0767837091190491E-13, 5.256576538524893E-14, 1.0767837003640591E-13, 5.256576543759576E-14, 4.940487638395815E-14
240, Flight6, LOWRISK1, 0.9999999999967766, 7.407796045020758E-13, 5.623788876375531E-13, 6.420856071592957E-13, 2.2017108138762882E-13, 6.42085611507949E-13, 2.201710819464378E-13, 2.0120037275574563E-13
240, Flight6, LOWRISK2, 0.6581244769031884, 0.07687970791352264, 4.22538916247996E-12, 0.1338419610144335, 7.042140618576127E-13, 0.13115385416262368, 7.042140483150814E-13, 6.036123726515429E-13
240, Flight6, LOWRISK3, 0.6535164806951387, 0.11835167380786875, 4.474985826163097E-11, 0.11416476191810997, 7.395760189888745E-12, 0.11396708351300824, 7.395729007955274E-12, 6.338493716707649E-12
240, Flight6, LOWRISK4, 0.9999999999907285, 1.911022002817817E-12, 1.6606645968076919E-12, 1.660664194251959E-12, 8.108402197613064E-13, 1.6606647121815353E-12, 8.108403267915342E-13, 7.620926073513395E-13
240, Flight7, SELECTEE, 4.694777410982826E-13, 4.226836109576819E-12, 3.169437462194804E-12, 0.20340394961528369, 0.6867905748320696, 0.04659605037064657, 0.06320942516146313, 1.2676557614523545E-11
240, Flight7, UNKNOWN, 0.5526003260745204, 0.026597065329323284, 9.242838767197602E-13, 0.21677120453830886, 1.5404698191174243E-13, 0.20403140405648845, 1.5404698147138386E-13, 1.3204072053011948E-13
240, Flight7, LOWRISK1, 0.327483079868902, 0.05265228116519161, 2.0635165315549464E-12, 0.37568786612433336, 3.439188483256245E-13, 0.24417677283853234, 3.439188415637514E-13, 2.947885770773996E-13
240, Flight7, LOWRISK2, 0.15606975584400679, 0.09537219742261924, 4.4365635915819355E-12, 0.4921791622171795, 7.394252028261974E-13, 0.25637888450965074, 7.394252101083606E-13, 6.337951708825447E-13
240, Flight7, LOWRISK3, 0.1515867794367288, 0.13571898511461278, 9.859245735407642E-12, 0.4580021311947814, 1.643164500076332E-12, 0.2546921042393284, 1.6431648601610655E-12, 1.4084309810206465E-12
240, Flight7, LOWRISK4, 0.9999999999907285, 1.911025671680077E-12, 1.6606684467096358E-12, 1.6606685126722432E-12, 8.10841278833516E-13, 1.6606689553119407E-12, 8.108413624814308E-13, 7.620937001162193E-13
240, Flight8, SELECTEE, 1.6440545116208201E-12, 1.4970289136398454E-11, 1.115231364111348E-11, 0.11685382900750767, 0.8195235785448878, 0.026003313796886172, 0.03761927857847806, 4.447910451237681E-11
240, Flight8, UNKNOWN, 0.4263155834223129, 0.020302606342162882, 6.825485152736796E-13, 0.28916985841373233, 1.137577781549928E-13, 0.2642119518207896, 1.1375777767853466E-13, 9.750701343433998E-14
240, Flight8, LOWRISK1, 0.23246568592523653, 0.05066596951725389, 1.928939543469318E-12, 0.43732071305725034, 3.214893747375666E-13, 0.2795476314974172, 3.214893637962009E-13, 2.755632892927795E-13
240, Flight8, LOWRISK2, 0.086342712031874, 0.08005844887194984, 3.857883251288552E-12, 0.5830613975005384, 6.429784779742392E-13, 0.25053744158994834, 6.429784427766745E-13, 5.511264906529361E-13
240, Flight8, LOWRISK3, 0.07941490352927509, 0.14240872541367802, 1.267672197390162E-11, 0.523948536074938, 2.1126368559906706E-12, 0.2542278349634018, 2.112636371314118E-12, 1.8108392462617811E-12
240, Flight8, LOWRISK4, 0.9999999999907285, 1.9110310429427515E-12, 1.6606740372144148E-12, 1.6606750030283336E-12, 8.108428610264377E-13, 1.6606754851531502E-12, 8.108429465771492E-13, 7.620953180414167E-13
240, Flight9, SELECTEE, 6.572724483118435E-13, 5.919484445050249E-12, 4.4378949954600106E-12, 0.2031397758038667, 0.6868743051577869, 0.04686022417595592, 0.0631256948336341, 1.7747103351819597E-11
240, Flight9, UNKNOWN, 0.5510500947576749, 0.040549147180271035, 1.5566876660372266E-12, 0.20850328965688253, 2.5944752745226826E-13, 0.19989746840287906, 2.594475266066546E-13, 2.2238430539302553E-13
240, Flight9, LOWRISK1, 0.32799714492334126, 0.0480256956754633, 1.84856711684131E-12, 0.3798195271556986, 3.0809397248189296E-13, 0.24415763224277354, 3.0809396687577723E-13, 2.6408144675458777E-13
240, Flight9, LOWRISK2, 0.15082345931947286, 0.1425888661364556, 1.1091743005832231E-11, 0.4704979552679067, 1.8485601229226312E-12, 0.2360897192597969, 1.8485604915991713E-12, 1.5844842951391585E-12
240, Flight9, LOWRISK3, 0.15123731041938576, 0.13886420626940782, 1.1091758884950851E-11, 0.46414354232661464, 1.8485592646026854E-12, 0.2457549409682237, 1.848559754999772E-12, 1.5844839350995853E-12
240, Flight9, LOWRISK4, 0.9999999999350754, 1.3375261918623807E-11, 1.1623248065643306E-11, 1.162313531524282E-11, 5.67549805018935E-12, 1.162318963636225E-11, 5.675511241238364E-12, 5.334314910483463E-12
240, Flight10, SELECTEE, 8.300288947287541E-13, 7.470263661070437E-12, 4.463756644837702E-12, 0.6429499420765831, 3.659948369087049E-12, 0.3570500579005089, 3.6599784733666316E-12, 2.7518744984911477E-12
240, Flight10, UNKNOWN, 0.9999999999991032, 1.8587412733610139E-13, 1.61514578926715E-13, 1.6151457867947286E-13, 7.884708942546722E-14, 1.6151457827981533E-13, 7.884708968331154E-14, 7.410592449926703E-14
240, Flight10, LOWRISK1, 0.9999999999969749, 7.125387412895731E-13, 5.203630294795793E-13, 6.172306205577454E-13, 1.9365379602640562E-13, 6.172306355476773E-13, 1.9365379693235923E-13, 1.7598668009724884E-13
240, Flight10, LOWRISK2, 0.6580359073925466, 0.07767683350907424, 4.43667432668314E-12, 0.13354285715036354, 7.394247755988115E-13, 0.1307444019414717, 7.394247595003697E-13, 6.33792876763395E-13
240, Flight10, LOWRISK3, 0.6535714487432923, 0.11785696132582855, 9.12555835063223E-11, 0.11433304677640933, 1.479420521620281E-11, 0.11423854302095425, 1.479374552233404E-11, 1.2677517914342496E-11
240, Flight10, LOWRISK4, 0.9999999999675382, 6.688167136442835E-12, 5.812006281168712E-12, 5.81199814520769E-12, 2.8378599859805074E-12, 5.812001179140006E-12, 2.8378612985557876E-12, 2.6672519498811726E-12
240, Flight11, SELECTEE, 2.7121338845806437E-14, 6.538388744309423E-14, 6.523967578714766E-14, 1.9325034733213892E-13, 0.9999999999405639, 7.938299257203069E-14, 1.3502945076984554E-13, 5.887605349665577E-11
240, Flight11, UNKNOWN, 0.2550164461147729, 0.03818531829961625, 1.3444130038337213E-12, 0.4025503282134286, 2.2406834871931012E-13, 0.3042479073702029, 2.2406834549719296E-13, 1.9205926553168083E-13
240, Flight11, LOWRISK1, 0.10574996773054116, 0.04825029041488491, 1.8108408380965768E-12, 0.5692113529292651, 3.0180639533844577E-13, 0.27678838892264135, 3.018063718895313E-13, 2.586921598262141E-13
240, Flight11, LOWRISK2, 8.044586413333974E-13, 7.238737035331025E-12, 2.590162878296676E-12, 0.7300360703579181, 8.255260522016846E-13, 0.26996392962907406, 8.255273039618517E-13, 6.852637837964146E-13
240, Flight11, LOWRISK3, 1.284490980861744E-12, 1.1545137563962779E-11, 6.040653620443009E-12, 0.6981299589006973, 3.3377178492211788E-12, 0.3018700410695476, 3.337954017853432E-12, 2.6415202132369617E-12
240, Flight11, LOWRISK4, 0.8459509459936745, 0.053108152634056625, 1.777397733400403E-11, 0.05048020551739145, 2.9578800943053203E-12, 0.05046069582865774, 2.9578751897469913E-12, 2.5352290635816697E-12
240, Flight12, SELECTEE, 5.477210658263866E-13, 4.930333468037078E-12, 3.697340470428521E-12, 0.32018207842202395, 0.505751104138411, 0.07981792156160397, 0.09424889585400247, 1.4788708476606756E-11
240, Flight12, UNKNOWN, 0.72974029161236, 0.03233737548860588, 1.2675884712749375E-12, 0.11928614709564006, 2.1126440137616256E-13, 0.11863618580152824, 2.11264400596107E-13, 1.810843006707802E-13
240, Flight12, LOWRISK1, 0.4585281547749798, 0.07324660700670257, 3.2863432066575677E-12, 0.26014026718897454, 5.477225458098278E-13, 0.2080849710244971, 5.477225392325798E-13, 4.694777910681378E-13
240, Flight12, LOWRISK2, 0.25408969907064777, 0.11319270838596832, 5.915434382067023E-12, 0.38721497119318804, 9.858999613173693E-13, 0.24550262134146908, 9.859000205203805E-13, 8.450594237946448E-13
240, Flight12, LOWRISK3, 0.24404076745722916, 0.20363309290502005, 4.4404951975174965E-11, 0.3201233388652408, 7.39415460072819E-12, 0.23220280070698424, 7.394191729296817E-12, 6.337805322399091E-12
240, Flight12, LOWRISK4, 0.999999999990729, 1.9110420623982656E-12, 1.6606803321334735E-12, 1.6606801443782148E-12, 8.108440144381241E-13, 1.6606806145466067E-12, 8.108441061359241E-13, 7.620960443380483E-13
240, Flight13, SELECTEE, 3.651900201078464E-13, 3.296208943528443E-12, 2.468319181886934E-12, 0.05142197934171494, 0.9209543205478994, 0.01107802064729561, 0.016545679447100822, 9.86500036568844E-12
240, Flight13, UNKNOWN, 0.32862037370717473, 0.04241663663455685, 1.5298488971791147E-12, 0.34501586122263944, 2.5497431758462423E-13, 0.2839471284333762, 2.5497431511495423E-13, 2.1855017044497437E-13
240, Flight13, LOWRISK1, 0.16126402302182163, 0.048623792792313984, 1.8108412074008042E-12, 0.5055306690160338, 3.018063690893196E-13, 0.284581515167163, 3.0180635362530136E-13, 2.586921091081811E-13
240, Flight13, LOWRISK2, 0.029998567710352985, 0.10501289061269886, 1.1092433803079304E-11, 0.6338919491985098, 1.8485609698918294E-12, 0.23109659246206998, 1.848557459304003E-12, 1.5844900304117016E-12
240, Flight13, LOWRISK3, 0.02820951664695182, 0.1211143502004644, 1.7752501601898916E-11, 0.5964637987427306, 2.9576955562387073E-12, 0.25421233438365576, 2.957677891503626E-12, 2.535187372409369E-12
240, Flight13, LOWRISK4, 0.9999999999833035, 3.5780463057213506E-12, 2.9776848351372614E-12, 3.1065315923221538E-12, 1.342560553138559E-12, 3.106532166753483E-12, 1.3425606507496773E-12, 1.2481373395910765E-12
240, Flight14, SELECTEE, 4.107920152307976E-13, 3.697206036555182E-12, 2.7728507845004843E-12, 0.4776401233020348, 0.2627049296624551, 0.147359876686397, 0.11229507033114619, 1.1091433766589677E-11
240, Flight14, UNKNOWN, 0.9999999999995135, 1.0284402035636158E-13, 8.804883916019553E-14, 8.933779771733701E-14, 4.17752196487578E-14, 8.933779778849264E-14, 4.1775219648473176E-14, 3.9105712297673834E-14
240, Flight14, LOWRISK1, 0.6613024328123853, 0.04827810466740265, 2.218283162345866E-12, 0.15118654152212113, 3.6971275799345825E-13, 0.13923292099482157, 3.6971275506336384E-13, 3.1689747419768196E-13
240, Flight14, LOWRISK2, 0.40469632179330817, 0.10773310388940259, 5.5457399578950045E-12, 0.26447371937795944, 9.242811890216834E-13, 0.22309685493114886, 9.242812246169607E-13, 7.922425917014582E-13
240, Flight14, LOWRISK3, 0.39839824167797816, 0.16441582496594107, 1.4789854038044622E-11, 0.2201844370143765, 2.4647446914713746E-12, 0.21700149631987758, 2.4647455508941384E-12, 2.1126364739383886E-12
240, Flight14, LOWRISK4, 0.9999999999870183, 2.675380069053571E-12, 2.3248920167210043E-12, 2.324891254082815E-12, 1.1351670413327478E-12, 2.324892205611717E-12, 1.1351672448712766E-12, 1.0669214837281975E-12
240, Flight15, SELECTEE, 4.107997591158895E-13, 3.7002828082918055E-12, 2.773912814298968E-12, 0.11700462541451277, 0.8201341666813499, 0.025852517430296477, 0.037008690455868444, 1.1092882177917066E-11
240, Flight15, UNKNOWN, 0.4256325679079789, 0.026449745970937747, 9.054212272424062E-13, 0.2913938778079767, 1.5090317176050532E-13, 0.2565238083117757, 1.5090317106768657E-13, 1.293460291677028E-13
240, Flight15, LOWRISK1, 0.22972979928363552, 0.07528894929036391, 3.1689709979210735E-12, 0.43768105416480246, 5.28161077284592E-13, 0.25730019725652564, 5.281610515632509E-13, 4.5271101755469885E-13
240, Flight15, LOWRISK2, 0.08386308446120291, 0.10237509700583289, 5.915450052093558E-12, 0.5698167245745346, 9.85899935170802E-13, 0.2439450939497028, 9.858998387023484E-13, 8.45060294661892E-13
240, Flight15, LOWRISK3, 0.07681113489712428, 0.16584264309307142, 2.2188312278587365E-11, 0.506424698257786, 3.69709690450442E-12, 0.25092152371927234, 3.6970953814701084E-12, 3.168954900492395E-12
240, Flight15, LOWRISK4, 0.9999999999675387, 6.68807648534649E-12, 5.811975520455383E-12, 5.811973534746222E-12, 2.8378445354404727E-12, 5.811991391027735E-12, 2.8378476891541087E-12, 2.6672433523040976E-12
240, Flight16, SELECTEE, 4.694754509040778E-13, 4.225821259832257E-12, 3.1690934648470827E-12, 0.3204567992283397, 0.5054442658807605, 0.07954320075783264, 0.09455573411253214, 1.2676106125055759E-11
240, Flight16, UNKNOWN, 0.7294676587347365, 0.0347910713870673, 1.4084318139306288E-12, 0.11796907281850605, 2.3473821874867067E-13, 0.11777219705761643, 2.347382177588483E-13, 2.0120475379707317E-13
240, Flight16, LOWRISK1, 0.4609965268261287, 0.05103125854769326, 2.0166183916845494E-12, 0.2648675708331857, 3.3610249958693035E-13, 0.22310464379002093, 3.361024962930883E-13, 2.8808878042281807E-13
240, Flight16, LOWRISK2, 0.25563816727477756, 0.09925649455010364, 4.67006647464954E-12, 0.386534595673498, 7.783422457685179E-13, 0.25857074249473233, 7.783422739812551E-13, 6.671525110010213E-13
240, Flight16, LOWRISK3, 0.24602086317158545, 0.18581223149908835, 2.2187280385449402E-11, 0.33005999910907113, 3.697108394416744E-12, 0.23810690618751004, 3.69711373875716E-12, 3.1689470807978936E-12
240, Flight16, LOWRISK4, 0.9999999999783604, 4.45885748080586E-12, 3.87473776727262E-12, 3.87473494043168E-12, 1.8919247319574502E-12, 3.874737716750977E-12, 1.8919253577104027E-12, 1.778184670148338E-12
240, Flight17, SELECTEE, 3.651900201078464E-13, 3.296208943528443E-12, 2.468319181886934E-12, 0.05142197934171494, 0.9209543205478994, 0.01107802064729561, 0.016545679447100822, 9.86500036568844E-12
240, Flight17, UNKNOWN, 0.330287475513957, 0.02741272037415342, 9.242842815873871E-13, 0.3537576958775903, 1.540469910800993E-13, 0.28854210823294035, 1.540469899428424E-13, 1.32040747222403E-13
240, Flight17, LOWRISK1, 0.16020875435018853, 0.05812121083652347, 2.2751588251643685E-12, 0.508730277422643, 3.791926133807447E-13, 0.27293975738729204, 3.791925893806112E-13, 3.250234075559827E-13
240, Flight17, LOWRISK2, 0.029998567710352985, 0.10501289061269886, 1.1092433803079304E-11, 0.6338919491985098, 1.8485609698918294E-12, 0.23109659246206998, 1.848557459304003E-12, 1.5844900304117016E-12
240, Flight17, LOWRISK3, 0.02921536763740936, 0.11206169129165791, 1.2678113875500203E-11, 0.60269257067024, 2.112637017865769E-12, 0.2560303703819839, 2.1126302993440876E-12, 1.8108446789505591E-12
240, Flight17, LOWRISK4, 0.9999999999798783, 4.285949483939678E-12, 3.5919547599740976E-12, 3.721662778186718E-12, 1.6395333721121484E-12, 3.721663155514265E-12, 1.6395334846329352E-12, 1.5266972966089416E-12
240, Flight18, SELECTEE, 9.405036963696499E-13, 8.46460007055172E-12, 5.075316235037072E-12, 0.6428176393912723, 4.21836986150414E-12, 0.35718236058258457, 4.218411457673983E-12, 3.165068194270488E-12
240, Flight18, UNKNOWN, 0.9999999999991032, 1.8587412733610139E-13, 1.61514578926715E-13, 1.6151457867947286E-13, 7.884708942546722E-14, 1.6151457827981533E-13, 7.884708968331154E-14, 7.410592449926703E-14
240, Flight18, LOWRISK1, 0.9999999999961535, 8.571471382943046E-13, 6.798098692190151E-13, 7.435046514967272E-13, 2.834871071902783E-13, 7.435046478186447E-13, 2.8348710726361607E-13, 2.609744701669997E-13
240, Flight18, LOWRISK2, 0.6580435993402208, 0.07760760598078523, 3.697196119163547E-12, 0.13327008303234253, 6.161873593614004E-13, 0.13107871164119933, 6.16187350381179E-13, 5.281610409045155E-13
240, Flight18, LOWRISK3, 0.6616947115177781, 0.04474759643935534, 1.109779118247879E-11, 0.09241047914937472, 1.8485927722030603E-12, 0.20114721287711765, 1.848592568439111E-12, 1.584484837031298E-12
240, Flight18, LOWRISK4, 0.9999999999675382, 6.688167136442835E-12, 5.812006281168712E-12, 5.81199814520769E-12, 2.8378599859805074E-12, 5.812001179140006E-12, 2.8378612985557876E-12, 2.6672519498811726E-12
240, Flight19, SELECTEE, 6.572724483118435E-13, 5.919484445050249E-12, 4.4378949954600106E-12, 0.2031397758038667, 0.6868743051577869, 0.04686022417595592, 0.0631256948336341, 1.7747103351819597E-11
240, Flight19, UNKNOWN, 0.5527989426147998, 0.024809516466893323, 8.450596387841084E-13, 0.2178168457695045, 1.4084295637942037E-13, 0.20457469514756033, 1.4084295598218213E-13, 1.2072294877163997E-13
240, Flight19, LOWRISK1, 0.32683476817353635, 0.05848708642319732, 2.3350316098309415E-12, 0.3701132224123192, 3.8917132146456756E-13, 0.24456492298750557, 3.891713131725635E-13, 3.3357652604194197E-13
240, Flight19, LOWRISK2, 0.1493867499319077, 0.1555192506206617, 1.4789541377502237E-11, 0.4626443681689466, 2.464744031663143E-12, 0.23244963125665755, 2.4647450840827747E-12, 2.1126423331830327E-12
240, Flight19, LOWRISK3, 0.14426438177788056, 0.20162056400806022, 4.440428311695993E-11, 0.4071482633991244, 7.39409258997235E-12, 0.2469667907494101, 7.394130685899448E-12, 6.3377953590564714E-12
240, Flight19, LOWRISK4, 0.9999999999783604, 4.458856809916323E-12, 3.874740347678996E-12, 3.874738165130942E-12, 1.8919254418015696E-12, 3.874741421375492E-12, 1.8919261090509733E-12, 1.7781857186310702E-12
240, Flight20, SELECTEE, 2.6839434655620424E-14, 6.59114959642698E-14, 6.55221499661081E-14, 2.0258065980346162E-13, 0.999999999977528, 8.057406928495534E-14, 1.3459150228512205E-13, 2.1901432282794588E-11
240, Flight20, UNKNOWN, 0.2564052519771175, 0.025686065539033853, 8.531856147231779E-13, 0.4141774245618122, 1.4219722565803758E-13, 0.3037312579207824, 1.4219722417226037E-13, 1.2188377492729551E-13
240, Flight20, LOWRISK1, 0.10488429837312534, 0.05604131463119822, 2.218279512096404E-12, 0.5688977170356244, 3.6971283914399993E-13, 0.2701766699567828, 3.6971280311998623E-13, 3.1689790248642535E-13
240, Flight20, LOWRISK2, 8.280823320805721E-13, 7.451556231739128E-12, 2.7809291791562408E-12, 0.729989879259834, 9.225083922897305E-13, 0.2700101207264786, 9.225100606189274E-13, 7.637062024322823E-13
240, Flight20, LOWRISK3, 1.3970712722560456E-12, 1.2559671091515066E-11, 6.790639203807974E-12, 0.6974985972547336, 4.063137804863282E-12, 0.3025014027116025, 4.063478461277199E-12, 3.1868079538173043E-12
240, Flight20, LOWRISK4, 0.8461241482354094, 0.05154933246377394, 1.2687977485323666E-11, 0.05107916102828083, 2.1127338448649195E-12, 0.05124735825381705, 2.1127319848481187E-12, 1.810868547247687E-12
240, Flight21, SELECTEE, 4.108529519286709E-13, 3.711005939258168E-12, 2.7778632882669793E-12, 0.051429982067982535, 0.9209137642611819, 0.011070017919534582, 0.016586235733306795, 1.1099901333906912E-11
240, Flight21, UNKNOWN, 0.3288152523277121, 0.040662729049796974, 1.4546105240591643E-12, 0.34601640504418046, 2.424345985770894E-13, 0.2845056135761686, 2.4243459628805986E-13, 2.0780180532210802E-13
240, Flight21, LOWRISK1, 0.15915483124728314, 0.06760651876215343, 2.772849403687134E-12, 0.507888002071876, 4.621409898734034E-13, 0.2653506479145995, 4.621409546737514E-13, 3.961222603167704E-13
240, Flight21, LOWRISK2, 0.033426980273226124, 0.07415717755404057, 4.22533516162543E-12, 0.6479876571391968, 7.042140629399374E-13, 0.2444281850273048, 7.042138469873111E-13, 6.036148548046918E-13
240, Flight21, LOWRISK3, 0.026781540193391153, 0.13396613820588746, 9.057978688235685E-11, 0.5686560059926833, 1.4799260059896616E-11, 0.2705963154751862, 1.4794885696211362E-11, 1.2683417367353781E-11
240, Flight21, LOWRISK4, 0.9999999999833035, 3.5780463057213506E-12, 2.9776848351372614E-12, 3.1065315923221538E-12, 1.342560553138559E-12, 3.106532166753483E-12, 1.3425606507496773E-12, 1.2481373395910765E-12
240, Flight22, SELECTEE, 3.2863260089486454E-12, 2.9689907541261344E-11, 2.222263212608434E-11, 0.31675640729714294, 0.5074940211087882, 0.08324359259725275, 0.09250597885290932, 8.871341310451556E-11
240, Flight22, UNKNOWN, 0.7308101387521403, 0.02270875123110567, 7.715757908147955E-13, 0.1240844701746552, 1.2859573433743398E-13, 0.12239663984096538, 1.2859573401049753E-13, 1.1022527285155911E-13
240, Flight22, LOWRISK1, 0.4585281547749798, 0.07324660700670257, 3.2863432066575677E-12, 0.26014026718897454, 5.477225458098278E-13, 0.2080849710244971, 5.477225392325798E-13, 4.694777910681378E-13
240, Flight22, LOWRISK2, 0.24799037855285883, 0.16808659303367143, 1.774839893839658E-11, 0.360538517655154, 2.9576936338379533E-12, 0.2233845107321221, 2.957695746765051E-12, 2.535165049094368E-12
240, Flight22, LOWRISK3, 0.243378790447913, 0.20959088594218586, 8.896174562606857E-11, 0.31520523679404566, 1.478753076208502E-11, 0.2318250866846491, 1.4787695344816664E-11, 1.2674946134917642E-11
240, Flight22, LOWRISK4, 0.9999999999675382, 6.688156990044644E-12, 5.812005853571506E-12, 5.811996101259439E-12, 2.8378604466713473E-12, 5.812001972986491E-12, 2.8378620237346117E-12, 2.667253326319684E-12
240, Flight23, SELECTEE, 2.7013507193234877E-14, 6.56023589389756E-14, 6.536075559733788E-14, 1.9693533717174322E-13, 0.9999999999642233, 7.986308346672561E-14, 1.3485008180855696E-13, 3.5212491354243714E-11
240, Flight23, UNKNOWN, 0.2547219586792199, 0.040835705219481384, 1.4546106425854872E-12, 0.40113368135572214, 2.4243460501591594E-13, 0.3033086547434347, 2.424346013357462E-13, 2.078018240826248E-13
240, Flight23, LOWRISK1, 0.10394146020846724, 0.06452685811262655, 2.6888233820933635E-12, 0.5671801220720987, 4.4813678004595507E-13, 0.2643515596028439, 4.481367256965176E-13, 3.8411867720955287E-13
240, Flight23, LOWRISK2, 8.722940315143203E-13, 7.849688545984903E-12, 3.135012275698122E-12, 0.7300436047093173, 1.1176268108036807E-12, 0.2699563952756835, 1.1176294722257819E-12, 9.205171153362698E-13
240, Flight23, LOWRISK3, 6.799263005732861E-12, 6.117604142679335E-11, 3.62047256462097E-11, 0.6613067431077816, 2.862192895649426E-11, 0.33869325670914946, 2.8632464198289694E-11, 2.163986988694671E-11
240, Flight23, LOWRISK4, 0.8459509459936745, 0.053108152634056625, 1.777397733400403E-11, 0.05048020551739145, 2.9578800943053203E-12, 0.05046069582865774, 2.9578751897469913E-12, 2.5352290635816697E-12
240, Flight24, SELECTEE, 4.694764461375337E-13, 4.2254046224474535E-12, 3.1689763887764068E-12, 0.47720214106190223, 0.2633541837386893, 0.1477978589246215, 0.11164581625425267, 1.2675937388313207E-11
240, Flight24, UNKNOWN, 0.999999999999193, 1.7005497577087618E-13, 1.4527571432980133E-13, 1.4771575124310377E-13, 6.865053249592594E-14, 1.477157510158801E-13, 6.865053256653605E-14, 6.422795171428134E-14
240, Flight24, LOWRISK1, 0.6613042086461669, 0.0482621221635384, 2.063518549856047E-12, 0.14936613111366895, 3.439188464595441E-13, 0.1410675380735852, 3.439188439833278E-13, 2.9478837556405546E-13
240, Flight24, LOWRISK2, 0.4023781239993588, 0.12859688403230377, 8.066664039148067E-12, 0.25215236137818875, 1.3444086033643422E-12, 0.2168726305782463, 1.3444087195366465E-12, 1.1523514583434797E-12
240, Flight24, LOWRISK3, 0.39692852211080165, 0.17764330106278237, 2.2189494669438086E-11, 0.21625876966896798, 3.697120832169261E-12, 0.20916940712470097, 3.697123432095432E-12, 3.1689440057266105E-12
240, Flight24, LOWRISK4, 0.9999999999783604, 4.458858949239697E-12, 3.874736770073561E-12, 3.8747338123548175E-12, 1.8919243581781974E-12, 3.8747362402611826E-12, 1.891924963751789E-12, 1.7781840555510725E-12
240, Flight25, SELECTEE, 3.115908549252675E-12, 2.804496596619378E-11, 1.7181760156623955E-11, 0.6291191208141487, 1.5643504122008136E-11, 0.3708808790946603, 1.5645054349781875E-11, 1.1565338161247856E-11
240, Flight25, UNKNOWN, 0.9999999999994255, 1.1949053018698904E-13, 1.0383132129776921E-13, 1.0383132047411895E-13, 5.068815433422148E-14, 1.0383131959800326E-13, 5.06881543768437E-14, 4.7640186491786633E-14
240, Flight25, LOWRISK1, 0.9999999999967402, 7.469865600933936E-13, 5.69578571661137E-13, 6.47512476258991E-13, 2.243360077847738E-13, 6.475124792264658E-13, 2.2433600827887855E-13, 2.0514595396711263E-13
240, Flight25, LOWRISK2, 0.6567011926665266, 0.0896892660407506, 6.826089791482015E-12, 0.1284133451175861, 1.1375777107168595E-12, 0.1251961961650657, 1.1375776373115619E-12, 9.750643451599277E-13
240, Flight25, LOWRISK3, 0.6574217127080885, 0.08320458570709838, 2.9682907192523295E-11, 0.10788671369480524, 4.9300228098349194E-12, 0.15148698784624495, 4.93001212848141E-12, 4.225464752103171E-12
240, Flight25, LOWRISK4, 0.99999999999279, 1.486385177020232E-12, 1.2916543320967209E-12, 1.2916541130477806E-12, 6.30659837172498E-13, 1.2916544249239032E-12, 6.30659900168769E-13, 5.927442926577958E-13
240, Flight26, SELECTEE, 0.6538723139324132, 0.11514917459144862, 2.961561273829312E-11, 0.11608523263799943, 4.929626078788258E-12, 0.11489327879444435, 4.929618780507113E-12, 4.225277366302804E-12
240, Flight26, UNKNOWN, 0.9999999999995665, 9.042603162019608E-14, 7.857601112567845E-14, 7.857601168337264E-14, 3.8359242428822426E-14, 7.85760104661131E-14, 3.8359242425691575E-14, 3.60526113212491E-14
240, Flight26, LOWRISK1, 0.9999999999976004, 4.955510630137977E-13, 4.30618930735124E-13, 4.306189144125892E-13, 2.102362426565321E-13, 4.3061894304770633E-13, 2.1023624880902832E-13, 1.9759581383538308E-13
240, Flight26, LOWRISK2, 0.9999999999972994, 5.574681462013601E-13, 4.844260670601871E-13, 4.844260454254568E-13, 2.3651089322897086E-13, 4.844260834859449E-13, 2.3651090126879927E-13, 2.2229098509954485E-13
240, Flight26, LOWRISK3, 0.9999999999927902, 1.4863757859750311E-12, 1.2916474278390832E-12, 1.29164717705245E-12, 6.306581320719635E-13, 1.291647522768298E-12, 6.30658201516074E-13, 5.927428118512261E-13
240, Flight26, LOWRISK4, 0.9999999999675386, 6.688168345753254E-12, 5.8120046318864564E-12, 5.8119973761210914E-12, 2.837859323134784E-12, 5.811998774915757E-12, 2.837860538993799E-12, 2.6672509913543504E-12
240, Flight27, SELECTEE, 1.5962604187547043E-12, 1.436695019642035E-11, 8.719242947145163E-12, 0.6404920090195352, 7.618057793556504E-12, 0.3595079909348519, 7.618242042653798E-12, 5.670616763777363E-12
240, Flight27, UNKNOWN, 0.9999999999993425, 1.3656187935939773E-13, 1.1866511282185842E-13, 1.1866511213843222E-13, 5.792923705347765E-14, 1.1866511129044674E-13, 5.792923713604191E-14, 5.444584935828537E-14
240, Flight27, LOWRISK1, 0.9999999999964467, 8.00464533178258E-13, 6.255179353319755E-13, 6.941558333879342E-13, 2.551314779548667E-13, 6.941558304864918E-13, 2.55131478136361E-13, 2.342514294769308E-13
240, Flight27, LOWRISK2, 0.6567011926665266, 0.0896892660407506, 6.826089791482015E-12, 0.1284133451175861, 1.1375777107168595E-12, 0.1251961961650657, 1.1375776373115619E-12, 9.750643451599277E-13
240, Flight27, LOWRISK3, 0.6556571072962005, 0.0990860344296906, 1.4788618920656066E-11, 0.12182162451753058, 2.464729345029576E-12, 0.1234352337347531, 2.4647290602073974E-12, 2.1126275769323047E-12
240, Flight27, LOWRISK4, 0.9999999999870183, 2.675380970735575E-12, 2.324892403520791E-12, 2.3248914952507234E-12, 1.1351670681810046E-12, 2.324892484349045E-12, 1.1351672843366616E-12, 1.0669214601838395E-12
240, Flight28, SELECTEE, 3.255231477263543E-12, 3.424759352174833E-11, 2.3166370160926354E-11, 0.05164524539959524, 0.9210804098991527, 0.010854754486226343, 0.01641959006539739, 8.896473023037796E-11
240, Flight28, UNKNOWN, 0.33105191283278224, 0.020532784505045244, 6.204987653153023E-13, 0.3738780699392959, 1.0341616420915943E-13, 0.2745372327219662, 1.0341616360291337E-13, 8.86427451471975E-14
240, Flight28, LOWRISK1, 0.1577136346313256, 0.08057728830495822, 3.5492476732857937E-12, 0.5024347081444955, 5.915404456275389E-13, 0.2592743689139867, 5.915403888631739E-13, 5.070364514364294E-13
240, Flight28, LOWRISK2, 0.029213573199594004, 0.11207784120565632, 1.4791139833817942E-11, 0.6293112856103193, 2.464748765867658E-12, 0.2293972999626024, 2.464741017239236E-12, 2.1126548936610043E-12
240, Flight28, LOWRISK3, 0.027728387618701725, 0.12544451145005203, 2.219513816224942E-11, 0.5924901105075635, 3.697126557213229E-12, 0.2543369903909296, 3.697093413422727E-12, 3.1689913270345357E-12
240, Flight28, LOWRISK4, 0.9999999999833035, 3.5780463057213506E-12, 2.9776848351372614E-12, 3.1065315923221538E-12, 1.342560553138559E-12, 3.106532166753483E-12, 1.3425606507496773E-12, 1.2481373395910765E-12
240, Flight29, SELECTEE, 4.694777410982826E-13, 4.226836109576819E-12, 3.169437462194804E-12, 0.20340394961528369, 0.6867905748320696, 0.04659605037064657, 0.06320942516146313, 1.2676557614523545E-11
240, Flight29, UNKNOWN, 0.5534420049899079, 0.019021955091164437, 6.119399605120705E-13, 0.2233065202202954, 1.0198973022020878E-13, 0.20422951969773429, 1.0198972994032993E-13, 8.74200752839336E-14
240, Flight29, LOWRISK1, 0.3271155241735323, 0.055960282423358515, 2.218280119385321E-12, 0.37260755210476265, 3.697127582336797E-13, 0.2443166412950775, 3.697127506066489E-13, 3.1689770869707347E-13
240, Flight29, LOWRISK2, 0.1514525092821892, 0.13692741647329598, 9.859236983238011E-12, 0.4736022557289599, 1.6431651143123167E-12, 0.2380178185010062, 1.6431653494978385E-12, 1.4084311774364005E-12
240, Flight29, LOWRISK3, 0.14328355511492638, 0.2104480039279138, 8.900860997132975E-11, 0.39849020485312, 1.4787346632580814E-11, 0.24777823597278692, 1.4787561523794147E-11, 1.267490950645287E-11
240, Flight29, LOWRISK4, 0.9999999999350754, 1.3375261918623807E-11, 1.1623248065643306E-11, 1.162313531524282E-11, 5.67549805018935E-12, 1.162318963636225E-11, 5.675511241238364E-12, 5.334314910483463E-12
240, Flight30, SELECTEE, 1.6462074421215434E-12, 1.5883987493657365E-11, 1.1398761556613512E-11, 0.05148502952039091, 0.9208550069073507, 0.011014970424980017, 0.016644993073280597, 4.507419598270963E-11
240, Flight30, UNKNOWN, 0.33014085778989705, 0.028732279890639048, 9.750690750825804E-13, 0.35301868737641623, 1.6251111082698328E-13, 0.2881081749416138, 1.6251110959119953E-13, 1.392957317079674E-13
240, Flight30, LOWRISK1, 0.15838872036843082, 0.07450151667140802, 3.1689707640023123E-12, 0.5053186376759772, 5.281611223837961E-13, 0.2617911252795113, 5.281610767764459E-13, 4.527111365639313E-13
240, Flight30, LOWRISK2, 0.03323418114327892, 0.0758923697233383, 4.436607182248566E-12, 0.6474614691725536, 7.394247317028018E-13, 0.2434119799542853, 7.394244826278889E-13, 6.337955972479037E-13
240, Flight30, LOWRISK3, 0.027278025187910455, 0.1294977733194126, 2.960647473025939E-11, 0.587817309618304, 4.929523145545208E-12, 0.2554068918306878, 4.9294488979925235E-12, 4.22534068210395E-12
240, Flight30, LOWRISK4, 0.9999999999739562, 5.520541813154981E-12, 4.6522145202500715E-12, 4.794242664717181E-12, 2.1444170158199873E-12, 4.794243377688353E-12, 2.144417261970688E-12, 1.9994539613111954E-12