TimeWindow, Flight, RiskCategory, O193, O194, O195, O196, O197, O198, O199, O200
240, Flight1, SELECTEE, 1.1950206667530593E-11, 1.0366711062210923E-10, 7.904109934865752E-11, 0.4748161232052035, 0.26187708495487283, 0.15018387643769457, 0.1131229148878673, 3.2041715159545427E-10
240, Flight1, UNKNOWN, 0.6659215991349835, 0.006705604112462234, 4.4594864945647424E-11, 0.1596286135161959, 7.40252449508472E-12, 0.16774418317121195, 7.405411142660563E-12, 6.4573900142577425E-12
240, Flight1, LOWRISK1, 0.3320115845062297, 0.011895738881723142, 7.620119144710219E-11, 0.3500946281038407, 1.2653835426896633E-11, 0.30599804839637634, 1.2654950049620564E-11, 1.1034140383883842E-11
240, Flight1, LOWRISK2, 0.16317423621870072, 0.03143187952772446, 1.9019093578244133E-10, 0.4552963768484832, 3.192202224098631E-11, 0.3500975071239956, 3.190236349609011E-11, 2.7794469163277378E-11
240, Flight1, LOWRISK3, 0.14485925030640162, 0.1962667436784702, 2.8385043804925614E-9, 0.3691811531628373, 4.629259607616422E-10, 0.2896928486920757, 4.6124289084800597E-10, 3.9825579648476496E-10
240, Flight1, LOWRISK4, 0.9999999997337564, 5.4382539377749116E-11, 4.796573779010944E-11, 4.794147390627869E-11, 2.3300982260909704E-11, 4.7989031841294876E-11, 2.331298915163844E-11, 2.2064783919194023E-11
240, Flight2, SELECTEE, 0.15636814865790716, 0.0926866615720872, 5.600284720231017E-10, 0.40668130312736595, 9.505541025875024E-11, 0.34426388581085804, 9.488638687161477E-11, 8.25252770554798E-11
240, Flight2, UNKNOWN, 0.9999999999621616, 7.845444565112248E-12, 6.934896374258912E-12, 6.929413263716709E-12, 3.3601811267527385E-12, 6.935351330652061E-12, 3.362007839507191E-12, 3.1853431554004276E-12
240, Flight2, LOWRISK1, 0.9999999998723023, 2.949555053425018E-11, 2.2305513375758273E-11, 2.587431145780811E-11, 8.515600767304504E-12, 2.5877739081164063E-11, 8.517674368275249E-12, 7.8252847557755E-12
240, Flight2, LOWRISK2, 0.6641227126886845, 0.02289559705815451, 1.1568901662315563E-10, 0.15678502475814696, 1.9658217945541613E-11, 0.15619666532367002, 1.9659384134870467E-11, 1.705122081349295E-11
240, Flight2, LOWRISK3, 0.6543758934846107, 0.11061695464377228, 2.8949208149457533E-9, 0.1180798440312999, 4.5346348349492447E-10, 0.116927303651365, 4.527143735846982E-10, 3.8856721415632017E-10
240, Flight2, LOWRISK4, 0.9999999997633874, 4.834495620347923E-11, 4.2645569006354664E-11, 4.26181704579401E-11, 2.071505479597155E-11, 4.266087647828009E-11, 2.0726039483990266E-11, 1.9615973098746877E-11
240, Flight3, SELECTEE, 0.15896514237538967, 0.06931371828232188, 4.020720990785673E-10, 0.41623878303021633, 6.813242996784871E-11, 0.3554823557153108, 6.804414332002081E-11, 5.922632801515489E-11
240, Flight3, UNKNOWN, 0.9999999999861431, 2.965885051051863E-12, 2.6236005691788685E-12, 2.623224247041976E-12, 1.2666659805077884E-12, 2.624415371454275E-12, 1.2666699403274197E-12, 1.2006179683197278E-12
240, Flight3, LOWRISK1, 0.9999999998806588, 2.950833385982482E-11, 1.978320467815837E-11, 2.5759252926807074E-11, 6.616831579175518E-12, 2.577046541312477E-11, 6.6190939761526246E-12, 5.9982891047216146E-12
240, Flight3, LOWRISK2, 0.6638168128304137, 0.0256486957625896, 1.3152863648989045E-10, 0.15521956872384018, 2.2480606060919387E-11, 0.15531492248786333, 2.24818827022571E-11, 1.951592779039203E-11
240, Flight3, LOWRISK3, 0.6543758934846107, 0.11061695464377228, 2.8949208149457533E-9, 0.1180798440312999, 4.5346348349492447E-10, 0.116927303651365, 4.527143735846982E-10, 3.8856721415632017E-10
240, Flight3, LOWRISK4, 0.9999999994710432, 1.0804300809473206E-10, 9.505982903171667E-11, 9.494120957713485E-11, 4.633026381628871E-11, 9.509099269616033E-11, 4.637084040464028E-11, 4.3834305628845813E-11
240, Flight4, SELECTEE, 3.8484490192580855E-13, 9.369997568798663E-13, 9.354508867867434E-13, 2.6752416615153327E-12, 0.9999999992633763, 1.1437696229778834E-12, 1.963132746053223E-12, 7.292978760061669E-10
240, Flight4, UNKNOWN, 0.11073850902090854, 0.003353417175011604, 2.5179035917819567E-11, 0.5202450804300799, 4.17884841920893E-12, 0.36566299333753055, 4.173412218017279E-12, 3.6520154056766184E-12
240, Flight4, LOWRISK1, 2.5980000329780335E-12, 2.255513087323155E-11, 1.734421675977254E-11, 0.6124582238094003, 0.09486288292127408, 0.2208751093353744, 0.07180378381673923, 7.542868521343364E-11
240, Flight4, LOWRISK2, 9.832752987047143E-12, 8.537480115646588E-11, 6.518490378372007E-11, 0.40856739710476375, 0.39243985873020154, 0.09143260385009408, 0.10756013989212046, 2.6314164136156524E-10
240, Flight4, LOWRISK3, 1.0112531545075361E-10, 9.000921686036031E-10, 6.729792553343264E-10, 0.401725446342211, 0.4016819245701214, 0.09827455028653004, 0.09831807427166413, 2.8559904925969332E-9
240, Flight4, LOWRISK4, 0.6988680953884875, 0.04352045398172362, 3.475477859033574E-10, 0.12530637077590168, 5.939480694936394E-11, 0.13230507933660107, 5.93655517538519E-11, 5.1691898001748215E-11
240, Flight5, SELECTEE, 1.781294598922408E-11, 1.5471545223193244E-10, 1.1748214527091714E-10, 0.47399411032913824, 0.2626065651873624, 0.1510058891272365, 0.1123934345862658, 4.807002376188068E-10
240, Flight5, UNKNOWN, 0.666299107657882, 0.0033080274290791184, 2.3174892617043646E-11, 0.15806080162128902, 3.835108444237067E-12, 0.17233206325827077, 3.834773540014081E-12, 3.347885743134157E-12
240, Flight5, LOWRISK1, 0.3322677894692461, 0.009589894230803106, 6.179743035255137E-11, 0.35080780669520556, 1.0231634388371597E-11, 0.3073345095142738, 1.023341942768371E-11, 8.922651430672417E-12
240, Flight5, LOWRISK2, 0.16262117271862675, 0.03640945099761528, 2.1878912156920798E-10, 0.4531813013730629, 3.679217706326995E-11, 0.34778807458703775, 3.6766494621365176E-11, 3.202338416423633E-11
240, Flight5, LOWRISK3, 0.15925829258781807, 0.0666753658171419, 3.533294069523248E-10, 0.42649430010024664, 5.980319704141185E-11, 0.3475720409705956, 5.973135187964748E-11, 5.2047816728145674E-11
240, Flight5, LOWRISK4, 0.9999999994704944, 1.0813601003112766E-10, 9.516018150781015E-11, 9.507394575795364E-11, 4.636599247963827E-11, 9.520846520420763E-11, 4.640224679172431E-11, 4.387278636736433E-11
240, Flight6, SELECTEE, 4.040547381997596E-11, 3.5131878108075094E-10, 2.1840167333425445E-10, 0.6278321731048649, 2.0012233371682678E-10, 0.3721678257363804, 1.9819343698319115E-10, 1.5102673707557496E-10
240, Flight6, UNKNOWN, 0.9999999994384697, 1.9218681067065717E-10, 2.3646683985183908E-11, 1.668547385561213E-10, 4.314980084961469E-12, 1.6714766277186267E-10, 4.314943874869839E-12, 3.778201054390612E-12
240, Flight6, LOWRISK1, 0.5543005367880378, 0.011295168183797338, 7.557541626267268E-11, 0.22124417991095988, 1.2627897502858745E-11, 0.2131601150060816, 1.2629822676179368E-11, 1.1003948672417998E-11
240, Flight6, LOWRISK2, 0.33102579282172856, 0.020767872049713528, 1.3556166924630675E-10, 0.34125053929609794, 2.285762429877195E-11, 0.30695579563198333, 2.285299342142507E-11, 1.991794883909225E-11
240, Flight6, LOWRISK3, 0.31624331354150154, 0.15381017581069634, 1.410114135946006E-9, 0.2751521029648908, 2.3269639403718785E-10, 0.25479440560806493, 2.324484314504684E-10, 2.0030124438402976E-10
240, Flight6, LOWRISK4, 0.9999999996961324, 6.206431054475607E-11, 5.471515029401789E-11, 5.467369012544769E-11, 2.6597161882370507E-11, 5.4737004856386304E-11, 2.6612495618549818E-11, 2.518163222625717E-11
240, Flight7, SELECTEE, 1.4917160116044144E-11, 1.306905014866309E-10, 9.839349707646299E-11, 0.20445517045630163, 0.6892009283502565, 0.045544829083327666, 0.06079907144849902, 4.1832806863556013E-10
240, Flight7, UNKNOWN, 0.33286784160318555, 0.004189423123324496, 3.045315488808306E-11, 0.3475828064549895, 5.0288742505516355E-12, 0.31535992877431335, 5.029018423811684E-12, 4.389943645001454E-12
240, Flight7, LOWRISK1, 0.10996482658771825, 0.0103165603197405, 6.736379757941448E-11, 0.5322425552358634, 1.1219487536749881E-11, 0.34747605775780116, 1.1213673797672957E-11, 9.793441574425923E-12
240, Flight7, LOWRISK2, 2.1642061695532162E-10, 1.738753996390032E-9, 1.2849668081855032E-10, 0.6665870636601873, 2.505601696752171E-11, 0.3334129341850398, 2.499746284585696E-11, 2.1762197206553383E-11
240, Flight7, LOWRISK3, 2.1487862461414902E-11, 1.444673528146125E-10, 1.0192763246282046E-10, 0.6666398578910511, 1.5849422604065015E-10, 0.33336014141901105, 1.5812185083336489E-10, 1.0615267905342966E-10
240, Flight7, LOWRISK4, 0.9999999996937752, 6.24440377797828E-11, 5.5160352391086156E-11, 5.525263759329242E-11, 2.6736870804412278E-11, 5.527069475972646E-11, 2.674042970149229E-11, 2.5333606030844414E-11
240, Flight8, SELECTEE, 5.0294853880839675E-11, 4.753678583034963E-10, 3.4786024236158934E-10, 0.11630481003583734, 0.8221316981628265, 0.026552331153543524, 0.035011158471310234, 1.3036732944697324E-9
240, Flight8, UNKNOWN, 0.23788529578191925, 0.0018894787255265093, 2.2525985575115255E-11, 0.4185917121683027, 3.721669097498702E-12, 0.3416335132917475, 3.720262538440473E-12, 3.2500505716793975E-12
240, Flight8, LOWRISK1, 0.046539331470513125, 0.009717444997451375, 6.269566796426522E-11, 0.6028002009284223, 1.0519642232433441E-11, 0.34094302251141195, 1.0508305242274547E-11, 9.191441514979208E-12
240, Flight8, LOWRISK2, 5.938094682924609E-12, 4.434097437121677E-11, 3.486654702186202E-11, 0.5934792985525985, 0.12473051184781983, 0.1922349886224237, 0.08955520079271596, 1.0001026691637693E-10
240, Flight8, LOWRISK3, 1.709396507755591E-11, 1.3012510025806526E-10, 1.0143050672710307E-10, 0.5746267550544546, 0.14462504580334537, 0.21108753003101333, 0.06966066838013504, 4.831159416738601E-10
240, Flight8, LOWRISK4, 0.9999999969219939, 9.68274736179703E-10, 2.7239555991377824E-10, 8.320551397004488E-10, 6.04362755542368E-11, 8.321484814860188E-10, 6.041823589428027E-11, 5.299148353973769E-11
240, Flight9, SELECTEE, 2.071867258648362E-11, 1.8308589860200823E-10, 1.3722133045226004E-10, 0.20421818133050798, 0.689307306757313, 0.045781818020457735, 0.060692692950577845, 6.00831442552185E-10
240, Flight9, UNKNOWN, 0.33248182591609104, 0.007663564285144654, 5.1052874889645026E-11, 0.343449519907991, 8.458436712044304E-12, 0.3164050898161342, 8.459077880288199E-12, 7.382515537764292E-12
240, Flight9, LOWRISK1, 0.11009142390780084, 0.009177184446245943, 6.042553401387485E-11, 0.5320191574243404, 1.0055394806751949E-11, 0.34871223413301683, 1.0050582824320823E-11, 8.778424433598215E-12
240, Flight9, LOWRISK2, 2.2341279417813829E-10, 1.6129044812971966E-9, 2.760258866907092E-10, 0.6651552216986915, 6.644388612060408E-11, 0.334844776000011, 6.604199209942803E-11, 5.7182229689576007E-11
240, Flight9, LOWRISK3, 2.4720375740102644E-11, 1.6340108509818352E-10, 1.1493348138610983E-10, 0.6667013916588918, 1.7248682731929422E-10, 0.3332986075775972, 1.7211877294625544E-10, 1.165645111006396E-10
240, Flight9, LOWRISK4, 0.9999999979498488, 4.1967061172252493E-10, 3.6626423867902457E-10, 3.661208869712325E-10, 1.8093515444795532E-10, 3.66152247335973E-10, 1.8103310805294884E-10, 1.7068863126982215E-10
240, Flight10, SELECTEE, 2.589784216300194E-11, 2.235037968411344E-10, 1.394699710718681E-10, 0.6280314147883306, 1.233187432556744E-10, 0.3719685844839299, 1.2251214916637988E-10, 9.375069347214626E-11
240, Flight10, UNKNOWN, 0.9999999994375486, 1.8738161195837824E-10, 3.3127540502836317E-11, 1.6211857175031425E-10, 6.346894463384521E-12, 1.622758394975137E-10, 6.348467329460133E-12, 5.566014046591715E-12
240, Flight10, LOWRISK1, 0.5545418957392323, 0.009122937636293548, 6.260657080657956E-11, 0.22202046057159436, 1.047842879571204E-11, 0.2143147059608878, 1.0479193982008887E-11, 9.141607193620792E-12
240, Flight10, LOWRISK2, 0.33093185479790743, 0.021613314257473773, 1.421839867628062E-10, 0.33760847611886396, 2.401165389212329E-11, 0.30984635461534227, 2.400378549310505E-11, 2.0926867911659218E-11
240, Flight10, LOWRISK3, 0.3132390740390181, 0.18084832977101442, 2.735830070103948E-9, 0.2625642577483913, 4.5963877103314267E-10, 0.24334833439190756, 4.587997255879393E-10, 3.961139357681451E-10
240, Flight10, LOWRISK4, 0.9999999989534681, 2.1403176035236616E-10, 1.8764079027791543E-10, 1.8734012319755027E-10, 9.183143344842997E-11, 1.8768541347769231E-10, 9.193732961726913E-11, 8.677873606450348E-11
240, Flight11, SELECTEE, 3.8705085043014027E-13, 9.343822662160616E-13, 9.338021481857966E-13, 2.622712777821015E-12, 0.999999998100631, 1.1358672379956879E-12, 1.967745129355323E-12, 1.8921012749261986E-9
240, Flight11, UNKNOWN, 0.11037586795242318, 0.0066171867715678805, 4.401170670767249E-11, 0.5286998200783161, 7.322030758765788E-12, 0.35430712513335916, 7.31938729112124E-12, 6.394627322453136E-12
240, Flight11, LOWRISK1, 2.2296688723315383E-12, 1.9336732494783436E-11, 1.4872539604190027E-11, 0.6162819338747632, 0.09366649588989207, 0.21705139928182168, 0.07300017085181464, 6.598313455633724E-11
240, Flight11, LOWRISK2, 4.93167819916782E-12, 4.2819718636450024E-11, 3.280752916962257E-11, 0.4096080688888162, 0.3946948903393842, 0.09039193222220195, 0.10530510833086763, 1.3888498216113989E-10
240, Flight11, LOWRISK3, 1.5559851425874808E-11, 1.331443880712676E-10, 1.0157998252049534E-10, 0.39856503711790187, 0.4098579589461887, 0.10143496228789414, 0.09014204099096082, 4.074840827451645E-10
240, Flight11, LOWRISK4, 0.6968069929520201, 0.06207037568389639, 5.558120964863811E-10, 0.12472785626989588, 9.390521879407122E-11, 0.11639477427012411, 9.385162998994753E-11, 8.120873473935813E-11
240, Flight12, SELECTEE, 1.754309748316504E-11, 1.5315241917116367E-10, 1.1570328186723436E-10, 0.320879367422925, 0.5072356820416871, 0.07912063203671992, 0.0927643177285614, 4.844215299046156E-10
240, Flight12, UNKNOWN, 0.46598899060263826, 0.006099081632747329, 4.156675196526785E-11, 0.26442566335261086, 6.892347847268534E-12, 0.26348626435134914, 6.8928587932221676E-12, 6.0160910435349965E-12
240, Flight12, LOWRISK1, 0.19812988906595996, 0.01683099790913629, 1.067730110748703E-10, 0.4488328963171755, 1.781432916686982E-11, 0.33620621655051597, 1.7804630833286007E-11, 1.553415489046379E-11
240, Flight12, LOWRISK2, 0.06340955969139457, 0.029313967136818917, 1.901604985446654E-10, 0.5739962347806661, 3.2008528607494365E-11, 0.33328023810981605, 3.1955926384260446E-11, 2.7893407702100563E-11
240, Flight12, LOWRISK3, 0.05245005044600313, 0.12794954409883036, 1.4015871320161654E-9, 0.5373646115325053, 2.3663185526088515E-10, 0.2822357918455667, 2.352801435754337E-10, 2.0430961926418495E-10
240, Flight12, LOWRISK4, 0.9999999996953205, 6.217604856935137E-11, 5.486185309645744E-11, 5.488736962683548E-11, 2.665228754787452E-11, 5.491394272392261E-11, 2.6658882367308736E-11, 2.5242894319616535E-11
240, Flight13, SELECTEE, 1.1332833958993296E-11, 1.0280521265317077E-10, 7.636784553293075E-11, 0.05133290538804133, 0.9216401644947132, 0.011167094254590882, 0.015859835317676943, 3.5518566482600986E-10
240, Flight13, UNKNOWN, 0.16582565400079793, 0.007569112128126631, 5.014886539857006E-11, 0.4750753433394267, 8.319848527295708E-12, 0.35152989045831173, 8.319077895505723E-12, 7.263106714007915E-12
240, Flight13, LOWRISK1, 2.662054973069706E-12, 2.2738628520170864E-11, 1.6904354811384165E-11, 0.6716735220459848, 6.428932763588071E-11, 0.3283264777524663, 6.425569433314781E-11, 3.141264855716034E-11
240, Flight13, LOWRISK2, 1.3690425636878114E-11, 1.1791564820000735E-10, 9.010511480671997E-11, 0.4952239723216938, 0.26412016624224544, 0.12977602867093843, 0.11087983219398571, 3.5013948626772597E-10
240, Flight13, LOWRISK3, 2.2179850272322015E-11, 1.8714850784819143E-10, 1.43237310460308E-10, 0.49046531894998563, 0.2694337365778909, 0.1345346802402491, 0.10556626330444037, 5.755823876744421E-10
240, Flight13, LOWRISK4, 0.8284386233958563, 0.044052365761538405, 5.640592005964992E-10, 0.0650492478590089, 9.416723078574482E-11, 0.062459762150666086, 9.411306876580207E-11, 8.130471868891387E-11
240, Flight14, SELECTEE, 1.3421282320728006E-11, 1.1644897687664818E-10, 8.86934581783195E-11, 0.4745756402528183, 0.2620510612784497, 0.15042435934331383, 0.11294893854775816, 3.5981018941943847E-10
240, Flight14, UNKNOWN, 0.666340907558778, 0.002931828324558256, 2.0295944512963418E-11, 0.15814923072122006, 3.32828513503883E-12, 0.17257803336630112, 3.327928589191957E-12, 2.9042706058160285E-12
240, Flight14, LOWRISK1, 0.33207638868240025, 0.011312501300389683, 7.24532843765464E-11, 0.3503147652897519, 1.2021868984852196E-11, 0.3062963446211902, 1.2023202571682034E-11, 1.0483356808595243E-11
240, Flight14, LOWRISK2, 0.16338875076236645, 0.029501248647519098, 1.7856920313439627E-10, 0.45612830243606317, 2.9936968726108476E-11, 0.3509816978902701, 2.991989657622857E-11, 2.6068951185514984E-11
240, Flight14, LOWRISK3, 0.16000242177437762, 0.05997820304266914, 4.6048817893438823E-10, 0.43905157941602574, 7.920100392917413E-11, 0.34096779507999625, 7.912383427023899E-11, 6.883210203706491E-11
240, Flight14, LOWRISK4, 0.9999999995753563, 8.671145948841749E-11, 7.637493830569886E-11, 7.631420963458546E-11, 3.716843433772658E-11, 7.641400423554133E-11, 3.719373073967266E-11, 3.518038268808593E-11
240, Flight15, SELECTEE, 1.2924591379240634E-11, 1.1442679952051266E-10, 8.568918155485502E-11, 0.11694523090820064, 0.8218952172447674, 0.02591191154755546, 0.03524763970674508, 3.804046217034189E-10
240, Flight15, UNKNOWN, 0.23765436395148187, 0.003967865191706179, 2.9816333035217877E-11, 0.4225324403187465, 4.929116751618512E-12, 0.33584533049480114, 4.929134975359516E-12, 4.303655383834041E-12
240, Flight15, LOWRISK1, 0.04582884535997933, 0.01611181995179939, 1.020846959879274E-10, 0.5998730693391505, 1.729101945836612E-11, 0.33818626519804235, 1.7257309552153584E-11, 1.5109215316298556E-11
240, Flight15, LOWRISK2, 7.932098375988341E-12, 6.409565252680751E-11, 5.002834363351869E-11, 0.5689231856894944, 0.18417411990554278, 0.21679110141452979, 0.030111592682645627, 1.8644515637529508E-10
240, Flight15, LOWRISK3, 2.947069181807679E-11, 2.337573504499795E-10, 1.790648745270392E-10, 0.5868463370466613, 0.131623939577826, 0.19886794765281168, 0.08266177454000898, 7.411131427058065E-10
240, Flight15, LOWRISK4, 0.9999999968066535, 7.877600843736985E-10, 5.334114615506511E-10, 6.870694275568945E-10, 1.7266907966291867E-10, 6.853464131463813E-10, 1.7256057548588532E-10, 1.5524342256137726E-10
240, Flight16, SELECTEE, 1.508794884799126E-11, 1.3149799063380608E-10, 9.952681553220576E-11, 0.32094445163384355, 0.5072634146856996, 0.07905554790447435, 0.09273658511544222, 4.1514137341198486E-10
240, Flight16, UNKNOWN, 0.4659069241833688, 0.006837679401374676, 4.6140161073229334E-11, 0.2645588800280145, 7.652590991727981E-12, 0.26269651631983104, 7.653477381500295E-12, 6.6785371816207814E-12
240, Flight16, LOWRISK1, 0.1988885383174772, 0.01000315468926621, 6.592021957289072E-11, 0.45272038755702493, 1.0948253056942249E-11, 0.33838791933957824, 1.0946724390759393E-11, 9.552002715847397E-12
240, Flight16, LOWRISK2, 0.0641058928418737, 0.02304696882465089, 1.5077915773054228E-10, 0.5766211532297426, 2.5294135911044968E-11, 0.3362259848810608, 2.5262343087557944E-11, 2.2050030615735572E-11
240, Flight16, LOWRISK3, 0.056527794559423146, 0.09124984784440415, 6.94992827054344E-10, 0.5535325072921959, 1.191098320512541E-10, 0.29868984926863834, 1.186709972190816E-10, 1.0327854263538852E-10
240, Flight16, LOWRISK4, 0.9999999992955556, 1.4380091432287647E-10, 1.264427882442015E-10, 1.264685956999198E-10, 6.172454474642853E-11, 1.2656736103933296E-10, 6.175704470574494E-11, 5.839687036052455E-11
240, Flight17, SELECTEE, 1.1332833958993296E-11, 1.0280521265317077E-10, 7.636784553293075E-11, 0.05133290538804133, 0.9216401644947132, 0.011167094254590882, 0.015859835317676943, 3.5518566482600986E-10
240, Flight17, UNKNOWN, 0.16620555328435443, 0.004150018597007431, 3.041576214619595E-11, 0.4791529373217768, 5.0369424184829456E-12, 0.3504914907526879, 5.035411890600067E-12, 4.399240494109425E-12
240, Flight17, LOWRISK1, 3.442361515522942E-12, 2.950532194058835E-11, 2.1719829122352658E-11, 0.667855903495217, 6.780623030994989E-11, 0.33214409627909947, 6.773012980331564E-11, 3.619353443195571E-11
240, Flight17, LOWRISK2, 1.3690425636878114E-11, 1.1791564820000735E-10, 9.010511480671997E-11, 0.4952239723216938, 0.26412016624224544, 0.12977602867093843, 0.11087983219398571, 3.5013948626772597E-10
240, Flight17, LOWRISK3, 1.5848094333717495E-11, 1.3416072432359725E-10, 1.0301796536358205E-10, 0.4860819049839515, 0.2765463447200704, 0.13891809440384392, 0.0984536552435134, 3.963077048650085E-10
240, Flight17, LOWRISK4, 0.8281428906811006, 0.046713960020019346, 7.040001180764856E-10, 0.06378105166089182, 1.1748543466047214E-10, 0.06136209659841717, 1.1740835709818242E-10, 1.0139114705729299E-10
240, Flight18, SELECTEE, 2.9363950958357035E-11, 2.539682977312725E-10, 1.583868738152076E-10, 0.6279423660983642, 1.416342206823737E-10, 0.3720576330709558, 1.4058664918283432E-10, 1.0745391798902281E-10
240, Flight18, UNKNOWN, 0.9999999994375486, 1.8738161195837824E-10, 3.3127540502836317E-11, 1.6211857175031425E-10, 6.346894463384521E-12, 1.622758394975137E-10, 6.348467329460133E-12, 5.566014046591715E-12
240, Flight18, LOWRISK1, 0.5536787757151476, 0.016891017806290598, 1.0602194114703357E-10, 0.21849716282208514, 1.7730022644033596E-11, 0.2109330435002694, 1.773182847084169E-11, 1.5437119877721404E-11
240, Flight18, LOWRISK2, 0.3306767443909521, 0.023909307948398833, 1.2070331690153092E-10, 0.3391174635828401, 1.9934196799305438E-11, 0.3062964839006084, 1.9931005861796096E-11, 1.734577920974859E-11
240, Flight18, LOWRISK3, 0.3257247194301118, 0.06847752410304038, 3.643653041355402E-10, 0.3092839588138289, 5.852585889170105E-11, 0.2965137971217915, 5.849912987514893E-11, 5.055080714001112E-11
240, Flight18, LOWRISK4, 0.9999999989534681, 2.1403176035236616E-10, 1.8764079027791543E-10, 1.8734012319755027E-10, 9.183143344842997E-11, 1.8768541347769231E-10, 9.193732961726913E-11, 8.677873606450348E-11
240, Flight19, SELECTEE, 2.071867258648362E-11, 1.8308589860200823E-10, 1.3722133045226004E-10, 0.20421818133050798, 0.689307306757313, 0.045781818020457735, 0.060692692950577845, 6.00831442552185E-10
240, Flight19, UNKNOWN, 0.33292366971049303, 0.0036869701603614333, 2.7855698948259074E-11, 0.34941178944373397, 4.598309222645421E-12, 0.31397757064505916, 4.598392188032555E-12, 4.014027772230788E-12
240, Flight19, LOWRISK1, 0.10980501596226602, 0.011754855939632563, 7.610715684594103E-11, 0.5320649176135445, 1.2690783114784257E-11, 0.3463752103727134, 1.268300124950087E-11, 1.1076421040249524E-11
240, Flight19, LOWRISK2, 1.84031965825581E-10, 1.9153239670808768E-9, 3.6262107534602476E-10, 0.6689721572153805, 8.910797084189499E-11, 0.33102784006945457, 8.828960775467818E-11, 7.65043416631628E-11
240, Flight19, LOWRISK3, 9.218976577348018E-11, 7.864540858210766E-10, 5.018371680674896E-10, 0.6627014323236753, 5.489812607292456E-10, 0.3372985648078762, 5.423845099753915E-10, 3.9731557286351843E-10
240, Flight19, LOWRISK4, 0.9999999992944318, 1.4394752735911783E-10, 1.2665613596332464E-10, 1.2674851702681396E-10, 6.17961163169002E-11, 1.2683362245701121E-10, 6.18191927177484E-11, 5.848073081561227E-11
240, Flight20, SELECTEE, 3.8484490192580855E-13, 9.369997568798663E-13, 9.354508867867434E-13, 2.6752416615153327E-12, 0.9999999992633763, 1.1437696229778834E-12, 1.963132746053223E-12, 7.292978760061669E-10
240, Flight20, UNKNOWN, 0.11067805906469814, 0.003897466777873477, 2.8053173052457276E-11, 0.5219576113350941, 4.65852875427451E-12, 0.3634668627816121, 4.65306777907906E-12, 4.071101613270355E-12
240, Flight20, LOWRISK1, 2.7274018952241707E-12, 2.3678258660116843E-11, 1.8206228068946588E-11, 0.61134977843563, 0.09515033617939736, 0.22198355470501874, 0.07151633055733482, 7.872115827352092E-11
240, Flight20, LOWRISK2, 5.423270319892664E-12, 4.711731002447339E-11, 3.609061690586441E-11, 0.4099421345501635, 0.39304941564107804, 0.09005786654512395, 0.10695058302272493, 1.5299214259600097E-10
240, Flight20, LOWRISK3, 1.8072602174902676E-11, 1.547852866555501E-10, 1.179968704205975E-10, 0.39941345531910694, 0.4077206827389705, 0.10058654400725331, 0.09227931718450842, 4.6002002610180927E-10
240, Flight20, LOWRISK4, 0.6984499249615805, 0.04728398777664241, 3.9496401777937333E-10, 0.12735733053427528, 6.765950772942522E-11, 0.1269087561391405, 6.762872953060589E-11, 5.88227568865579E-11
240, Flight21, SELECTEE, 1.272383228654021E-11, 1.1610169040131547E-10, 8.609091795181322E-11, 0.051282724776534346, 0.9217142852127784, 0.011217274819211106, 0.015785714586629366, 3.9064421238666794E-10
240, Flight21, UNKNOWN, 0.16587138447464736, 0.007157537866060577, 4.77039459084181E-11, 0.47604610338370734, 7.911606942269043E-12, 0.350924974205865, 7.911152851715623E-12, 6.906878783909342E-12
240, Flight21, LOWRISK1, 4.319822862458035E-12, 3.708352572241379E-11, 2.7026761627353897E-11, 0.6659475108293997, 7.198505592280996E-11, 0.33405248891805195, 7.186223793638647E-11, 4.098451869907852E-11
240, Flight21, LOWRISK2, 5.267231553216367E-12, 4.5201602352579426E-11, 3.473454520297948E-11, 0.5026800187157567, 0.2570155464586364, 0.12231998254437312, 0.11798445205762062, 1.391237429189584E-10
240, Flight21, LOWRISK3, 1.01888097274572E-10, 9.024432604110362E-10, 6.747986745618147E-10, 0.48757348712954246, 0.27314050414440866, 0.13742650947332258, 0.10185949471369973, 2.8606105115630596E-9
240, Flight21, LOWRISK4, 0.8284386233958563, 0.044052365761538405, 5.640592005964992E-10, 0.0650492478590089, 9.416723078574482E-11, 0.062459762150666086, 9.411306876580207E-11, 8.130471868891387E-11
240, Flight22, SELECTEE, 1.0093577109368927E-10, 9.324617126994697E-10, 6.909403733490517E-10, 0.3190400771203595, 0.5087929965023447, 0.08095991956475314, 0.09120700234857478, 2.7403439130265706E-9
240, Flight22, UNKNOWN, 0.4662777994852082, 0.003499801707243285, 2.5473594269072884E-11, 0.2642419033640349, 4.1973982016887575E-12, 0.26598049540669577, 4.197196220506312E-12, 3.663372899997609E-12
240, Flight22, LOWRISK1, 0.19812988906595996, 0.01683099790913629, 1.067730110748703E-10, 0.4488328963171755, 1.781432916686982E-11, 0.33620621655051597, 1.7804630833286007E-11, 1.553415489046379E-11
240, Flight22, LOWRISK2, 0.05798531464432567, 0.07813217216608302, 5.595149304023326E-10, 0.552216155035814, 9.53235190996701E-11, 0.3116663573218923, 9.493243493133682E-11, 8.282797878880015E-11
240, Flight22, LOWRISK3, 0.04974011002802724, 0.152339006271768, 2.8271798372095007E-9, 0.5206748057159476, 4.6163864826899646E-10, 0.27724607384089667, 4.5660917760913846E-10, 3.986468429453891E-10
240, Flight22, LOWRISK4, 0.9999999989512148, 2.1427541604603555E-10, 1.8796319409334517E-10, 1.8789687453663335E-10, 9.20770392875213E-11, 1.880984805557204E-10, 9.213918274184894E-11, 8.704875722525745E-11
240, Flight23, SELECTEE, 3.860628718169591E-13, 9.352557794257006E-13, 9.342888180907104E-13, 2.6425649289374306E-12, 0.9999999988608972, 1.1388325321862854E-12, 1.9658322152661485E-12, 1.1318134927569288E-9
240, Flight23, UNKNOWN, 0.11030926273397337, 0.0072166337338710725, 4.7581965029696885E-11, 0.528490194686617, 7.920459940479139E-12, 0.35398390877591535, 7.91769442501081E-12, 6.9168371532381595E-12
240, Flight23, LOWRISK1, 3.305555370189152E-12, 2.8679775425328856E-11, 2.204441335932375E-11, 0.6077931409537367, 0.09590912239636559, 0.22554019216853147, 0.07075754433475069, 9.329959365331209E-11
240, Flight23, LOWRISK2, 6.376278413232193E-12, 5.541848477722797E-11, 4.2421715457374975E-11, 0.40993642243865347, 0.3918607110509689, 0.09006357862618972, 0.1081392876023333, 1.783520229349784E-10
240, Flight23, LOWRISK3, 1.0112531545075361E-10, 9.000921686036031E-10, 6.729792553343264E-10, 0.401725446342211, 0.4016819245701214, 0.09827455028653004, 0.09831807427166413, 2.8559904925969332E-9
240, Flight23, LOWRISK4, 0.6968069929520201, 0.06207037568389639, 5.558120964863811E-10, 0.12472785626989588, 9.390521879407122E-11, 0.11639477427012411, 9.385162998994753E-11, 8.120873473935813E-11
240, Flight24, SELECTEE, 1.5306953449930007E-11, 1.3286046440989964E-10, 1.0105931881556078E-10, 0.4743099280936705, 0.26226904927004074, 0.15069007144247745, 0.11273095053383522, 4.114631734381387E-10
240, Flight24, UNKNOWN, 0.6661383993156705, 0.004754402498770874, 3.264318832187872E-11, 0.16542239108506968, 5.42707890205848E-12, 0.1636848070529661, 5.427902376057349E-12, 4.7385618163433665E-12
240, Flight24, LOWRISK1, 0.33216363282014416, 0.010527304066328673, 6.74740717802795E-11, 0.35057623525517473, 1.1183313345754499E-11, 0.30673282775947175, 1.1184903549760826E-11, 9.752321936335336E-12
240, Flight24, LOWRISK2, 0.1618465935710534, 0.043380663283906495, 2.577256764059245E-10, 0.45016108678419553, 4.341556612055928E-11, 0.3446116559792667, 4.338113083547273E-11, 3.776940696110436E-11
240, Flight24, LOWRISK3, 0.1547440801117654, 0.1073032777538344, 6.964205738172889E-10, 0.410311630363777, 1.178503176923571E-10, 0.3276410107373367, 1.176829973083511E-10, 1.0204653249993693E-10
240, Flight24, LOWRISK4, 0.999999999296771, 1.4366778258893177E-10, 1.262564502029504E-10, 1.2612768012138233E-10, 6.16189472607818E-11, 1.263188696672774E-10, 6.16746909607796E-11, 5.82783324048774E-11
240, Flight25, SELECTEE, 9.69471108793404E-11, 8.609146314121205E-10, 5.285158882023804E-10, 0.6274453973384568, 5.038244436736675E-10, 0.372554599800282, 4.971223890491748E-10, 3.746505661068872E-10
240, Flight25, UNKNOWN, 0.9999999994385625, 1.924064182095704E-10, 2.292365166805893E-11, 1.6725405005552744E-10, 4.165849851563396E-12, 1.6758835915107547E-10, 4.165736776922554E-12, 3.647029890768394E-12
240, Flight25, LOWRISK1, 0.554254576117302, 0.01170881421835855, 7.761718018291856E-11, 0.22099151811972362, 1.2964956590878141E-11, 0.21304509143048433, 1.2966878635153513E-11, 1.1296496638549757E-11
240, Flight25, LOWRISK2, 0.3290844915636617, 0.03823958329064577, 2.1747953826139506E-10, 0.33243327424294916, 3.6609739338143746E-11, 0.30024265058094907, 3.6601749024413864E-11, 3.181698429843037E-11
240, Flight25, LOWRISK3, 0.31876447923023277, 0.13111968525431486, 9.49665674935331E-10, 0.2847281618424907, 1.5493706195810202E-10, 0.2653876722808844, 1.548133895176123E-10, 1.3337505916423646E-10
240, Flight25, LOWRISK4, 0.9999999997633784, 4.834591828869398E-11, 4.264631238162068E-11, 4.262022031016221E-11, 2.0716124243966368E-11, 4.26624022886354E-11, 2.0726673472742885E-11, 1.9617620024841822E-11
240, Flight26, SELECTEE, 0.6570812309316463, 0.08626892062625727, 9.148499667996432E-10, 0.1265043867278939, 1.5424268934791033E-10, 0.1301454603584374, 1.543654390473834E-10, 1.3305193616509478E-10
240, Flight26, UNKNOWN, 0.9999999999860523, 2.9843997146498068E-12, 2.6398716661122007E-12, 2.639109302003345E-12, 1.2746944577854468E-12, 2.640433276648408E-12, 1.2747424264592305E-12, 1.2081843284976935E-12
240, Flight26, LOWRISK1, 0.9999999999211673, 1.619632100496E-11, 1.4308111919378235E-11, 1.4303805534368293E-11, 6.936728711350225E-12, 1.431224946703721E-11, 6.939615623691819E-12, 6.5726980829214545E-12
240, Flight26, LOWRISK2, 0.999999999911218, 1.821901775857289E-11, 1.6096588271179802E-11, 1.6096272984647924E-11, 7.80460309213368E-12, 1.610354319008624E-11, 7.806900701833736E-12, 7.395160948082132E-12
240, Flight26, LOWRISK3, 0.9999999997631613, 4.8375037416275906E-11, 4.269313776062766E-11, 4.268551623313995E-11, 2.0731515883003036E-11, 4.27213622004201E-11, 2.074070068895834E-11, 1.9635780581659645E-11
240, Flight26, LOWRISK4, 0.9999999989544405, 2.1383812110752738E-10, 1.874673587701753E-10, 1.8712995061643077E-10, 9.176171045764745E-11, 1.8751364574352105E-10, 9.18834184718448E-11, 8.6710630694103E-11
240, Flight27, SELECTEE, 5.00008407617885E-11, 4.363871106783056E-10, 2.7044338099715456E-10, 0.6278676303801959, 2.5113966944259845E-10, 0.37213236817533524, 2.483632874777368E-10, 1.8884831846183678E-10
240, Flight27, UNKNOWN, 0.9999999994382505, 1.9131363744566073E-10, 2.5683653231366215E-11, 1.6580576925258252E-10, 4.737418541200659E-12, 1.660354920952727E-10, 4.737650931986811E-12, 4.149664955731048E-12
240, Flight27, LOWRISK1, 0.5539345342413593, 0.0145891910858246, 9.254572543149843E-11, 0.21964350468204957, 1.5452999976646008E-11, 0.21183276985456914, 1.5454858264570593E-11, 1.3457824690147465E-11
240, Flight27, LOWRISK2, 0.3290844915636617, 0.03823958329064577, 2.1747953826139506E-10, 0.33243327424294916, 3.6609739338143746E-11, 0.30024265058094907, 3.6601749024413864E-11, 3.181698429843037E-11
240, Flight27, LOWRISK3, 0.32459997229031096, 0.07860024819980362, 4.6237878674646414E-10, 0.3091928572107341, 7.8745344564519E-11, 0.28760692161172724, 7.871481089042756E-11, 6.829898757786943E-11
240, Flight27, LOWRISK4, 0.999999999575704, 8.665133342589873E-11, 7.630948197823224E-11, 7.623234834668679E-11, 3.7146887430193975E-11, 7.633921136679846E-11, 3.7173452159641213E-11, 3.515734558964972E-11
240, Flight28, SELECTEE, 8.453305661602077E-11, 1.0006398220701957E-9, 6.166401624926285E-10, 0.05085767159273041, 0.9222691707632766, 0.011642325218143684, 0.015230827989499884, 2.7352501079872263E-9
240, Flight28, UNKNOWN, 0.1665432541217684, 0.0011107110707942423, 2.0494042467302E-11, 0.4698443376010656, 3.3882542470157875E-12, 0.36250169717685815, 3.385278635754116E-12, 2.959826194796437E-12
240, Flight28, LOWRISK1, 5.752100711747953E-12, 4.945454738410095E-11, 3.553772997060283E-11, 0.664591408543049, 7.908518936678255E-11, 0.3354085911608584, 7.887548480504664E-11, 4.810155079682976E-11
240, Flight28, LOWRISK2, 1.821652900329638E-11, 1.5695153341085773E-10, 1.195305849749392E-10, 0.49261490532512986, 0.26781724138157476, 0.13238509552437722, 0.10718275701242028, 4.6251298678162973E-10
240, Flight28, LOWRISK3, 2.7609892780661382E-11, 2.3242619049470475E-10, 1.772143182542437E-10, 0.4908515665857937, 0.26990688434232857, 0.13414843243679186, 0.1050931154807462, 7.178031193886561E-10
240, Flight28, LOWRISK4, 0.8284386233958563, 0.044052365761538405, 5.640592005964992E-10, 0.0650492478590089, 9.416723078574482E-11, 0.062459762150666086, 9.411306876580207E-11, 8.130471868891387E-11
240, Flight29, SELECTEE, 1.4917160116044144E-11, 1.306905014866309E-10, 9.839349707646299E-11, 0.20445517045630163, 0.6892009283502565, 0.045544829083327666, 0.06079907144849902, 4.1832806863556013E-10
240, Flight29, UNKNOWN, 0.33319806586796025, 0.0012174047513242227, 2.022050268794427E-11, 0.3497333223659688, 3.334281746114655E-12, 0.31585120698566127, 3.3335012676291703E-12, 2.911073336517332E-12
240, Flight29, LOWRISK1, 0.10987371826651683, 0.0111365352053243, 7.2350346877202E-11, 0.5321872856335766, 1.2058041873834354E-11, 0.34680246078831184, 1.2051189143924174E-11, 1.0524658484365327E-11
240, Flight29, LOWRISK2, 2.5639182371103267E-10, 1.325977206969314E-9, 2.4924715948575133E-10, 0.6651492355970682, 5.85906748663634E-11, 0.3348507624046637, 5.827892517648756E-11, 5.049639709797426E-11
240, Flight29, LOWRISK3, 1.8251914834208936E-10, 1.6263578809346463E-9, 1.0080143651095905E-9, 0.6596413511414425, 1.0483710107832343E-9, 0.3403586432118986, 1.0206603234228997E-9, 7.614500544587339E-10
240, Flight29, LOWRISK4, 0.9999999979498488, 4.1967061172252493E-10, 3.6626423867902457E-10, 3.661208869712325E-10, 1.8093515444795532E-10, 3.66152247335973E-10, 1.8103310805294884E-10, 1.7068863126982215E-10
240, Flight30, SELECTEE, 4.887908080274238E-11, 4.993120407927046E-10, 3.4601883089992465E-10, 0.050948572645190836, 0.9222288905929382, 0.011551425663431278, 0.015271108767920236, 1.437023541678925E-9
240, Flight30, UNKNOWN, 0.16617131898898574, 0.004458127253562366, 3.2074249859678687E-11, 0.4797681618899182, 5.311875126922841E-12, 0.3496023918209115, 5.31078233827941E-12, 4.639035690196453E-12
240, Flight30, LOWRISK1, 5.042138363354816E-12, 4.33205821453329E-11, 3.133851114086029E-11, 0.6651234044021648, 7.553255978652381E-11, 0.3348765953232944, 7.536795503423129E-11, 4.4653063111444525E-11
240, Flight30, LOWRISK2, 5.523562360831803E-12, 4.744652673890447E-11, 3.6453458406843434E-11, 0.5023668002113999, 0.25706127364991344, 0.12263320104046607, 0.11793872486398398, 1.455270132135258E-10
240, Flight30, LOWRISK3, 3.643060566026579E-11, 3.0747430800861E-10, 2.332947400559651E-10, 0.49080181344983664, 0.2709410617038756, 0.13419818529674613, 0.10405893802541698, 9.476388129181376E-10
240, Flight30, LOWRISK4, 0.8279020352346494, 0.04888165875460006, 9.241185946488508E-10, 0.06259206614868722, 1.5598375562380817E-10, 0.06062423849211262, 1.5586287923411024E-10, 1.3469934171664678E-10