TimeWindow, Flight, RiskCategory, O177, O178, O179, O180, O181, O182, O183, O184
240, Flight1, SELECTEE, 7.436701166881561E-13, 6.307286682350728E-12, 5.0547857091086395E-12, 0.4748190546480683, 0.2633535071949816, 0.15018094532951673, 0.11164649278985518, 2.551281904422049E-11
240, Flight1, UNKNOWN, 0.41666666666520047, 1.586572193435766E-11, 2.8665034997078937E-12, 0.2918167216230194, 4.63314914467472E-13, 0.291516611691752, 4.63314593017917E-13, 4.0956907352062066E-13
240, Flight1, LOWRISK1, 0.3088989029202987, 2.7147537754972603E-11, 4.90268703919748E-12, 0.3696871404668228, 7.925031841841653E-13, 0.32141395657858307, 7.925004374874262E-13, 7.005714141600486E-13
240, Flight1, LOWRISK2, 0.1666666666551411, 6.889629108826993E-11, 1.2413991034262563E-11, 0.4722708322568847, 2.0076576766067465E-12, 0.36106250100091386, 2.007600558064667E-12, 1.7747713104428352E-12
240, Flight1, LOWRISK3, 0.08333333357598827, 1.313236041722135E-9, 1.8347172471624714E-10, 0.5234569172244293, 3.002591443187749E-11, 0.39320974761634064, 2.9996499745844617E-11, 2.6551797932240895E-11
240, Flight1, LOWRISK4, 0.9999999999831024, 3.420694396838155E-12, 3.056282371943063E-12, 3.056285924047774E-12, 1.4734431617576543E-12, 3.0563491765057328E-12, 1.4734573262345416E-12, 1.4014849079345053E-12
240, Flight2, SELECTEE, 0.16666666663966215, 2.0810080208589616E-10, 3.7173325840832724E-11, 0.44669899867383384, 6.022225181399534E-12, 0.38663433442390266, 6.021563610692955E-12, 5.323701753346506E-12
240, Flight2, UNKNOWN, 0.9999999999976168, 4.896086791002379E-13, 4.373421908115067E-13, 4.3734471941139596E-13, 2.1066131567168833E-13, 4.3734559502815463E-13, 2.1066152873122596E-13, 2.0036359458866466E-13
240, Flight2, LOWRISK1, 0.9511311391767959, 3.294528542468065E-11, 5.511175096707717E-12, 0.02439930366277652, 9.066175067112493E-13, 0.024469557119396305, 9.066197910130473E-13, 8.018093590425147E-13
240, Flight2, LOWRISK2, 0.6666666666561557, 4.3099629664092065E-11, 7.75476125329116E-12, 0.14312056485117422, 1.2544839371966083E-12, 0.19021276843823798, 1.2544861057910034E-12, 1.1089761141000159E-12
240, Flight2, LOWRISK3, 0.5000000006619854, 1.2338878264562615E-9, 1.806527885901071E-10, 0.24922399919654467, 2.98415833157704E-11, 0.2507759986408951, 2.983963613375769E-11, 2.639323904201306E-11
240, Flight2, LOWRISK4, 0.9999999999849847, 3.040560028613714E-12, 2.7166422122219442E-12, 2.7166037046710688E-12, 1.3096940963163315E-12, 2.716674118218026E-12, 1.3097098727330932E-12, 1.2457328364529232E-12
240, Flight3, SELECTEE, 0.1666666666475767, 1.481867135797211E-10, 2.6574545211758872E-11, 0.4471425060368472, 4.301881289186917E-12, 0.3861908271284486, 4.301560102501221E-12, 3.802884062662714E-12
240, Flight3, UNKNOWN, 0.9999999999991268, 1.8470281423628598E-13, 1.6491053710736988E-13, 1.649108722241681E-13, 7.930052511932727E-14, 1.6491100967143692E-13, 7.93005551187825E-14, 7.541736599759271E-14
240, Flight3, LOWRISK1, 0.9511311391783003, 2.133637770453799E-11, 3.745543249122949E-12, 0.024343291370494673, 6.121962217301402E-13, 0.024525569424397473, 6.121974093746098E-13, 5.413266039948675E-13
240, Flight3, LOWRISK2, 0.6666666666553362, 4.929282039954438E-11, 8.86083979031823E-12, 0.1687951312044577, 1.4336277180747255E-12, 0.1645382020779582, 1.433630866252167E-12, 1.2673468845890111E-12
240, Flight3, LOWRISK3, 0.5000000006619854, 1.2338878264562615E-9, 1.806527885901071E-10, 0.24922399919654467, 2.98415833157704E-11, 0.2507759986408951, 2.983963613375769E-11, 2.639323904201306E-11
240, Flight3, LOWRISK4, 0.9999999999661723, 6.839422790379406E-12, 6.110999829822416E-12, 6.1107859954138685E-12, 2.9464803019255544E-12, 6.11114886947025E-12, 2.946561834787018E-12, 2.802601503938833E-12
240, Flight4, SELECTEE, 2.0266963014390753E-14, 4.961242359489519E-14, 4.952685795816935E-14, 1.4254333442774776E-13, 0.9999999999423315, 6.06097478239313E-14, 1.0563633879039789E-13, 5.728053331374158E-11
240, Flight4, UNKNOWN, 1.8844041043344978E-13, 1.4191840271380496E-12, 8.250193526652294E-13, 0.6388442623276809, 3.7409338985881993E-13, 0.36115573766886777, 3.7408797458083997E-13, 3.146536063767759E-13
240, Flight4, LOWRISK1, 1.5937086448296438E-13, 1.352492258812395E-12, 1.083856958279303E-12, 0.5815948120926547, 0.1269486818192401, 0.20286966041679386, 0.08858684566327223, 5.483554782948386E-12
240, Flight4, LOWRISK2, 6.083841431602787E-13, 5.160075090072722E-12, 4.135286207033797E-12, 0.4005205735997884, 0.40381762227400997, 0.09947942637612017, 0.09618237771930592, 2.0911933251064735E-11
240, Flight4, LOWRISK3, 6.693464863442271E-12, 5.7194330687834164E-11, 4.5592414758281856E-11, 0.2723264632614178, 0.5921269537390894, 0.06100687067910473, 0.07453971198529152, 2.256567360129336E-10
240, Flight4, LOWRISK4, 0.5555555555270784, 1.3007313870626179E-10, 2.3239433740885403E-11, 0.226608557519082, 3.762754550684596E-12, 0.2178358867897155, 3.762744288544065E-12, 3.3263125581668726E-12
240, Flight5, SELECTEE, 1.1155036363030809E-12, 9.457510123042844E-12, 7.579570359850206E-12, 0.4742682697178596, 0.26386962989560453, 0.1507317302479031, 0.11113037008232443, 3.819607115466633E-11
240, Flight5, UNKNOWN, 0.4166666666662183, 8.181940106499135E-12, 1.4788993866523462E-12, 0.28779553911560296, 2.390160225482021E-13, 0.29553779420786863, 2.3901593362205284E-13, 2.1128908792055357E-13
240, Flight5, LOWRISK1, 0.3088989029209878, 2.1944686343043453E-11, 3.964122075053395E-12, 0.3699791052619517, 6.40753087221207E-13, 0.3211219917893439, 6.407513848251087E-13, 5.664243986169065E-13
240, Flight5, LOWRISK2, 0.16666666665373328, 7.953354796853085E-11, 1.4321899428678203E-11, 0.4724888164050295, 2.3165027939828964E-12, 0.3608445168407412, 2.3164261256509607E-12, 2.047792734368407E-12
240, Flight5, LOWRISK3, 0.08333333372646663, 1.3090260052029884E-10, 2.3276035121512378E-11, 0.5212281553232612, 3.7632193150884915E-12, 0.3954385107852809, 3.763131781375827E-12, 3.326822908645218E-12
240, Flight5, LOWRISK4, 0.9999999999661685, 6.8402142380045135E-12, 6.111682264075619E-12, 6.111674071125282E-12, 2.946725645123212E-12, 6.111935283066556E-12, 2.9467841240962224E-12, 2.8028317225932064E-12
240, Flight6, SELECTEE, 2.586196334645661E-12, 2.0826444950919698E-11, 1.431656261311198E-11, 0.6303887398952235, 1.2481396509662563E-11, 0.3696112600323188, 1.2474343304442423E-11, 9.812996336492663E-12
240, Flight6, UNKNOWN, 0.6666666666662492, 9.549084696199293E-12, 1.725192114176259E-12, 0.16182842483413343, 2.7884391732449037E-13, 0.17150490848757927, 2.7884406628952413E-13, 2.4649730471502907E-13
240, Flight6, LOWRISK1, 0.52297631500604, 2.715642882141062E-11, 4.901961733031574E-12, 0.24347889028934028, 7.924658053187563E-13, 0.23354479467031608, 7.924661128953765E-13, 7.005398463886504E-13
240, Flight6, LOWRISK2, 0.3333333333236211, 4.9169980619829876E-11, 8.86875497080801E-12, 0.35376391856367795, 1.4339783685828326E-12, 0.312902748050567, 1.433969519704175E-12, 1.2676375448272412E-12
240, Flight6, LOWRISK3, 0.2222222226986641, 5.383476164582583E-10, 9.241755407185311E-11, 0.41126355196479686, 1.503102728854354E-11, 0.3665142246624642, 1.5029848074788377E-11, 1.3289077467293313E-11
240, Flight6, LOWRISK4, 0.999999999980684, 3.909024441566641E-12, 3.4926140698484786E-12, 3.492576354022808E-12, 1.6838557389269213E-12, 3.4926772881476437E-12, 1.6838783670568412E-12, 1.601623935385052E-12
240, Flight7, SELECTEE, 9.551466895785E-13, 8.088533653583553E-12, 6.482232255706011E-12, 0.20423333677264197, 0.6886038525690898, 0.04576666319786967, 0.06139614741194439, 3.296845765439552E-11
240, Flight7, UNKNOWN, 0.16666666666567345, 1.0739284936781495E-11, 1.9410342018110476E-12, 0.4619670397443535, 3.137124747893326E-13, 0.37136629357642825, 3.1371108834616377E-13, 2.7732042995100193E-13
240, Flight7, LOWRISK1, 0.09482149083497902, 2.3996579670208174E-11, 4.332741040401955E-12, 0.5471360478888255, 7.003865900198329E-13, 0.35804246124588657, 7.003761374320737E-13, 6.191393090286963E-13
240, Flight7, LOWRISK2, 4.853707235771179E-13, 4.140012889386011E-12, 3.0354311571691727E-12, 0.6646375779673709, 4.346021332296145E-12, 0.3353624220135654, 4.3476463515919865E-12, 3.1503124593218807E-12
240, Flight7, LOWRISK3, 7.500768985441805E-13, 6.354434349965882E-12, 5.088503933217181E-12, 0.5539949128535726, 0.168621084083059, 0.19600508835398628, 0.08137891467271127, 2.4518208511619228E-11
240, Flight7, LOWRISK4, 0.9999999999735052, 5.583443564179127E-12, 4.7723749787016206E-12, 5.045832881777098E-12, 2.0700061990148394E-12, 5.045915903157206E-12, 2.0700187960899267E-12, 1.947262945695772E-12
240, Flight8, SELECTEE, 3.3234241519367557E-12, 2.816222695637408E-11, 2.248396232719268E-11, 0.11633502831559825, 0.821786271721354, 0.02652211443671568, 0.035356585355224686, 1.1717804429095694E-10
240, Flight8, UNKNOWN, 0.09523809523741329, 7.930194496635853E-12, 1.4334017946697697E-12, 0.532107240241668, 2.3166673128606313E-13, 0.37265466451092716, 2.316654884906036E-13, 2.0479218658559463E-13
240, Flight8, LOWRISK1, 0.033656515953538954, 2.2483375650749634E-11, 4.05005394332881E-12, 0.6144721945022569, 6.547230103721435E-13, 0.35187128951582264, 6.547087568610218E-13, 5.787739530922516E-13
240, Flight8, LOWRISK2, 2.9108222992990237E-13, 2.469937828035909E-12, 1.97934468612557E-12, 0.5742528498371404, 0.14494926507564646, 0.21146143586178281, 0.06933644921075971, 9.970415676571868E-12
240, Flight8, LOWRISK3, 9.567927151655713E-13, 8.119993946184838E-12, 6.505326016648532E-12, 0.450621081520484, 0.3324035404176888, 0.12080749093312063, 0.09616788708049724, 3.2667624386296015E-11
240, Flight8, LOWRISK4, 0.8095238094892191, 1.526317948634214E-10, 2.6438662395519154E-11, 0.09557708550909827, 4.294985321830654E-12, 0.0948991048102653, 4.295010021227866E-12, 3.7970634225328154E-12
240, Flight9, SELECTEE, 1.3366032626676382E-12, 1.131137324851567E-11, 9.06444817804607E-12, 0.20390193531463077, 0.6885490710796277, 0.04609806464377696, 0.06145092889414926, 4.614305113642701E-11
240, Flight9, UNKNOWN, 0.16666666666469898, 1.8092175312162558E-11, 3.2688473139404428E-12, 0.46117942813292895, 5.283558760030115E-13, 0.37215390517952773, 5.283518113107038E-13, 4.670645343335539E-13
240, Flight9, LOWRISK1, 0.09482149083531001, 2.1493964013471304E-11, 3.881532633816273E-12, 0.5465942601699019, 6.274295441366725E-13, 0.3585842489676433, 6.274212084937347E-13, 5.546453972404613E-13
240, Flight9, LOWRISK2, 1.3882033832003354E-12, 1.1191511152109177E-11, 8.080160559741717E-12, 0.6651193792261914, 9.916066627497113E-12, 0.33488062072608404, 9.903451595080437E-12, 7.285343752492441E-12
240, Flight9, LOWRISK3, 8.414908204722562E-13, 7.134656876396731E-12, 5.714356743053616E-12, 0.5433265063404297, 0.19718954662294375, 0.20667349486420478, 0.0528104521311152, 2.7656533565108062E-11
240, Flight9, LOWRISK4, 0.9999999998443152, 3.20105524043932E-11, 2.808514331326816E-11, 2.8722032643078383E-11, 1.2958679257811517E-11, 2.8724147174342898E-11, 1.2959157185919128E-11, 1.2265532763011583E-11
240, Flight10, SELECTEE, 1.6440552638295012E-12, 1.3220559427440068E-11, 9.044542727339806E-12, 0.6305764882087274, 7.663666845286259E-12, 0.3694235117460427, 7.661043183647572E-12, 6.0480362760677504E-12
240, Flight10, UNKNOWN, 0.6666666666656156, 1.4329198741964856E-11, 2.587500453435833E-12, 0.1632350032579515, 4.1825591188144646E-13, 0.17009833005835018, 4.1825625323846514E-13, 3.6973750595719636E-13
240, Flight10, LOWRISK1, 0.5229763150066665, 2.242792393549743E-11, 4.04978868259869E-12, 0.24213795703806382, 6.546579621977028E-13, 0.23488572792694404, 6.546581748937872E-13, 5.787162870656196E-13
240, Flight10, LOWRISK2, 0.33333333332329446, 5.163427182144533E-11, 9.311908762223272E-12, 0.3526086584235883, 1.505671310329004E-12, 0.3140580081878689, 1.5056613112301235E-12, 1.3310134942826643E-12
240, Flight10, LOWRISK3, 0.22222222261895505, 1.1582263115479305E-9, 1.827303505756012E-10, 0.41103259627493693, 2.998148565773034E-11, 0.36674517967872716, 2.9970498746136065E-11, 2.651223559820383E-11
240, Flight10, LOWRISK4, 0.9999999999323143, 1.3676047481549172E-11, 1.2219819935381846E-11, 1.2219196301111108E-11, 5.89257528808824E-12, 1.2220493802602144E-11, 5.892868575919177E-12, 5.6048660817872955E-12
240, Flight11, SELECTEE, 2.0337381305549232E-14, 4.945673329307658E-14, 4.9424822895435145E-14, 1.4020560252860997E-13, 0.9999999998472883, 6.025027908455085E-14, 1.057228234767521E-13, 1.523266082327864E-10
240, Flight11, UNKNOWN, 2.553217185790789E-13, 1.991879539982877E-12, 1.2667983070254681E-12, 0.6424017411496508, 7.573232346194603E-13, 0.3575982588447361, 7.572998956966455E-13, 6.216161629188635E-13
240, Flight11, LOWRISK1, 1.3660045850171147E-13, 1.1592675140814429E-12, 9.290135684474734E-13, 0.5833947054783682, 0.12652305453293308, 0.20106976703180282, 0.08901247295000894, 4.702146758481982E-12
240, Flight11, LOWRISK2, 3.041985084135271E-13, 2.5809449959868785E-12, 2.0683569575078997E-12, 0.40250818196008414, 0.4017043132580326, 0.09749181802550203, 0.09829568674098688, 1.0481097540881062E-11
240, Flight11, LOWRISK3, 9.563451899638862E-13, 8.11835402268887E-12, 6.503029704697003E-12, 0.27481293682584595, 0.5893379088953048, 0.058520397297988636, 0.07732875693252202, 3.2801159309271996E-11
240, Flight11, LOWRISK4, 0.5555555555165933, 2.0957092773205836E-10, 3.7129258064790185E-11, 0.22919369649678173, 6.018483841808842E-12, 0.21525074772260758, 6.018436164087321E-12, 5.3204991863872306E-12
240, Flight12, SELECTEE, 1.1148615542206314E-12, 9.44624890487253E-12, 7.570565568002044E-12, 0.32002802051770673, 0.5078575584688995, 0.07997197944787843, 0.0921424415090807, 3.8343234819733324E-11
240, Flight12, UNKNOWN, 0.26666666666523037, 1.4730179811478757E-11, 2.6618751740572928E-12, 0.3852786759841836, 4.302286147673938E-13, 0.3480546573319934, 4.302272909425998E-13, 3.803203870461112E-13
240, Flight12, LOWRISK1, 0.1804524556673907, 3.822649085199601E-11, 6.899380189890682E-12, 0.4683512699177939, 1.115391299664302E-12, 0.3511962743665128, 1.1153761234978348E-12, 9.86003926398796E-13
240, Flight12, LOWRISK2, 0.06666666665561813, 6.8989294555509E-11, 1.2410975305671325E-11, 0.5854114257896409, 2.0079116251658225E-12, 0.34792190746759016, 2.0077989216258327E-12, 1.774988671194179E-12
240, Flight12, LOWRISK3, 2.859582444344582E-10, 3.029362043381356E-10, 8.388740079811547E-11, 0.6467378555248374, 1.559187329456657E-11, 0.35326214375751885, 1.5587119300659853E-11, 1.3723011777221482E-11
240, Flight12, LOWRISK4, 0.9999999999806802, 3.9097832105400236E-12, 3.493281246434729E-12, 3.493384037174761E-12, 1.684079534025112E-12, 3.493445583571428E-12, 1.6840932134995999E-12, 1.6018350176308954E-12
240, Flight13, SELECTEE, 7.408562576063522E-13, 6.26415532150643E-12, 5.01524645749917E-12, 0.05143699173633105, 0.9208694356738468, 0.011063008240818774, 0.016630564310913445, 2.6110066101983353E-11
240, Flight13, UNKNOWN, 0.04166666666463243, 1.7790980778810723E-11, 3.2120259130871396E-12, 0.5904168912733819, 5.192756728887198E-13, 0.36791644203952534, 5.192664108297712E-13, 4.590368316516772E-13
240, Flight13, LOWRISK1, 1.3685531068402317E-13, 1.1611667762758358E-12, 9.303536209473246E-13, 0.6437416089764214, 0.02797918150953607, 0.30128092259805306, 0.026998286909186757, 4.614522285014551E-12
240, Flight13, LOWRISK2, 8.367091107135211E-13, 7.096316564100108E-12, 5.686963801234524E-12, 0.4855952635346849, 0.2773176369219332, 0.13940473643336304, 0.09768236306777725, 2.866193465616224E-11
240, Flight13, LOWRISK3, 1.3392544323251206E-12, 1.1365935349358356E-11, 9.104852280212605E-12, 0.35536035726893395, 0.46892065107229575, 0.08213964361199669, 0.09357934797926325, 4.574070807553216E-11
240, Flight13, LOWRISK4, 0.6666666666261286, 2.1110139094797324E-10, 3.7081683654712626E-11, 0.16882742852588725, 6.016301432798798E-12, 0.16450590458248998, 6.016300824677886E-12, 5.318662018541326E-12
240, Flight14, SELECTEE, 8.36629470058128E-13, 7.095062132997964E-12, 5.686152530822432E-12, 0.4746791593359903, 0.26350528408993057, 0.15032084063863735, 0.11149471589317685, 2.8687326970856748E-11
240, Flight14, UNKNOWN, 0.4166666666663613, 7.1094961970958216E-12, 1.2851299573363995E-12, 0.28758111643000894, 2.0769704136270233E-13, 0.29575221689467646, 2.0769697395753231E-13, 1.836033366810872E-13
240, Flight14, LOWRISK1, 0.30889890292047834, 2.5788804490907877E-11, 4.657629118559612E-12, 0.36972053876277206, 7.528798548147994E-13, 0.32138055828417206, 7.528774048760733E-13, 6.655443790238319E-13
240, Flight14, LOWRISK2, 0.16666666665571342, 6.4578066308797E-11, 1.1638748465747704E-11, 0.47215907284054964, 1.8821869617047575E-12, 0.3611742604221323, 1.8821369906030616E-12, 1.6638544813751506E-12
240, Flight14, LOWRISK3, 0.0833333337205729, 1.756531140872127E-10, 3.102078413199667E-11, 0.5334315727401124, 5.0168676646338974E-12, 0.3832350933182123, 5.0166576967884265E-12, 4.435194886819692E-12
240, Flight14, LOWRISK4, 0.9999999999729418, 5.472426385053233E-12, 4.889535108319012E-12, 4.88953524362534E-12, 2.357410779755251E-12, 4.8897003803237105E-12, 2.3574477425412802E-12, 2.2422907517009157E-12
240, Flight15, SELECTEE, 8.351159778971113E-13, 7.06642761085584E-12, 5.662347333537919E-12, 0.11692623942235306, 0.8208314340726263, 0.025930903409016097, 0.03631142305351299, 2.896799336269982E-11
240, Flight15, UNKNOWN, 0.09523809523706972, 1.0520832987772436E-11, 1.901389782531731E-12, 0.5335904712062386, 3.073132901853463E-13, 0.3711714335434233, 3.0731113608639436E-13, 2.7166348852026157E-13
240, Flight15, LOWRISK1, 0.03365651595161335, 3.703163620241857E-11, 6.652175615837409E-12, 0.6145884198641091, 1.0756401532941758E-12, 0.3517550641375317, 1.075600408076938E-12, 9.508660365346969E-13
240, Flight15, LOWRISK2, 4.463295970724969E-13, 3.786907455719806E-12, 3.0347979307788215E-12, 0.5757212687564479, 0.14371425004786523, 0.2099930169375321, 0.07057146423564528, 1.528154309929711E-11
240, Flight15, LOWRISK3, 1.6760151798308436E-12, 1.4220793743291676E-11, 1.1391631088116176E-11, 0.4489048067005438, 0.32843862399556595, 0.1225237657301779, 0.10013280348986194, 5.660217428249221E-11
240, Flight15, LOWRISK4, 0.8095238094258308, 6.53736365951433E-10, 8.957043226741868E-11, 0.09703356422454688, 1.4887587320419774E-11, 0.09344262556341137, 1.4887135255852987E-11, 1.3169621464324297E-11
240, Flight16, SELECTEE, 9.55676800945376E-13, 8.099268607903794E-12, 6.491048279974966E-12, 0.32013177472174426, 0.5078797987595937, 0.07986822524889764, 0.09212020122137851, 3.288012153076608E-11
240, Flight16, UNKNOWN, 0.26666666666501365, 1.6367853881075105E-11, 2.9575858220943885E-12, 0.38553763410356995, 4.78030704139044E-13, 0.3477956992107528, 4.780290594037625E-13, 4.225773830121528E-13
240, Flight16, LOWRISK1, 0.18045245566935023, 2.3442758204930314E-11, 4.2344160351963074E-12, 0.46922718614628, 6.844537532701194E-13, 0.35032035815475887, 6.844483285916407E-13, 6.050551289121388E-13
240, Flight16, LOWRISK2, 0.0666666666575465, 5.441406086006459E-11, 9.800423007647417E-12, 0.5854131142473169, 1.5851709753632255E-12, 0.3479202190263906, 1.5851016298188026E-12, 1.4012864697111333E-12
240, Flight16, LOWRISK3, 3.006617454414636E-10, 2.0369762782138922E-10, 4.4707121124119245E-11, 0.6521436390648869, 7.626725317949186E-12, 0.3478563603641032, 7.625833787219544E-12, 6.731211059900548E-12
240, Flight16, LOWRISK4, 0.9999999999548652, 9.122726398168395E-12, 8.151128355350126E-12, 8.151615679516678E-12, 3.9297835489355356E-12, 8.151980958393118E-12, 3.929864314289081E-12, 3.737885006064957E-12
240, Flight17, SELECTEE, 7.408562576063522E-13, 6.26415532150643E-12, 5.01524645749917E-12, 0.05143699173633105, 0.9208694356738468, 0.011063008240818774, 0.016630564310913445, 2.6110066101983353E-11
240, Flight17, UNKNOWN, 0.04166666666556566, 1.0743110448576398E-11, 1.940864061352379E-12, 0.591793228424085, 3.137230132910219E-13, 0.3665401048968008, 3.137196998705712E-13, 2.773293911361632E-13
240, Flight17, LOWRISK1, 1.720417071906986E-13, 1.459578195345549E-12, 1.16938354701834E-12, 0.6416633781904836, 0.028072576163078258, 0.3033591533828724, 0.026904892255032637, 5.772463696728307E-12
240, Flight17, LOWRISK2, 8.367091107135211E-13, 7.096316564100108E-12, 5.686963801234524E-12, 0.4855952635346849, 0.2773176369219332, 0.13940473643336304, 0.09768236306777725, 2.866193465616224E-11
240, Flight17, LOWRISK3, 9.565100807038833E-13, 8.117415099138563E-12, 6.503584345811235E-12, 0.35352275266905986, 0.47418737094320357, 0.08397724822405256, 0.08831262811542843, 3.2718348096516107E-11
240, Flight17, LOWRISK4, 0.6666666666189108, 2.661885988065208E-10, 4.627286160450836E-11, 0.16932816249407556, 7.517142940601284E-12, 0.1640051705529126, 7.517131507713274E-12, 6.6456283584239E-12
240, Flight18, SELECTEE, 1.8657721406280708E-12, 1.5013951165759997E-11, 1.0291490624190214E-11, 0.6307285802768313, 8.822366676797378E-12, 0.36927141967144445, 8.818858355177614E-12, 6.951921181813539E-12
240, Flight18, UNKNOWN, 0.6666666666656156, 1.4329198741964856E-11, 2.587500453435833E-12, 0.1632350032579515, 4.1825591188144646E-13, 0.17009833005835018, 4.1825625323846514E-13, 3.6973750595719636E-13
240, Flight18, LOWRISK1, 0.5229763150045708, 3.8244605733672915E-11, 6.897675757547016E-12, 0.2430573932344365, 1.1152760403001564E-12, 0.23396629171267405, 1.11527644646442E-12, 9.859065773716201E-13
240, Flight18, LOWRISK2, 0.3333333333244351, 4.302228546143374E-11, 7.760674059292174E-12, 0.3515324039519853, 1.2547396910084989E-12, 0.3151342626692181, 1.2547336953314138E-12, 1.1091920073831258E-12
240, Flight18, LOWRISK3, 0.22222222275230155, 1.2973139338707125E-10, 2.3253783846530758E-11, 0.4104887636148294, 3.763162086851416E-12, 0.3672890134690711, 3.763157120202558E-12, 3.326731502566642E-12
240, Flight18, LOWRISK4, 0.9999999999323143, 1.3676047481549172E-11, 1.2219819935381846E-11, 1.2219196301111108E-11, 5.89257528808824E-12, 1.2220493802602144E-11, 5.892868575919177E-12, 5.6048660817872955E-12
240, Flight19, SELECTEE, 1.3366032626676382E-12, 1.131137324851567E-11, 9.06444817804607E-12, 0.20390193531463077, 0.6885490710796277, 0.04609806464377696, 0.06145092889414926, 4.614305113642701E-11
240, Flight19, UNKNOWN, 0.1666666666657954, 9.818440620839812E-12, 1.7746774153208242E-12, 0.46277832831523785, 2.8682294820829763E-13, 0.3705550050065866, 2.8682179553025273E-13, 2.535501996387626E-13
240, Flight19, LOWRISK1, 0.09482149083456007, 2.7158840042432555E-11, 4.9026472280207355E-12, 0.5474781074985074, 7.925429370251913E-13, 0.35770040163262573, 7.925294350331448E-13, 7.006053726643398E-13
240, Flight19, LOWRISK2, 1.9037078300602327E-12, 1.534202055726433E-11, 1.0987790776915475E-11, 0.6646863039648007, 1.253752803021382E-11, 0.3353136959725959, 1.2525120456154201E-11, 9.347661398763618E-12
240, Flight19, LOWRISK3, 3.6214091022708163E-12, 2.9540454956328935E-11, 2.3445472874220426E-11, 0.5316699750652966, 0.1799349183718397, 0.2183300260547395, 0.07006508030535749, 1.4619965759734522E-10
240, Flight19, LOWRISK4, 0.9999999999460671, 1.115477160986087E-11, 9.731072339864899E-12, 1.0018706101871836E-11, 4.430813003237671E-12, 1.0018942374515727E-11, 4.430870637778725E-12, 4.187849008113817E-12
240, Flight20, SELECTEE, 2.0266963014390753E-14, 4.961242359489519E-14, 4.952685795816935E-14, 1.4254333442774776E-13, 0.9999999999423315, 6.06097478239313E-14, 1.0563633879039789E-13, 5.728053331374158E-11
240, Flight20, UNKNOWN, 1.9748331083114625E-13, 1.5008646652959056E-12, 8.922792329034337E-13, 0.6396044071948985, 4.2951329485007013E-13, 0.36039559280133565, 4.2950562196131295E-13, 3.5955415452333423E-13
240, Flight20, LOWRISK1, 1.6734070486854752E-13, 1.420120493274871E-12, 1.138052410964442E-12, 0.5809954586281024, 0.12716137731687782, 0.20346901388109137, 0.08837415016548629, 5.756735642552872E-12
240, Flight20, LOWRISK2, 3.346176612442881E-13, 2.8389418232777912E-12, 2.275113873511236E-12, 0.4022459921833144, 0.40180184233254806, 0.09775400780130318, 0.09819815766589617, 1.1529732223659361E-11
240, Flight20, LOWRISK3, 1.1157655363583805E-12, 9.472136365259054E-12, 7.586828240476145E-12, 0.2746306922107651, 0.5897384761258236, 0.05870264190799232, 0.07692818969903986, 3.824450451276573E-11
240, Flight20, LOWRISK4, 0.5555555555245927, 1.488996142087633E-10, 2.654990577220211E-11, 0.22913581486741982, 4.299952970391554E-12, 0.21530862942017706, 4.299937042619854E-12, 3.801218530991004E-12
240, Flight21, SELECTEE, 8.331181308479865E-13, 7.044796920499278E-12, 5.638594009557789E-12, 0.05140399929110075, 0.9209518695209209, 0.01109600068312088, 0.01654813046196386, 2.941728062525259E-11
240, Flight21, UNKNOWN, 0.041666666664748025, 1.6914891324858512E-11, 3.0541098550830835E-12, 0.5908168759104843, 4.937363047954668E-13, 0.36751645740341504, 4.937279648229128E-13, 4.3646019004338495E-13
240, Flight21, LOWRISK1, 2.0980553457434155E-13, 1.7797733605958913E-12, 1.4258329297766626E-12, 0.6407386815725691, 0.02814846372466176, 0.30428384999958413, 0.02682900469280536, 7.004345937508992E-12
240, Flight21, LOWRISK2, 3.1871972272817487E-13, 2.704367741817001E-12, 2.167220890894462E-12, 0.48684184840662814, 0.2768386218106708, 0.13815815157789824, 0.09816137818868975, 1.0963035002417922E-11
240, Flight21, LOWRISK3, 6.7026179407001804E-12, 5.6939624260289365E-11, 4.551150189403782E-11, 0.35056242102215956, 0.47237241579263983, 0.08693757968806573, 0.09012758316414336, 2.2387799158533546E-10
240, Flight21, LOWRISK4, 0.6666666666261286, 2.1110139094797324E-10, 3.7081683654712626E-11, 0.16882742852588725, 6.016301432798798E-12, 0.16450590458248998, 6.016300824677886E-12, 5.318662018541326E-12
240, Flight22, SELECTEE, 6.665642583856231E-12, 5.6265773860698125E-11, 4.504492970707985E-11, 0.319303309160391, 0.5064831695686085, 0.08069669062930776, 0.09351683030579679, 2.279599151111862E-10
240, Flight22, UNKNOWN, 0.26666666666599403, 8.964334374212722E-12, 1.620372816115719E-12, 0.38299933711859546, 2.618801452319629E-13, 0.3503339962041108, 2.618796667562E-13, 2.315009098970752E-13
240, Flight22, LOWRISK1, 0.1804524556673907, 3.822649085199601E-11, 6.899380189890682E-12, 0.4683512699177939, 1.115391299664302E-12, 0.3511962743665128, 1.1153761234978348E-12, 9.86003926398796E-13
240, Flight22, LOWRISK2, 0.06666666663711453, 2.0916287502089007E-10, 3.713988001188566E-11, 0.5839471556192675, 6.024610587054417E-12, 0.34938617747998174, 6.023474220951205E-12, 5.325743767156213E-12
240, Flight22, LOWRISK3, 1.1437583919163448E-10, 1.739185342156653E-9, 1.810330274872456E-10, 0.643512278958551, 3.163592567070304E-11, 0.35648771891590136, 3.163056764609644E-11, 2.7727204655211604E-11
240, Flight22, LOWRISK4, 0.9999999999322724, 1.3684730697608143E-11, 1.2227431390669459E-11, 1.2228504636941615E-11, 5.895175981306868E-12, 1.2229372040460231E-11, 5.895367467034359E-12, 5.6073144403043555E-12
240, Flight23, SELECTEE, 2.0275318328562047E-14, 4.946382914030626E-14, 4.9410644172748186E-14, 1.408348496806881E-13, 0.9999999999080282, 6.033879608164503E-14, 1.05686474617575E-13, 9.158593781693464E-11
240, Flight23, UNKNOWN, 2.6934895693392954E-13, 2.1079107502693156E-12, 1.3515383439961593E-12, 0.6424135999607002, 8.33530005846803E-13, 0.35758640003325837, 8.335017632897517E-13, 6.820135899318523E-13
240, Flight23, LOWRISK1, 2.0284411678868058E-13, 1.7213749144900578E-12, 1.379470819004536E-12, 0.5789545491331504, 0.12789830860089488, 0.20550992337491453, 0.08763721888080418, 6.9725441126272695E-12
240, Flight23, LOWRISK2, 3.9366683093867814E-13, 3.339711894894525E-12, 2.6764300767289034E-12, 0.4016425361499652, 0.40243012250582777, 0.09835746383277617, 0.09756987749150443, 1.3556942303151565E-11
240, Flight23, LOWRISK3, 6.693464863442271E-12, 5.7194330687834164E-11, 4.5592414758281856E-11, 0.2723264632614178, 0.5921269537390894, 0.06100687067910473, 0.07453971198529152, 2.256567360129336E-10
240, Flight23, LOWRISK4, 0.5555555555165933, 2.0957092773205836E-10, 3.7129258064790185E-11, 0.22919369649678173, 6.018483841808842E-12, 0.21525074772260758, 6.018436164087321E-12, 5.3204991863872306E-12
240, Flight24, SELECTEE, 9.56147822486898E-13, 8.10770180826935E-12, 6.497743382720442E-12, 0.4745048063625369, 0.2636752193203319, 0.15049519360829003, 0.11132478066055465, 3.276510279658748E-11
240, Flight24, UNKNOWN, 0.4166666666657679, 1.1585154542316964E-11, 2.0936314891641096E-12, 0.2982982995344952, 3.383797506503938E-13, 0.2850350337851225, 3.383795845112674E-13, 2.9912624197651115E-13
240, Flight24, LOWRISK1, 0.30889890292071664, 2.398793037994774E-11, 4.3327719837484636E-12, 0.3698169141569896, 7.003555654344182E-13, 0.3212841828919933, 7.003534831762032E-13, 6.191129286234413E-13
240, Flight24, LOWRISK2, 0.16666666665181132, 9.405636542982768E-11, 1.6922714267775377E-11, 0.47259199686804054, 2.737642099196016E-12, 0.3607413363613142, 2.7375340548695326E-12, 2.42008398101907E-12
240, Flight24, LOWRISK3, 0.08333333370858036, 2.670229104388164E-10, 4.649303149251884E-11, 0.524329204557487, 7.523309606678236E-12, 0.3923374613987597, 7.52276235091129E-12, 6.651231974424296E-12
240, Flight24, LOWRISK4, 0.9999999999548796, 9.119718768583046E-12, 8.148490169964891E-12, 8.148453847561547E-12, 3.928905772451254E-12, 8.14892693453415E-12, 3.929011771820354E-12, 3.737058051522595E-12
240, Flight25, SELECTEE, 6.369232298334931E-12, 5.130575110387727E-11, 3.54114823104353E-11, 0.6218368188431347, 3.1685793661674164E-11, 0.37816318097566076, 3.164168985150093E-11, 2.4831015571114667E-11
240, Flight25, UNKNOWN, 0.6666666666662943, 9.207795728445147E-12, 1.6635909646312148E-12, 0.1617247538978643, 2.6888560618776654E-13, 0.17160857942423488, 2.6888574421271854E-13, 2.3769420639502204E-13
240, Flight25, LOWRISK1, 0.5229763150059421, 2.789157285354943E-11, 5.0343808601237325E-12, 0.24338860962969194, 8.138815321194677E-13, 0.2336350753291328, 8.138818485307403E-13, 7.194715178798752E-13
240, Flight25, LOWRISK2, 0.3333333333195986, 7.954527643496041E-11, 1.4320058095372015E-11, 0.3526007755163721, 2.3162446884737403E-12, 0.3140658910635242, 2.316221419659971E-12, 2.047574414257004E-12
240, Flight25, LOWRISK3, 0.22222222272296097, 3.52539072576125E-10, 6.179234346569014E-11, 0.4109367199811695, 1.0027339653789433E-11, 0.36684105685265916, 1.0027050960691924E-11, 8.864853752284433E-12
240, Flight25, LOWRISK4, 0.9999999999849842, 3.040614886083963E-12, 2.7166808137017405E-12, 2.7166590161688757E-12, 1.30971053571858E-12, 2.7167197215892068E-12, 1.3097241459083414E-12, 1.245747462804701E-12
240, Flight26, SELECTEE, 0.6666666666201136, 3.625217830132203E-10, 6.147715022184847E-11, 0.16396073191977284, 1.0012735846144925E-11, 0.16937260100727863, 1.001270984225561E-11, 8.852425770354388E-12
240, Flight26, UNKNOWN, 0.9999999999991206, 1.8592934274260367E-13, 1.660114242943718E-13, 1.660112972797472E-13, 7.983252428561989E-14, 1.660115499877183E-13, 7.983258113017054E-14, 7.592383235901527E-14
240, Flight26, LOWRISK1, 0.9999999999950201, 1.0142131964181145E-12, 9.060902335195851E-13, 9.060878038845703E-13, 4.3669148787827774E-13, 9.060946143383019E-13, 4.3669302440614173E-13, 4.1535798596469145E-13
240, Flight26, LOWRISK2, 0.9999999999943932, 1.1408754051367535E-12, 1.019263218270373E-12, 1.0192632690257703E-12, 4.912587761589048E-13, 1.0192705491970676E-12, 4.912604116213716E-13, 4.672607615946974E-13
240, Flight26, LOWRISK3, 0.9999999999849882, 3.0401192473528267E-12, 2.7163149943917048E-12, 2.7162476517116056E-12, 1.3095879624993747E-12, 2.716306289065673E-12, 1.3096011842826637E-12, 1.2456404162226764E-12
240, Flight26, LOWRISK4, 0.9999999999323245, 1.3674373341647226E-11, 1.221836714068749E-11, 1.2217182146514323E-11, 5.8920242690170024E-12, 1.2218824801571226E-11, 5.892397129537361E-12, 5.604348536657276E-12
240, Flight27, SELECTEE, 3.2167898312163014E-12, 2.5910914073719495E-11, 1.7837171173934038E-11, 0.6293959003508016, 1.568365873130384E-11, 0.3706040995586009, 1.5672598322429545E-11, 1.2316499148429455E-11
240, Flight27, UNKNOWN, 0.6666666666661198, 1.052430204960582E-11, 1.901189820735191E-12, 0.1622905753225177, 3.0729599788130043E-13, 0.171042757998091, 3.072961814390209E-13, 2.71648850097874E-13
240, Flight27, LOWRISK1, 0.5229763150052257, 3.330041436832065E-11, 6.008192849528677E-12, 0.24317009196833655, 9.713873745824691E-13, 0.23385359298436784, 9.71387746853398E-13, 8.587078526015542E-13
240, Flight27, LOWRISK2, 0.3333333333195986, 7.954527643496041E-11, 1.4320058095372015E-11, 0.3526007755163721, 2.3162446884737403E-12, 0.3140658910635242, 2.316221419659971E-12, 2.047574414257004E-12
240, Flight27, LOWRISK3, 0.2222222227465243, 1.734579145448071E-10, 3.098751185987508E-11, 0.40995565313805465, 5.016967402859428E-12, 0.3678221238965468, 5.016950416984786E-12, 4.435145415224377E-12
240, Flight27, LOWRISK4, 0.9999999999729439, 5.472105905394334E-12, 4.889251482347264E-12, 4.8891719413141825E-12, 2.3573101847842044E-12, 4.889371816574284E-12, 2.3573550210045172E-12, 2.2421956723877275E-12
240, Flight28, SELECTEE, 6.516788844788047E-12, 6.582902744103291E-11, 4.824406577872766E-11, 0.05196842340381371, 0.9209582575673264, 0.010531576367509241, 0.01654174229358742, 2.472136529506521E-10
240, Flight28, UNKNOWN, 0.04166666666603404, 7.210372239066159E-12, 1.3030449474717395E-12, 0.5869312339936812, 2.1060936898329865E-13, 0.3714020993312041, 2.1060782876870202E-13, 1.8617740532230653E-13
240, Flight28, LOWRISK1, 2.6882118491427893E-13, 2.2799961415060326E-12, 1.8264025060966808E-12, 0.640176474442936, 0.02825794185186906, 0.30484605712734236, 0.02671952656460781, 8.909598934226912E-12
240, Flight28, LOWRISK2, 1.1156195832736216E-12, 9.459474164981681E-12, 7.580845192756035E-12, 0.4864606410194737, 0.27541011936022897, 0.13853935893970412, 0.09958988062430488, 3.8172805085523004E-11
240, Flight28, LOWRISK3, 1.6741767107916658E-12, 1.4208383619437385E-11, 1.138056248254718E-11, 0.3549107874007612, 0.4694269910625324, 0.08258921346951095, 0.0930730079828668, 5.710557687432562E-11
240, Flight28, LOWRISK4, 0.6666666666261286, 2.1110139094797324E-10, 3.7081683654712626E-11, 0.16882742852588725, 6.016301432798798E-12, 0.16450590458248998, 6.016300824677886E-12, 5.318662018541326E-12
240, Flight29, SELECTEE, 9.551466895785E-13, 8.088533653583553E-12, 6.482232255706011E-12, 0.20423333677264197, 0.6886038525690898, 0.04576666319786967, 0.06139614741194439, 3.296845765439552E-11
240, Flight29, UNKNOWN, 0.16666666666615473, 7.109216309745361E-12, 1.2851483299425668E-12, 0.46300114438836437, 2.0769967600481283E-13, 0.37033218893652786, 2.0769906517847214E-13, 1.8360550795762468E-13
240, Flight29, LOWRISK1, 0.09482149083473987, 2.579892180759229E-11, 4.657593242269741E-12, 0.5473636535382906, 7.529156983507896E-13, 0.3578148555943818, 7.529035589133436E-13, 6.655749560823224E-13
240, Flight29, LOWRISK2, 1.2153342684685632E-12, 9.812027548047521E-12, 7.109801409444321E-12, 0.6651356722819194, 9.035912223621066E-12, 0.3348643276753219, 9.024489327005793E-12, 6.60132777249902E-12
240, Flight29, LOWRISK3, 6.951893817794457E-12, 5.809189529415252E-11, 4.635462570767907E-11, 0.5236403027472657, 0.19799602647356387, 0.22635969826588848, 0.05200397215917259, 2.427511744109469E-10
240, Flight29, LOWRISK4, 0.999999999844315, 3.2010549783759855E-11, 2.8085141287982665E-11, 2.8722031086366343E-11, 1.2958679170654123E-11, 2.872414561715893E-11, 1.2959157098736895E-11, 1.2265532684783536E-11
240, Flight30, SELECTEE, 3.3012019125507165E-12, 2.8905819396552225E-11, 2.2639333317580336E-11, 0.05128049818385897, 0.921634056656304, 0.011219501710044206, 0.015865943277062634, 1.1792404033861458E-10
240, Flight30, UNKNOWN, 0.04166666666548776, 1.1333873144312233E-11, 2.0474818022103206E-12, 0.592109713876905, 3.309610461695162E-13, 0.36622361944331155, 3.309573655012833E-13, 2.925677380177007E-13
240, Flight30, LOWRISK1, 2.398996289271036E-13, 2.0348795764817697E-12, 1.6301278498784063E-12, 0.6403876328029925, 0.028204397633874934, 0.3046348987682032, 0.026773070783086, 7.97869507089555E-12
240, Flight30, LOWRISK2, 3.3465691259730716E-13, 2.8395570455559386E-12, 2.2755613921734776E-12, 0.48658684070402797, 0.277027750379108, 0.13841315927998893, 0.09797224961995701, 1.150852210005277E-11
240, Flight30, LOWRISK3, 2.2324462589854066E-12, 1.8946543779548575E-11, 1.5172908460175913E-11, 0.35374239908040955, 0.47038610409500986, 0.08375760177209778, 0.09211389494018817, 7.598305891540087E-11
240, Flight30, LOWRISK4, 0.6666666666067744, 3.589906339391714E-10, 6.15511341893114E-11, 0.16078265394044342, 1.001715321906804E-11, 0.1725506790033904, 1.0017035946272449E-11, 8.856037802654398E-12