TimeWindow, Flight, RiskCategory, O257, O258, O259, O260, O261, O262, O263, O264
240, Flight1, SELECTEE, 1.2060510257460826E-10, 1.0601547209736528E-9, 7.99434046554245E-10, 0.48166108346959496, 0.2621302692834902, 0.14333891299384138, 0.1128697290910121, 3.1930230967278223E-9
240, Flight1, UNKNOWN, 0.6636473383233148, 0.027173954305036614, 4.4356041230207444E-10, 0.14120081328645073, 7.497886561761374E-11, 0.16797789343845781, 7.497830050671979E-11, 6.43782418594543E-11
240, Flight1, LOWRISK1, 0.411464363031719, 0.04682071908917787, 7.592204566483799E-10, 0.2774035842735579, 1.2823926598608552E-10, 0.2643113324909343, 1.2819782306595175E-10, 1.1010911789873602E-10
240, Flight1, LOWRISK2, 0.32136227713502324, 0.10773950059110289, 1.9146711872131356E-9, 0.2983842018568017, 3.2215231558188604E-10, 0.27251401759266375, 3.221061420423573E-10, 2.7663456946380043E-10
240, Flight1, LOWRISK3, 0.3097265754249627, 0.2124604348544447, 2.8275850823712E-8, 0.25495996786487996, 4.738112197023224E-9, 0.22285298005704826, 4.726205866490764E-9, 4.06965137384997E-9
240, Flight1, LOWRISK4, 0.9999999973473407, 5.477867480685511E-10, 4.766860672360391E-10, 4.7642354916203E-10, 2.3332607234665016E-10, 4.767253476738864E-10, 2.3347142101513346E-10, 2.1939598773409883E-10
240, Flight2, SELECTEE, 0.14576703794742443, 0.1880966536836677, 5.669831879070627E-9, 0.38096431731966723, 9.616750283820075E-10, 0.28517198264236643, 9.606454548037964E-10, 8.258775604579363E-10
240, Flight2, UNKNOWN, 0.999999999624482, 7.966484437652467E-11, 6.925800774737685E-11, 6.929398673019922E-11, 3.373195173822909E-11, 6.927574868054524E-11, 3.373673336009752E-11, 3.171246715425663E-11
240, Flight2, LOWRISK1, 0.9999999993549579, 1.351140150955372E-10, 1.1752161560499585E-10, 1.174749444108289E-10, 5.7312395107135153E-11, 1.1756367263258992E-10, 5.732918891195594E-11, 5.38820673949282E-11
240, Flight2, LOWRISK2, 0.999999998816767, 2.569264232123832E-10, 2.1267332160396745E-10, 2.23228151595842E-10, 9.495692473396177E-11, 2.2341780418087575E-10, 9.5004813303772E-11, 8.818101857742124E-11
240, Flight2, LOWRISK3, 0.9999999122766585, 2.651923030096829E-8, 9.597979066982691E-9, 2.161435089718162E-8, 2.9466193116960825E-9, 2.144949990122993E-8, 2.9436693288726866E-9, 2.6631484351740363E-9
240, Flight2, LOWRISK4, 0.9999999976420711, 4.871903392782483E-10, 4.239591454150027E-10, 4.2368130656162275E-10, 2.0751185082176331E-10, 4.239759543196912E-10, 2.0764161206401803E-10, 1.9512430542430332E-10
240, Flight3, SELECTEE, 0.1482242605089472, 0.16598165231423798, 4.068301284537392E-9, 0.39193715983816607, 6.883518253786453E-10, 0.29385692131419267, 6.878698525573343E-10, 5.910890569262198E-10
240, Flight3, UNKNOWN, 0.999999999864845, 3.0226646581225583E-11, 2.618505718557661E-11, 2.621115931734668E-11, 1.2745728512260824E-11, 2.6198120431878812E-11, 1.2759054858208353E-11, 1.1984794763748986E-11
240, Flight3, LOWRISK1, 0.9999999995687439, 9.114092396322242E-11, 7.92537199151021E-11, 7.927884626978415E-11, 3.858328397577721E-11, 7.929127929611494E-11, 3.858959480501421E-11, 3.62744569894738E-11
240, Flight3, LOWRISK2, 0.9999999986871358, 2.834575528272193E-10, 2.358978859977524E-10, 2.463648098283224E-10, 1.0640581712870859E-10, 2.4649840783241423E-10, 1.0645749166722755E-10, 9.893798343918797E-11
240, Flight3, LOWRISK3, 0.9999999122766585, 2.651923030096829E-8, 9.597979066982691E-9, 2.161435089718162E-8, 2.9466193116960825E-9, 2.144949990122993E-8, 2.9436693288726866E-9, 2.6631484351740363E-9
240, Flight3, LOWRISK4, 0.9999999947104228, 1.0898986004095395E-9, 9.486833032157905E-10, 9.480447526743831E-10, 4.642299060241584E-10, 9.48777952454406E-10, 4.645424376427784E-10, 4.365560296294636E-10
240, Flight4, SELECTEE, 5.407514676861452E-12, 1.3224534429636281E-11, 1.3176499631767746E-11, 3.833673229659901E-11, 0.9999999927851213, 1.6173351202289093E-11, 2.7711453362565896E-11, 7.112004308289783E-9
240, Flight4, UNKNOWN, 0.10897267025688072, 0.019245967310218427, 2.5211866179463103E-10, 0.5006918026657319, 4.2307533264927414E-11, 0.3710895594052745, 4.2288537298369216E-11, 3.633541397366239E-11
240, Flight4, LOWRISK1, 2.8678888024160753E-11, 2.527053409795455E-10, 1.8627958642605466E-10, 0.6393228097131802, 1.4082898639604025E-9, 0.36067718655123715, 1.4076462841647046E-9, 4.631383463391487E-10
240, Flight4, LOWRISK2, 9.907494311970161E-11, 8.730032855378785E-10, 6.579275306853996E-10, 0.5922211497344294, 0.09494801232838095, 0.24111217973403587, 0.07171865399231832, 2.5919855990466294E-9
240, Flight4, LOWRISK3, 1.0003214388192238E-9, 8.553616226483205E-9, 6.57085268295169E-9, 0.6035010241258658, 0.09974329701980716, 0.22983219838966243, 0.06692342320476, 4.114627003186691E-8
240, Flight4, LOWRISK4, 0.845907085414289, 0.053502743947513684, 3.5860369905337898E-9, 0.050642960884458146, 6.007378362374456E-10, 0.04994720446154881, 6.008321891386632E-10, 5.157388810842593E-10
240, Flight5, SELECTEE, 1.7983215042217324E-10, 1.5821908993318347E-9, 1.1927862462437354E-9, 0.4801498075288112, 0.26428326050829576, 0.144850187034231, 0.11071673720711077, 4.777897746902832E-9
240, Flight5, UNKNOWN, 0.6648210901110723, 0.016610188462760116, 2.3042476785988587E-10, 0.1591452911346117, 3.867674452281624E-11, 0.1594234299616987, 3.8694710779627695E-11, 3.321672598444104E-11
240, Flight5, LOWRISK1, 0.4115988148938962, 0.04561065252886802, 6.194371319344261E-10, 0.27839235744169527, 1.0331926794664154E-10, 0.2643981742319242, 1.0330625399038692E-10, 8.870937320934232E-11
240, Flight5, LOWRISK2, 0.32041802679371173, 0.11623775332615889, 2.204430377755713E-9, 0.2949741175051193, 3.715736731069214E-10, 0.2683700991195889, 3.714978000248969E-10, 3.190750346188501E-10
240, Flight5, LOWRISK3, 0.31644888535818366, 0.15195967177319908, 3.5809464985326302E-9, 0.2739465081503822, 5.994051032020117E-10, 0.25764492943495804, 5.991718133355831E-10, 5.149091433083715E-10
240, Flight5, LOWRISK4, 0.9999999947074918, 1.0905231337392062E-9, 9.491752084862196E-10, 9.48715844676954E-10, 4.644372603164286E-10, 9.493483821271568E-10, 4.6472476664125765E-10, 4.3673941687201784E-10
240, Flight6, SELECTEE, 4.114772342482284E-10, 3.6136196712743087E-9, 2.2273887510559384E-9, 0.6374293731825307, 2.007432435730518E-9, 0.3625706150775989, 1.9968779129497495E-9, 1.4942302256753458E-9
240, Flight6, UNKNOWN, 0.9999999997753977, 4.993817715433855E-11, 4.209514753543028E-11, 4.328998019958388E-11, 1.9497854140935006E-11, 4.320545618639281E-11, 1.951574205750836E-11, 1.8215668893891213E-11
240, Flight6, LOWRISK1, 0.6617178837018997, 0.044539028811302485, 7.580330482132304E-10, 0.14666786272276755, 1.275782518139443E-10, 0.14707522365245207, 1.2756978982992133E-10, 1.0955295261356898E-10
240, Flight6, LOWRISK2, 0.54813814932986, 0.06675665028647787, 1.3625329142902684E-9, 0.19288463246841756, 2.3029435368228076E-10, 0.19222056590548411, 2.3032617628240862E-10, 1.9776254584550898E-10
240, Flight6, LOWRISK3, 0.538928588494499, 0.14964221265491706, 1.4258177826892882E-8, 0.15708362776295337, 2.377238133353936E-9, 0.1543455500456792, 2.376289093186134E-9, 2.0414021320496073E-9
240, Flight6, LOWRISK4, 0.9999999969707144, 6.251897244707735E-10, 5.44078887165538E-10, 5.437677397697732E-10, 2.663387559132637E-10, 5.441097462895893E-10, 2.665122855216551E-10, 2.5044439276189313E-10
240, Flight7, SELECTEE, 1.5200749096474955E-10, 1.3398347500649403E-9, 1.0096378908012315E-9, 0.2027054622733533, 0.6893940446319307, 0.047294533077822644, 0.06060595336303278, 4.163536264795344E-9
240, Flight7, UNKNOWN, 0.3307867677347319, 0.02291908987917937, 3.038333492939327E-10, 0.3324350859521909, 5.095461981029742E-11, 0.31385905599555736, 5.0951481911623505E-11, 4.375656168161124E-11
240, Flight7, LOWRISK1, 0.1617504584003393, 0.044245865179009726, 6.727493453707856E-10, 0.45716380857653455, 1.1329462657962834E-10, 0.33683986685867445, 1.1328528288449427E-10, 9.726854608932341E-11
240, Flight7, LOWRISK2, 0.10166041085931227, 0.08505629863287584, 1.4399465384578827E-9, 0.48875122089018924, 2.432974970599581E-10, 0.3245320674937049, 2.429453990082157E-10, 2.088842332273194E-10
240, Flight7, LOWRISK3, 0.0966762797902906, 0.12991324095588558, 3.1506184338257995E-9, 0.49416379847130054, 5.383249546064972E-10, 0.2792466761049615, 5.37794804102438E-10, 4.619794255415392E-10
240, Flight7, LOWRISK4, 0.9999999969639723, 6.26730054241802E-10, 5.452397790251069E-10, 5.452363663681287E-10, 2.6676586053932787E-10, 5.454824854051464E-10, 2.6691836736119745E-10, 2.508106097752278E-10
240, Flight8, SELECTEE, 5.15831497923459E-10, 4.888898143883904E-9, 3.543061409288581E-9, 0.11881929016223097, 0.8196293765533645, 0.024037835646894063, 0.03751347405611228, 1.4644762904302387E-8
240, Flight8, UNKNOWN, 0.23606633844707842, 0.018260096440214292, 2.2473633388277657E-10, 0.3955511893439232, 3.779954279259021E-11, 0.35012237544716407, 3.778945284949771E-11, 3.24503355830826E-11
240, Flight8, LOWRISK1, 0.09058302868837019, 0.04189559099062493, 6.292574173431013E-10, 0.5219589244401566, 1.0632192977667715E-10, 0.34556245495892185, 1.0622467377954708E-10, 9.12782896034084E-11
240, Flight8, LOWRISK2, 0.040025246966679584, 0.06834420276844479, 1.2498242481677633E-9, 0.5704970328827215, 2.1183436307802963E-10, 0.32113351553832936, 2.1148733426348606E-10, 1.8183429699541602E-10
240, Flight8, LOWRISK3, 0.03358171595666807, 0.12633577843533358, 3.6761368255807456E-9, 0.5607424364700271, 7.577859157826999E-10, 0.2793400633197238, 7.543465695795E-10, 6.41133932655728E-10
240, Flight8, LOWRISK4, 0.9999999969638318, 6.266874373612481E-10, 5.4527705991473E-10, 5.453301114514452E-10, 2.667825236997904E-10, 5.455046635420386E-10, 2.669174688455546E-10, 2.5082439711301E-10
240, Flight9, SELECTEE, 2.115347748063198E-10, 1.867740814350461E-9, 1.4061345064188673E-9, 0.20265729463010212, 0.689007278052326, 0.04734269880360468, 0.060992719215384426, 5.824328423667944E-9
240, Flight9, UNKNOWN, 0.3293583587471282, 0.03577477055217669, 5.093074318211191E-10, 0.32735447915614996, 8.563116962081945E-11, 0.30751239080164583, 8.559777890871033E-11, 7.351876117661455E-11
240, Flight9, LOWRISK1, 0.1622572984593485, 0.03968430472069786, 6.025817951861546E-10, 0.46123370966103616, 1.0168496310539384E-10, 0.33682468627686185, 1.0164297883438111E-10, 8.730159377017343E-11
240, Flight9, LOWRISK2, 0.09473744653291467, 0.14736297534808904, 3.5619732714451004E-9, 0.4630460616443205, 6.045815831871555E-10, 0.2948535111966285, 6.035776094315986E-10, 5.190703282689994E-10
240, Flight9, LOWRISK3, 0.0958142119751129, 0.1376718509072234, 3.5380976155536777E-9, 0.48842083943744885, 6.051307805063286E-10, 0.27809309242436875, 6.044810217593583E-10, 5.192925579767632E-10
240, Flight9, LOWRISK4, 0.9999999791276557, 4.287400257500901E-9, 3.7327165500234275E-9, 3.733387112876297E-9, 1.834543015546589E-9, 3.734406919706639E-9, 1.8353460347012394E-9, 1.7257001529654158E-9
240, Flight10, SELECTEE, 2.6484150508113956E-10, 2.3182234984015543E-9, 1.4191930294246491E-9, 0.6427481997654292, 1.2294762790195628E-9, 0.35725179286806724, 1.2257672039204648E-9, 9.201577605677412E-10
240, Flight10, UNKNOWN, 0.9999999996628056, 7.345485476545947E-11, 6.22723349535044E-11, 6.383450770300317E-11, 2.897408686709775E-11, 6.375701954259389E-11, 2.898358850955091E-11, 2.707364988176931E-11
240, Flight10, LOWRISK1, 0.6627533601828768, 0.0352197406258892, 6.25350388864491E-10, 0.15079699908245503, 1.0538647083699299E-10, 0.15122989919332197, 1.0538241974781766E-10, 9.049337472494693E-11
240, Flight10, LOWRISK2, 0.5479302728600937, 0.06862753843072385, 1.429135680257361E-9, 0.1925740799181358, 2.423920262031246E-10, 0.19086810668010176, 2.424261894001222E-10, 2.0814675234673893E-10
240, Flight10, LOWRISK3, 0.5379469499391604, 0.15847694330992965, 3.1008519567726386E-8, 0.15274582396883768, 4.718769080382847E-9, 0.15083023830300069, 4.715185081096302E-9, 4.04775374569219E-9
240, Flight10, LOWRISK4, 0.9999999894688939, 2.1667760904949824E-9, 1.886594089871625E-9, 1.884930514794252E-9, 9.23814855578442E-10, 1.886818202070265E-9, 9.244736477121771E-10, 8.688543373707789E-10
240, Flight11, SELECTEE, 5.45537931524367E-12, 1.3167349138272698E-11, 1.3149522118374292E-11, 3.7346778458248224E-11, 0.9999999809621167, 1.6022823003607242E-11, 2.7769798372896475E-11, 1.893612739158267E-8
240, Flight11, UNKNOWN, 0.1076049826736587, 0.03155515535511067, 4.4041634833290235E-10, 0.4958860441008185, 7.437210100826921E-11, 0.36495381722869696, 7.422896075053193E-11, 6.385332034431146E-11
240, Flight11, LOWRISK1, 2.427972473397581E-11, 2.144979174146811E-10, 1.5861733323149892E-10, 0.6382539703708148, 1.3985562960819823E-9, 0.3617460260304931, 1.3980181796061182E-9, 4.1587859633371155E-10
240, Flight11, LOWRISK2, 5.001274385099416E-11, 4.379543757423797E-10, 3.3018882239945206E-10, 0.5983481381867211, 0.09068753152699616, 0.23498519286440506, 0.07597913532630467, 1.2885727816075672E-9
240, Flight11, LOWRISK3, 1.5425707082767653E-10, 1.35188253869177E-9, 1.0219117659852434E-9, 0.6193191240643517, 0.09654131444683252, 0.214014125158085, 0.07012542957226243, 4.241572618592148E-9
240, Flight11, LOWRISK4, 0.8459272195858322, 0.05332153391429206, 5.751963721476236E-9, 0.05074997691070966, 9.557077401745629E-10, 0.05000126111607933, 9.558085407674118E-10, 8.207623123403948E-10
240, Flight12, SELECTEE, 1.7841375767654518E-10, 1.5699933954795582E-9, 1.1833729588609164E-9, 0.32198011071650084, 0.5092861105664654, 0.07801988383719338, 0.09071388712969454, 4.829521308665604E-9
240, Flight12, UNKNOWN, 0.46342538464686894, 0.02917153751550434, 4.147268687350851E-10, 0.25479879556493096, 6.96574375857183E-11, 0.25260428167000426, 6.965367834696425E-11, 5.9809236477462E-11
240, Flight12, LOWRISK1, 0.2592136166575087, 0.0670774387254897, 1.0692271949584138E-9, 0.3621132274425684, 1.8023046309962504E-10, 0.31159571560126625, 1.8011277574499775E-10, 1.5475195818871168E-10
240, Flight12, LOWRISK2, 0.1881726870027718, 0.10644581240906416, 1.91505323110036E-9, 0.39932241293261694, 3.2299818646617407E-10, 0.30605908482850985, 3.228056687554373E-10, 2.773359130917509E-10
240, Flight12, LOWRISK3, 0.17611973197486103, 0.21492211247117982, 1.3958538719341671E-8, 0.35656400195645743, 2.3964411425093555E-9, 0.25239413280807516, 2.388099252226152E-9, 2.05750309672004E-9
240, Flight12, LOWRISK4, 0.9999999969677944, 6.258568585507453E-10, 5.445734289196515E-10, 5.444132759022696E-10, 2.6652908303617636E-10, 5.446940187533258E-10, 2.666887584154508E-10, 2.5060597252772986E-10
240, Flight13, SELECTEE, 1.1605822002178886E-10, 1.0377646561977541E-9, 7.747098301502892E-10, 0.05179479251852723, 0.9220692934314884, 0.010705203904561913, 0.015430704972332721, 3.2557127614872827E-9
240, Flight13, UNKNOWN, 0.1627101249998054, 0.035608874337643086, 5.008756571172582E-10, 0.4444897369815727, 8.44433852248712E-11, 0.35719126294998543, 8.433363224493775E-11, 7.249658043663136E-11
240, Flight13, LOWRISK1, 0.037301628226885125, 0.03928533895780057, 5.902444854118126E-10, 0.5770240083395627, 1.0031492288837745E-10, 0.3463890236101706, 1.0006762941229431E-10, 8.610996040966817E-11
240, Flight13, LOWRISK2, 2.2427341692347423E-10, 1.9727025303241687E-9, 1.2815843642093987E-9, 0.6488621566807177, 1.5087640236889035E-9, 0.35113783577133467, 1.503598008789426E-9, 1.0681811631973733E-9
240, Flight13, LOWRISK3, 2.2579907049160293E-10, 1.955125621586133E-9, 1.4661243961461354E-9, 0.6659160531110695, 7.024373353428055E-8, 0.33408385066886237, 1.7503595712268195E-8, 4.836845625911944E-9
240, Flight13, LOWRISK4, 0.9999999799603005, 5.50787288910235E-9, 2.806453153055026E-9, 4.768098130146804E-9, 7.625392410910028E-10, 4.768794344961036E-9, 7.626806968512556E-10, 6.744167317994005E-10
240, Flight14, SELECTEE, 1.3543635809635191E-10, 1.190993100545565E-9, 8.980382296430441E-10, 0.4813152855539067, 0.2627330948332757, 0.14368471043338554, 0.11226690337469147, 3.591428675941958E-9
240, Flight14, UNKNOWN, 0.665060775556087, 0.014453019491645397, 2.0029305700674492E-10, 0.15917785889184166, 3.364736013528897E-11, 0.1613083457750856, 3.366123593153367E-11, 2.8894328181980782E-11
240, Flight14, LOWRISK1, 0.4115073968651572, 0.046433414635101776, 7.226614270138105E-10, 0.27775581393515764, 1.2175616099240235E-10, 0.26430337350505795, 1.2172216059184406E-10, 1.0454130269214915E-10
240, Flight14, LOWRISK2, 0.32184526335055647, 0.10339262478703677, 1.796534447566131E-9, 0.30014495744678155, 3.020584474831977E-10, 0.27461715176678547, 3.0202396553088466E-10, 2.5937860821296753E-10
240, Flight14, LOWRISK3, 0.3102233677315023, 0.20798932874056705, 4.7427998433781145E-9, 0.2656908635418957, 8.05173827009533E-10, 0.21609643295324305, 8.047594197530398E-10, 6.912145497655203E-10
240, Flight14, LOWRISK4, 0.9999999957622245, 8.736896349193125E-10, 7.603883231544787E-10, 7.600661350806164E-10, 3.720813875347948E-10, 7.605171008328766E-10, 3.7230612943985734E-10, 3.498825506617129E-10
240, Flight15, SELECTEE, 1.3205114764159685E-10, 1.1663888262413452E-9, 8.778060935824504E-10, 0.11687507028513373, 0.8216866796928944, 0.025982068527711618, 0.03545617568368461, 3.645485252713556E-9
240, Flight15, UNKNOWN, 0.23562473468206985, 0.02223453024820087, 2.9743826541813673E-10, 0.3943766842685139, 4.9990620959378436E-11, 0.34776405037202024, 4.998547416869616E-11, 4.293630995212479E-11
240, Flight15, LOWRISK1, 0.08809374096565117, 0.0642991800760404, 1.030684325813054E-9, 0.5121987404243455, 1.7398493168866018E-10, 0.3354083370171939, 1.7388818224708115E-10, 1.493672915699171E-10
240, Flight15, LOWRISK2, 0.037731626085943486, 0.08898679000847387, 1.906613694210192E-9, 0.5599804811044329, 3.248124951272827E-10, 0.313301099978027, 3.240742418480396E-10, 2.7877803803353334E-10
240, Flight15, LOWRISK3, 0.03455556750418531, 0.11757111095955695, 6.915544913172585E-9, 0.5594848370493344, 1.3094504727164031E-9, 0.2883884738706215, 1.2931117385267419E-9, 1.109350286518166E-9
240, Flight15, LOWRISK4, 0.9999999893806103, 2.1855876763586125E-9, 1.9011765203458964E-9, 1.903990795551632E-9, 9.301929095793898E-10, 1.9045189867698008E-9, 9.305427529760804E-10, 8.745360364491433E-10
240, Flight16, SELECTEE, 1.5330776812468984E-10, 1.3485088373289977E-9, 1.0165827402969026E-9, 0.32251561964092434, 0.5087233669762219, 0.07748437571909587, 0.09127663101405999, 4.142454440343105E-9
240, Flight16, UNKNOWN, 0.4631153014826963, 0.03196228594712719, 4.6049788996599514E-10, 0.25381236197201124, 7.733751742769624E-11, 0.2511100499277534, 7.733023152063128E-11, 6.640201572809838E-11
240, Flight16, LOWRISK1, 0.26172606570097545, 0.044465397791607054, 6.584588916742012E-10, 0.37479103563695326, 1.104961119588842E-10, 0.3190174999073068, 1.1048891879821272E-10, 9.486918779145247E-11
240, Flight16, LOWRISK2, 0.1903411103758205, 0.08693000246615999, 1.5139214478767206E-9, 0.4094938896745308, 2.5556007985434186E-10, 0.313234995250338, 2.5539556523581695E-10, 2.1942946467267554E-10
240, Flight16, LOWRISK3, 0.17815234016471593, 0.19662864592873233, 7.055693128754711E-9, 0.36472282044061194, 1.2029917693699095E-9, 0.2604961829851546, 1.2004057930046511E-9, 1.0328499772866285E-9
240, Flight16, LOWRISK4, 0.9999999929477191, 1.452219138773481E-9, 1.2639921882529041E-9, 1.2638936296165763E-9, 6.184566258078351E-10, 1.2645156861704916E-9, 6.187985218881471E-10, 5.815610239678878E-10
240, Flight17, SELECTEE, 1.1605822002178886E-10, 1.0377646561977541E-9, 7.747098301502892E-10, 0.05179479251852723, 0.9220692934314884, 0.010705203904561913, 0.015430704972332721, 3.2557127614872827E-9
240, Flight17, UNKNOWN, 0.16414885349421254, 0.022660318096856598, 3.036693509627841E-10, 0.4483248125374619, 5.109394719179485E-11, 0.36486601543290326, 5.107265363425379E-11, 4.388514279272708E-11
240, Flight17, LOWRISK1, 0.03649096196421496, 0.046581335168456646, 7.396504524850912E-10, 0.5771438259264646, 1.2561920203725704E-10, 0.3397838758534452, 1.2547680819450651E-10, 1.0782797431465217E-10
240, Flight17, LOWRISK2, 2.2427341692347423E-10, 1.9727025303241687E-9, 1.2815843642093987E-9, 0.6488621566807177, 1.5087640236889035E-9, 0.35113783577133467, 1.503598008789426E-9, 1.0681811631973733E-9
240, Flight17, LOWRISK3, 1.6035017979169785E-10, 1.3934643164701735E-9, 1.0463569645720127E-9, 0.6671887823005832, 6.901390594718643E-8, 0.33281112353837905, 1.893856231490613E-8, 3.6195539008750355E-9
240, Flight17, LOWRISK4, 0.9999999798202279, 5.307369100352563E-9, 3.0611279679653834E-9, 4.606028191744559E-9, 9.029640476946914E-10, 4.606643243601375E-9, 9.031913031137751E-10, 8.036038773414012E-10
240, Flight18, SELECTEE, 2.998156908263962E-10, 2.6271930456436496E-9, 1.6122647200962291E-9, 0.6414596810596572, 1.4149373081148573E-9, 0.35854031053043744, 1.409828302494381E-9, 1.0570221717456727E-9
240, Flight18, UNKNOWN, 0.9999999996628056, 7.345485476545947E-11, 6.22723349535044E-11, 6.383450770300317E-11, 2.897408686709775E-11, 6.375701954259389E-11, 2.898358850955091E-11, 2.707364988176931E-11
240, Flight18, LOWRISK1, 0.6607330459086371, 0.05340256858716793, 1.0607498046777827E-9, 0.13800953698483878, 1.7988896575935165E-10, 0.14785484695549478, 1.7990080659167116E-10, 1.5447774692128846E-10
240, Flight18, LOWRISK2, 0.5466616332967621, 0.08004529483059589, 1.2033393299494884E-9, 0.186549322337776, 2.0143240912768583E-10, 0.18674374776680194, 2.0145024515514744E-10, 1.7299789334505202E-10
240, Flight18, LOWRISK3, 0.5379320047216727, 0.15861147871031486, 3.5686240872578225E-9, 0.17492452356365898, 5.999348186104798E-10, 0.12853198773192268, 6.00003421682585E-10, 5.150242951512929E-10
240, Flight18, LOWRISK4, 0.9999999894688939, 2.1667760904949824E-9, 1.886594089871625E-9, 1.884930514794252E-9, 9.23814855578442E-10, 1.886818202070265E-9, 9.244736477121771E-10, 8.688543373707789E-10
240, Flight19, SELECTEE, 2.115347748063198E-10, 1.867740814350461E-9, 1.4061345064188673E-9, 0.20265729463010212, 0.689007278052326, 0.04734269880360468, 0.060992719215384426, 5.824328423667944E-9
240, Flight19, UNKNOWN, 0.33100791362603543, 0.02092877688741279, 2.7776700787006346E-10, 0.3331691108392507, 4.6605456387905193E-11, 0.31489419824745063, 4.6608494171783756E-11, 4.0025290356334614E-11
240, Flight19, LOWRISK1, 0.16109918383099314, 0.05010733620992053, 7.613985846119202E-10, 0.4515437360006613, 1.2811967011123102E-10, 0.33724974284196607, 1.2809909456007994E-10, 1.0999719481794491E-10
240, Flight19, LOWRISK2, 0.09283468025230857, 0.16448787065141088, 4.731068660717761E-9, 0.4549595813506182, 8.0502627049413E-10, 0.28771786072625527, 8.03278369704196E-10, 6.911892948895359E-10
240, Flight19, LOWRISK3, 0.08941337777884767, 0.19527934880049833, 1.3714051671622818E-8, 0.4531193722609293, 2.4306274508609953E-9, 0.26218788052662867, 2.4160873270489653E-9, 2.083485380590765E-9
240, Flight19, LOWRISK4, 0.9999999929381281, 1.4542629356393097E-9, 1.2656288799778184E-9, 1.2659944222303706E-9, 6.191166906808576E-10, 1.2664543187812676E-9, 6.194255838791196E-10, 5.821444428435648E-10
240, Flight20, SELECTEE, 5.407514676861452E-12, 1.3224534429636281E-11, 1.3176499631767746E-11, 3.833673229659901E-11, 0.9999999927851213, 1.6173351202289093E-11, 2.7711453362565896E-11, 7.112004308289783E-9
240, Flight20, UNKNOWN, 0.10876746830104533, 0.02109278487869761, 2.8064383816156324E-10, 0.49873394570515966, 4.721951073101461E-11, 0.37140580071064433, 4.718851815036462E-11, 4.055696108109638E-11
240, Flight20, LOWRISK1, 3.022817670262268E-11, 2.662688329120168E-10, 1.960627216340954E-10, 0.6397621504569386, 1.4122612467902717E-9, 0.36023784575899, 1.4116003295874E-9, 4.788054908377672E-10
240, Flight20, LOWRISK2, 5.488333140450723E-11, 4.816021763482349E-10, 3.63079389701116E-10, 0.5973519354204423, 0.09190679711959489, 0.23598139547207841, 0.07475986967814587, 1.4213293208002647E-9
240, Flight20, LOWRISK3, 1.7949255922840434E-10, 1.5711537375991176E-9, 1.1882027195283782E-9, 0.6188353361901083, 0.0939937816937412, 0.21449791222800701, 0.07267296199200575, 4.968444517145034E-9
240, Flight20, LOWRISK4, 0.8459785484718114, 0.05285957584815106, 4.098149353498615E-9, 0.05094015965073193, 6.852210892759779E-10, 0.05022170998337701, 6.853197027549132E-10, 5.883941239981842E-10
240, Flight21, SELECTEE, 1.3031385455782225E-10, 1.1714084271560553E-9, 8.718370848358247E-10, 0.051952792273375285, 0.9217680855416243, 0.01054720367645539, 0.015731912652106262, 3.694035178403822E-9
240, Flight21, UNKNOWN, 0.16287585758591513, 0.03411728108833928, 4.76444359046303E-10, 0.44504524826489966, 8.030648053305947E-11, 0.3579616123660993, 8.020558557990658E-11, 6.894593390203738E-11
240, Flight21, LOWRISK1, 0.03566345903862542, 0.05402886133367329, 8.995959085746268E-10, 0.5760233465587711, 1.5277064945491916E-10, 0.3342843317438981, 1.5269234426609873E-10, 1.311289434642461E-10
240, Flight21, LOWRISK2, 7.653869277820062E-11, 6.723380392760399E-10, 4.5388080382356166E-10, 0.6571898537394275, 7.24664362640385E-10, 0.34281014314398855, 7.240415812673441E-10, 4.762760821809718E-10
240, Flight21, LOWRISK3, 1.273719633826983E-9, 1.0606013296570339E-8, 7.746158626935563E-9, 0.6523312801913701, 3.964161354509319E-8, 0.3476685919822267, 5.3831867091052186E-8, 1.4738186779781257E-8
240, Flight21, LOWRISK4, 0.9999999799603005, 5.50787288910235E-9, 2.806453153055026E-9, 4.768098130146804E-9, 7.625392410910028E-10, 4.768794344961036E-9, 7.626806968512556E-10, 6.744167317994005E-10
240, Flight22, SELECTEE, 1.0370154370410395E-9, 9.33331940270466E-9, 6.9327437030538045E-9, 0.32134047478545963, 0.5106027967703727, 0.07865949184370973, 0.08939719137668554, 2.7931849898016208E-8
240, Flight22, UNKNOWN, 0.46457152130686946, 0.018856307739316215, 2.5336496244645967E-10, 0.2582527963662738, 4.2527009504798814E-11, 0.2583193742237601, 4.252925870468679E-11, 3.651497503838762E-11
240, Flight22, LOWRISK1, 0.2592136166575087, 0.0670774387254897, 1.0692271949584138E-9, 0.3621132274425684, 1.8023046309962504E-10, 0.31159571560126625, 1.8011277574499775E-10, 1.5475195818871168E-10
240, Flight22, LOWRISK2, 0.17905546397601074, 0.1885008156668338, 5.669701872761156E-9, 0.3592562872990334, 9.621947056620362E-10, 0.2731874246502161, 9.607841472220315E-10, 8.263809578150042E-10
240, Flight22, LOWRISK3, 0.17524415330627185, 0.2228023064054266, 2.7856801579304536E-8, 0.35454848694546426, 4.7759993184493585E-9, 0.24740501187444977, 4.746985567885317E-9, 4.099756917935486E-9
240, Flight22, LOWRISK4, 0.9999999894561107, 2.16920908430569E-9, 1.888490707734516E-9, 1.8879515392602517E-9, 9.249395636584654E-10, 1.889165022305586E-9, 9.254422914987535E-10, 8.698471821653371E-10
240, Flight23, SELECTEE, 5.437001748983819E-12, 1.3191062387994594E-11, 1.3161224422382364E-11, 3.7740399599961945E-11, 0.9999999884855376, 1.6083334607735625E-11, 2.7746427814999208E-11, 1.14122587402971E-8
240, Flight23, UNKNOWN, 0.10736241494695205, 0.03373826485781799, 4.761977229091075E-10, 0.49522734385923, 8.04513995782811E-11, 0.3636719756411506, 8.028570610531174E-11, 6.907004977591254E-11
240, Flight23, LOWRISK1, 3.722094567817E-11, 3.2787182646847315E-10, 2.402686406197655E-10, 0.6416858237643993, 1.4329967677794738E-9, 0.35831417223195106, 1.4322462422533116E-9, 5.442013746188638E-10
240, Flight23, LOWRISK2, 6.441050089796755E-11, 5.661960477823258E-10, 4.2680612783290655E-10, 0.5950101959040264, 0.09350346296598555, 0.23832313468071745, 0.07316320372534986, 1.6776640435199507E-9
240, Flight23, LOWRISK3, 1.0003214388192238E-9, 8.553616226483205E-9, 6.57085268295169E-9, 0.6035010241258658, 0.09974329701980716, 0.22983219838966243, 0.06692342320476, 4.114627003186691E-8
240, Flight23, LOWRISK4, 0.8459272195858322, 0.05332153391429206, 5.751963721476236E-9, 0.05074997691070966, 9.557077401745629E-10, 0.05000126111607933, 9.558085407674118E-10, 8.207623123403948E-10
240, Flight24, SELECTEE, 1.5448065825726472E-10, 1.3588697828750508E-9, 1.0245380624860608E-9, 0.48084337912030306, 0.2634425448176616, 0.1441566162558745, 0.11155745317816004, 4.1012678279564084E-9
240, Flight24, UNKNOWN, 0.6642440334673986, 0.02180369814758983, 3.2509432819194305E-10, 0.15754208026916194, 5.466516167722888E-11, 0.15641018764561535, 5.468314526418643E-11, 4.6947507424400864E-11
240, Flight24, LOWRISK1, 0.41152642723213984, 0.046262141399779945, 6.744740449917307E-10, 0.27790634180967116, 1.131421623029619E-10, 0.2643050885716869, 1.1311762412495401E-10, 9.71439364917721E-11
240, Flight24, LOWRISK2, 0.3191288770013906, 0.1278401010177671, 2.5996816906600626E-9, 0.28985318594544707, 4.387114675424196E-10, 0.2631778321928219, 4.38601121528507E-10, 3.7673501572023945E-10
240, Flight24, LOWRISK3, 0.31119091853149033, 0.19928136926867013, 7.080664972820556E-9, 0.2573370792381824, 1.1987029797515268E-9, 0.23219062246636332, 1.1978714969425533E-9, 1.029210138382253E-9
240, Flight24, LOWRISK4, 0.9999999929550409, 1.4506551200379246E-9, 1.2627789836712958E-9, 1.2621547440392134E-9, 6.179755673921977E-10, 1.2630408636869683E-9, 6.183630353184095E-10, 5.811465836882486E-10
240, Flight25, SELECTEE, 9.911309278550794E-10, 8.747966696787344E-9, 5.426374793863863E-9, 0.6222589906700129, 5.090969457923906E-9, 0.37774098027433994, 5.038122881573261E-9, 3.772238340840743E-9
240, Flight25, UNKNOWN, 0.999999999783422, 4.825047808814584E-11, 4.065961341339976E-11, 4.1821838128520227E-11, 1.8826310486084596E-11, 4.1744303879837546E-11, 1.8844098635863136E-11, 1.7586942971461684E-11
240, Flight25, LOWRISK1, 0.661642831898657, 0.04521449501640015, 7.781776002306917E-10, 0.1463090259124969, 1.310355070964348E-10, 0.14683364603083895, 1.3102724549853252E-10, 1.1252224860289314E-10
240, Flight25, LOWRISK2, 0.5449519476680169, 0.09543246435697451, 2.1930503621962215E-9, 0.18109096655312845, 3.7012909029478434E-10, 0.17852461818185553, 3.7013637839013425E-10, 3.1786445764180603E-10
240, Flight25, LOWRISK3, 0.5441878920672266, 0.10230848594118402, 9.47685242613154E-9, 0.18607120404170552, 1.5878189539463293E-9, 0.16743240394466302, 1.5876078633969988E-9, 1.3640974323550252E-9
240, Flight25, LOWRISK4, 0.999999997641724, 4.872655322468225E-10, 4.2402068787348457E-10, 4.2376465981927765E-10, 2.075328004905803E-10, 4.240459594552864E-10, 2.076591051145202E-10, 1.951431383228581E-10
240, Flight26, SELECTEE, 0.6541210137880417, 0.11291086785229039, 9.293111892532955E-9, 0.11638490965256174, 1.5730941976400352E-9, 0.11658319492697887, 1.5731998588185234E-9, 1.3523620600595594E-9
240, Flight26, UNKNOWN, 0.9999999998639065, 3.0410541296469115E-11, 2.6358036634671192E-11, 2.6375846220733595E-11, 1.2829393435980912E-11, 2.6369266688130713E-11, 1.2842846312611008E-11, 1.2063207040529732E-11
240, Flight26, LOWRISK1, 0.9999999992119603, 1.645796253242261E-10, 1.4318334371804376E-10, 1.4300206798642442E-10, 6.991568544228138E-11, 1.431804024544932E-10, 6.995994458155909E-11, 6.57363726896979E-11
240, Flight26, LOWRISK2, 0.99999999911492, 1.8446889988061322E-10, 1.6048751659822808E-10, 1.6026941291540072E-10, 7.853366921182217E-11, 1.6045800616433158E-10, 7.858865900547781E-11, 7.383928221409414E-11
240, Flight26, LOWRISK3, 0.9999999976414863, 4.87397661416696E-10, 4.241098180680807E-10, 4.238931890753641E-10, 2.076195976395591E-10, 4.241571905479434E-10, 2.077453575688693E-10, 1.9521974307281602E-10
240, Flight26, LOWRISK4, 0.9999999894728431, 2.1661399370962737E-9, 1.886087240093594E-9, 1.8840505930533195E-9, 9.234910890997829E-10, 1.8862474911068946E-9, 9.242230551912125E-10, 8.685622764104199E-10
240, Flight27, SELECTEE, 5.088337068095399E-10, 4.475203642516465E-9, 2.7636186122364617E-9, 0.6340245464074812, 2.5248148414164435E-9, 0.36597543894689005, 2.5081966120065322E-9, 1.876116992232878E-9
240, Flight27, UNKNOWN, 0.9999999997524455, 5.4752288771624475E-11, 4.620505844771814E-11, 4.7487028783508674E-11, 2.142172647281446E-11, 4.7389318504547265E-11, 2.143907187936118E-11, 2.00157703984488E-11
240, Flight27, LOWRISK1, 0.661423276522676, 0.04719049321951954, 9.246843814018426E-10, 0.1445162628924139, 1.5649317214534764E-10, 0.14686996600449037, 1.5649184867024992E-10, 1.3438622095571244E-10
240, Flight27, LOWRISK2, 0.5449519476680169, 0.09543246435697451, 2.1930503621962215E-9, 0.18109096655312845, 3.7012909029478434E-10, 0.17852461818185553, 3.7013637839013425E-10, 3.1786445764180603E-10
240, Flight27, LOWRISK3, 0.5398481247222418, 0.14136639749835836, 4.804946808574943E-9, 0.1598248268216584, 7.963919728036779E-10, 0.15896064388786418, 7.963593300277223E-10, 6.833350189551175E-10
240, Flight27, LOWRISK4, 0.9999999957636023, 8.733861145141367E-10, 7.601529139455418E-10, 7.597602300822065E-10, 3.7198791303377596E-10, 7.60244515502918E-10, 3.7222124033783393E-10, 3.498006752081499E-10
240, Flight28, SELECTEE, 1.0852098723217248E-9, 1.9134543861971034E-8, 1.1541472042758376E-8, 0.052643570722704244, 0.920856726814162, 0.009856374034592521, 0.016643262202422064, 3.44760490378796E-8
240, Flight28, UNKNOWN, 0.1656676068346787, 0.00899153813078508, 2.0465320089738097E-10, 0.45502732772105164, 3.427213608779718E-11, 0.3703135270220319, 3.4261791691163226E-11, 2.942128612298198E-11
240, Flight28, LOWRISK1, 0.034539572729307313, 0.06414383786144243, 1.148429541790865E-9, 0.5722686807940452, 1.9539634083971108E-10, 0.3290479069196655, 1.951647664841E-10, 1.6770453349571308E-10
240, Flight28, LOWRISK2, 3.0514699710977966E-10, 2.684217008396763E-9, 1.7286264740224853E-9, 0.646484828635662, 1.937935169320852E-9, 0.35351516140411804, 1.9288529258059094E-9, 1.3865969813423867E-9
240, Flight28, LOWRISK3, 2.827392311809179E-10, 2.44536219760673E-9, 1.831306533579637E-9, 0.6632258786589029, 7.097276060631324E-8, 0.3367740233288382, 1.662759596466566E-8, 5.863649847590791E-9
240, Flight28, LOWRISK4, 0.9999999799603005, 5.50787288910235E-9, 2.806453153055026E-9, 4.768098130146804E-9, 7.625392410910028E-10, 4.768794344961036E-9, 7.626806968512556E-10, 6.744167317994005E-10
240, Flight29, SELECTEE, 1.5200749096474955E-10, 1.3398347500649403E-9, 1.0096378908012315E-9, 0.2027054622733533, 0.6893940446319307, 0.047294533077822644, 0.06060595336303278, 4.163536264795344E-9
240, Flight29, UNKNOWN, 0.33158702545624535, 0.0157167704987876, 2.01484125760327E-10, 0.3334801193656052, 3.385496928095854E-11, 0.3192160843922922, 3.383243098020618E-11, 2.9054188911866533E-11
240, Flight29, LOWRISK1, 0.1613756620005955, 0.04761903272371896, 7.23311623947167E-10, 0.4538025202367932, 1.2173128595593568E-10, 0.33720278397877324, 1.2171983891549671E-10, 1.0451205531258342E-10
240, Flight29, LOWRISK2, 0.09559185390584192, 0.139673309400997, 3.1709949739905654E-9, 0.4665448463483711, 5.377124559737525E-10, 0.2981899856486743, 5.369089674525037E-10, 4.6165502197815423E-10
240, Flight29, LOWRISK3, 0.08871785827905265, 0.20153901205595048, 2.7308645277014706E-8, 0.4513144066483058, 4.905464174181286E-9, 0.2584286817653653, 4.8518355507539676E-9, 4.196536550128417E-9
240, Flight29, LOWRISK4, 0.9999999791276557, 4.287400257500901E-9, 3.7327165500234275E-9, 3.733387112876297E-9, 1.834543015546589E-9, 3.734406919706639E-9, 1.8353460347012394E-9, 1.7257001529654158E-9
240, Flight30, SELECTEE, 5.177783099902261E-10, 6.773003707373307E-9, 4.2889499224102585E-9, 0.05270729012060449, 0.9195937288010837, 0.009792688889086782, 0.017906265290303414, 1.5330345514341427E-8
240, Flight30, UNKNOWN, 0.1640166599994833, 0.02385005953189181, 3.202619988177749E-10, 0.44817158513901983, 5.388759975270205E-11, 0.36396169486647034, 5.385885534984314E-11, 4.628185957566435E-11
240, Flight30, LOWRISK1, 0.03505938361885276, 0.05946553998069434, 1.0266686705967252E-9, 0.5742475326554387, 1.7448388109974972E-10, 0.3312275422308961, 1.7436011037912795E-10, 1.497611688915545E-10
240, Flight30, LOWRISK2, 8.087736169187017E-11, 7.110099847243442E-10, 4.789701800346714E-10, 0.6557929692005089, 7.478594985408749E-10, 0.34420702755024635, 7.470792676058759E-10, 4.946040512932389E-10
240, Flight30, LOWRISK3, 3.8005781782239145E-10, 3.286113752286883E-9, 2.4522194404584512E-9, 0.6592518436369343, 7.396699771942455E-8, 0.3407480552886106, 1.3641473572174193E-8, 7.358748635747003E-9
240, Flight30, LOWRISK4, 0.999999979499905, 5.098343770114758E-9, 3.348687915026084E-9, 4.432866550585066E-9, 1.1036356862992446E-9, 4.432354556870513E-9, 1.1039581354209084E-9, 9.914042423368491E-10