TimeWindow, Flight, RiskCategory, O385, O386, O387, O388, O389, O390, O391, O392
240, Flight1, SELECTEE, 2.7728438484590104E-11, 2.495083314354245E-10, 1.8715064344501108E-10, 0.47898843795984086, 0.2622218954630461, 0.14601156126450043, 0.11277810410575631, 7.486833453038386E-10
240, Flight1, UNKNOWN, 0.9999999999242031, 1.7109579164267764E-11, 1.4686254527974097E-11, 1.4844754256112745E-11, 6.989044481704481E-12, 1.484475627688559E-11, 6.989044700759913E-12, 6.547723368178782E-12
240, Flight1, LOWRISK1, 0.6611965403282611, 0.04923113568022145, 1.7730700964990894E-10, 0.15062409083115982, 2.955175767108443E-11, 0.1389482329048303, 2.9551760612302185E-11, 2.533139734739127E-11
240, Flight1, LOWRISK2, 0.40386226141081144, 0.11523965120070949, 4.491426483164503E-10, 0.2565119683438159, 7.486343925192347E-11, 0.22438611838783615, 7.486339555592895E-11, 6.417199112519544E-11
240, Flight1, LOWRISK3, 0.39501610291603545, 0.19485507219811576, 6.732337945386975E-9, 0.21041533839449905, 1.1217320342434532E-9, 0.19971347656014582, 1.1217343653588125E-9, 9.616139857878503E-10
240, Flight1, LOWRISK4, 0.9999999993891885, 1.271394530245352E-10, 1.1046938348513796E-10, 1.1046920050506724E-10, 5.390666390616364E-11, 1.1046960962556553E-10, 5.390675929362432E-11, 5.066508489940487E-11
240, Flight2, SELECTEE, 0.14576014114351998, 0.18815872876260864, 1.3471165836667097E-9, 0.38126756893358293, 2.2458765389816833E-10, 0.2848135591777016, 2.2458331096662623E-10, 1.9251381801157178E-10
240, Flight2, UNKNOWN, 0.9999999999174942, 1.8314638775396516E-11, 1.5895851614406482E-11, 1.589584917465616E-11, 7.728165914008155E-12, 1.589585599763027E-11, 7.728167602292768E-12, 7.2619017672847485E-12
240, Flight2, LOWRISK1, 0.9999999998561286, 3.0954831813901E-11, 2.688101617373078E-11, 2.6881018206221918E-11, 1.309218126339727E-11, 2.6881040146676966E-11, 1.3092186163769598E-11, 1.2303566839600249E-11
240, Flight2, LOWRISK2, 0.9999999998000965, 4.249659485073515E-11, 3.691145817015008E-11, 3.691147562597681E-11, 1.7989883078741976E-11, 3.691151155955264E-11, 1.7989890738248798E-11, 1.6906931857872986E-11
240, Flight2, LOWRISK3, 0.9999999950844011, 1.0135865175511949E-9, 8.810745094621899E-10, 8.808367451378552E-10, 4.304236454910357E-10, 8.808804241444511E-10, 4.3042997034146533E-10, 4.045816906715326E-10
240, Flight2, LOWRISK4, 0.9999999994576737, 1.1303193338948257E-10, 9.82096947037048E-11, 9.820939162604469E-11, 4.7920458651669624E-11, 9.820983457320924E-11, 4.792055824215499E-11, 4.503868297502642E-11
240, Flight3, SELECTEE, 0.1477379696883177, 0.17035827226260597, 9.623369834379024E-10, 0.3906756222781685, 1.6042284663174505E-10, 0.2912281343564295, 1.6042072427873573E-10, 1.3751235609815047E-10
240, Flight3, UNKNOWN, 0.9999999999724168, 7.00349933411625E-12, 6.064703076561091E-12, 6.064702655085578E-12, 2.925920032473023E-12, 6.0647034030868544E-12, 2.925919959759456E-12, 2.748170143378266E-12
240, Flight3, LOWRISK1, 0.9999999999049158, 2.0905486905445596E-11, 1.8147485542163854E-11, 1.8147486252311654E-11, 8.82762394510476E-12, 1.8147494975435594E-11, 8.827625969025984E-12, 8.295289714231136E-12
240, Flight3, LOWRISK2, 0.9999999997707468, 4.854235468023274E-11, 4.216552054400485E-11, 4.216554082831549E-11, 2.0555352373819976E-11, 4.21655871824168E-11, 2.0555362334536302E-11, 1.9318220534141435E-11
240, Flight3, LOWRISK3, 0.9999999950844011, 1.0135865175511949E-9, 8.810745094621899E-10, 8.808367451378552E-10, 4.304236454910357E-10, 8.808804241444511E-10, 4.3042997034146533E-10, 4.045816906715326E-10
240, Flight3, LOWRISK4, 0.9999999987728337, 2.541017058651041E-10, 2.2080516149999072E-10, 2.2080343923992333E-10, 1.0778122321650021E-10, 2.2080560866564228E-10, 1.0778173046245456E-10, 1.0130179138732948E-10
240, Flight4, SELECTEE, 2.0874470784833007E-12, 5.174592287513493E-12, 5.14302206258804E-12, 1.56871540557992E-11, 0.9999999982963047, 6.3480428020351225E-12, 1.0725649596501964E-11, 1.6647438255269004E-9
240, Flight4, UNKNOWN, 0.25667581340384704, 0.02325101294849601, 5.808789129893816E-11, 0.4162639550254885, 9.680934372062085E-12, 0.3038092185426348, 9.680931337268203E-12, 8.298379345540478E-12
240, Flight4, LOWRISK1, 0.10515013282626426, 0.05364880387793883, 1.604278775908444E-10, 0.5643442398417587, 2.673790164680719E-11, 0.2768568232234297, 2.6737833679633585E-11, 2.2919401140514764E-11
240, Flight4, LOWRISK2, 1.0723937792338592E-10, 9.65374506791776E-10, 3.7472799040856363E-10, 0.7268145077850466, 1.2948085949905625E-10, 0.2731854904079748, 1.2947427644550005E-10, 1.0689598531097066E-10
240, Flight4, LOWRISK3, 5.091242111773654E-10, 4.550620029559791E-9, 2.7177557096811724E-9, 0.6584335588595701, 2.2016846274960874E-9, 0.34156642730683756, 2.2015840044802263E-9, 1.659038134197005E-9
240, Flight4, LOWRISK4, 0.846201427255117, 0.05085381614226235, 8.418539632768473E-10, 0.05138274592554829, 1.4033605755847629E-10, 0.0515620094404656, 1.4033608762128628E-10, 1.2029511853104822E-10
240, Flight5, SELECTEE, 4.159276887054649E-11, 3.7424214016906637E-10, 2.8071127410443626E-10, 0.4772239443578147, 0.26422327970888965, 0.14777605441603722, 0.1107767197040875, 1.1228391170224923E-9
240, Flight5, UNKNOWN, 0.9999999999644474, 8.706482482167653E-12, 7.487871034374098E-12, 7.543865091036982E-12, 3.5694167353875492E-12, 7.543865835045044E-12, 3.5694161618265055E-12, 3.3461400798447857E-12
240, Flight5, LOWRISK1, 0.6609027695920577, 0.05187507234161979, 1.4335691312474492E-10, 0.14610415831875714, 2.389303934734103E-11, 0.1411179995421559, 2.3893040955372377E-11, 2.0480803491904773E-11
240, Flight5, LOWRISK2, 0.40319075052574205, 0.12128324909394052, 5.182305213002958E-10, 0.25290978330719477, 8.638029647090875E-11, 0.22261621631430173, 8.638023642454522E-11, 7.404412586925127E-11
240, Flight5, LOWRISK3, 0.40532636396262745, 0.1020627289643282, 8.420268470450865E-10, 0.2641862086320016, 1.4036302825221813E-10, 0.2284246972041869, 1.4036286173366997E-10, 1.2031750606471336E-10
240, Flight5, LOWRISK4, 0.9999999987728269, 2.541035964114795E-10, 2.208061433642913E-10, 2.2080511084877803E-10, 1.0778170264693049E-10, 2.2080680307929398E-10, 1.0778210409744357E-10, 1.0130217868448267E-10
240, Flight6, SELECTEE, 9.800895504806075E-11, 8.819017280650575E-10, 5.33071198121133E-10, 0.6406289788761861, 4.575999841194977E-10, 0.3593710183602628, 4.5754232718038613E-10, 3.416413254191193E-10
240, Flight6, UNKNOWN, 0.9999999999598759, 9.585386319775249E-12, 8.309230841416504E-12, 8.309230613025339E-12, 4.023089069626523E-12, 8.309231384457117E-12, 4.023088908405833E-12, 3.779453592208164E-12
240, Flight6, LOWRISK1, 0.9999999997825765, 5.044717804468029E-11, 3.927793547103766E-11, 4.3727993765581E-11, 1.59228212491869E-11, 4.372803739700337E-11, 1.5922826323668214E-11, 1.461131917469259E-11
240, Flight6, LOWRISK2, 0.6585232753119414, 0.07329052767988337, 3.2079919723687117E-10, 0.1349181415146553, 5.347264519716491E-11, 0.13326805502615388, 5.3472658706067483E-11, 4.583609342013861E-11
240, Flight6, LOWRISK3, 0.656858964402966, 0.0882693241719962, 3.3733722734018674E-9, 0.11076137875218153, 5.609470963185982E-10, 0.14411032770296195, 5.609467503643486E-10, 4.80842677283099E-10
240, Flight6, LOWRISK4, 0.999999999301137, 1.452770777540665E-10, 1.2623172788525751E-10, 1.2623135785609806E-10, 6.160304369392958E-11, 1.2623196390736374E-10, 6.160318548037115E-11, 5.789891042700556E-11
240, Flight7, SELECTEE, 3.564473174007539E-11, 3.207145548879855E-10, 2.4054771822296147E-10, 0.2035622991715371, 0.687198182819497, 0.046437699759940304, 0.06280181669538831, 9.629449131409402E-10
240, Flight7, UNKNOWN, 0.5526911517130227, 0.02577963497327893, 7.018858270234191E-11, 0.21622701997466967, 1.1697748291992591E-11, 0.20530219324163176, 1.1697748282024751E-11, 1.0027166822660178E-11
240, Flight7, LOWRISK1, 0.3272346434924961, 0.054888207625010337, 1.566977182457806E-10, 0.36402070887589383, 2.6115904920404646E-11, 0.2538564397814987, 2.6115890119232432E-11, 2.2386221954129164E-11
240, Flight7, LOWRISK2, 0.155943914667572, 0.09650477055938815, 3.3688367591608993E-10, 0.48207190187474547, 5.6149057817286485E-11, 0.265479412407197, 5.6148888768317134E-11, 4.813026777094124E-11
240, Flight7, LOWRISK3, 0.15194084446535738, 0.13253240270912145, 7.485472487478844E-10, 0.45953737217105306, 1.2477335211107324E-10, 0.2559893795556351, 1.2477244233282778E-10, 1.0695420903535309E-10
240, Flight7, LOWRISK4, 0.9999999993011266, 1.452792507861012E-10, 1.2623357557352047E-10, 1.2623367454979242E-10, 6.160371128984664E-11, 1.2623408898572632E-10, 6.160380566666563E-11, 5.7899530160565614E-11
240, Flight8, SELECTEE, 1.24569768426645E-10, 1.126387158183745E-9, 8.417274673900983E-10, 0.11688365966405345, 0.81973768510343, 0.02597347921316508, 0.03740517056144767, 3.371433948490288E-9
240, Flight8, UNKNOWN, 0.42632606640538634, 0.020208259838361452, 5.183219983744494E-11, 0.292107651879385, 8.638359843826957E-12, 0.26135802180656825, 8.638358639164906E-12, 7.404698669695724E-12
240, Flight8, LOWRISK1, 0.23262418086517808, 0.04923951425046622, 1.4647913002174539E-10, 0.45764187477814305, 2.4412747381642916E-11, 0.260494429896196, 2.441272387524025E-11, 2.092630690969725E-11
240, Flight8, LOWRISK2, 0.0862865870496417, 0.08056357589300187, 2.9294473342869383E-10, 0.5746595905920612, 4.8825612215848174E-11, 0.2584902460390612, 4.8825396579870437E-11, 4.185269200649688E-11
240, Flight8, LOWRISK3, 0.07955195725772451, 0.14117524397131193, 9.623582517612305E-10, 0.5194783845613167, 1.604241574238636E-10, 0.2597944127951439, 1.604213737841421E-10, 1.3751364163380543E-10
240, Flight8, LOWRISK4, 0.999999999301116, 1.4528162672406405E-10, 1.2623551021421504E-10, 1.2623603093960606E-10, 6.160437361520769E-11, 1.2623636172854122E-10, 6.160444726995768E-11, 5.790013880205954E-11
240, Flight9, SELECTEE, 4.989876332749891E-11, 4.489756909421748E-10, 3.3672515610552587E-10, 0.2033104021212185, 0.6873654252899551, 0.046689596347086464, 0.06263457406434067, 1.34801425498537E-9
240, Flight9, UNKNOWN, 0.5510657344891882, 0.04040838993748269, 1.1820995673152152E-10, 0.20817450858723385, 1.970139359176928E-11, 0.2003513668178092, 1.9701394029576247E-11, 1.6887787602751967E-11
240, Flight9, LOWRISK1, 0.32764554627022247, 0.05119008264257095, 1.4037569828883182E-10, 0.36486401296542725, 2.3395517614498026E-11, 0.2563003579207729, 2.3395505795436016E-11, 2.0054338762201454E-11
240, Flight9, LOWRISK2, 0.15074623743752305, 0.1432838651005471, 8.420789896200775E-10, 0.46494770657474327, 1.4036972585647973E-10, 0.24102218965026073, 1.403684431738636E-10, 1.2032316290086843E-10
240, Flight9, LOWRISK3, 0.15115550994369115, 0.13960041330611675, 8.420906695055663E-10, 0.4526604136175092, 1.4036970949638603E-10, 0.2565836618957455, 1.403685062795273E-10, 1.2032313435530948E-10
240, Flight9, LOWRISK4, 0.9999999950760557, 1.0155407837485168E-9, 8.825675955941217E-10, 8.825221344225896E-10, 4.3095549257746516E-10, 8.825534720517929E-10, 4.3096232809481173E-10, 4.0505689286674216E-10
240, Flight10, SELECTEE, 6.376887577414592E-11, 5.736060361940178E-10, 3.4128429880997476E-10, 0.642278680976055, 2.7479352902365866E-10, 0.35772131729471446, 2.7478664505035807E-10, 2.0720564797082187E-10
240, Flight10, UNKNOWN, 0.9999999999370608, 1.4284270721198997E-11, 1.2393192508981918E-11, 1.2393192922853916E-11, 6.017890237814546E-12, 1.2393194689203732E-11, 6.017890623205265E-12, 5.654401713521898E-12
240, Flight10, LOWRISK1, 0.999999999794463, 4.900532507018389E-11, 3.672601098729105E-11, 4.245147018053693E-11, 1.411939136790509E-11, 4.245152689253651E-11, 1.4119396511930319E-11, 1.2878605050561338E-11
240, Flight10, LOWRISK2, 0.6585186199725586, 0.0733324257175214, 3.3683583172213527E-10, 0.13495447303184996, 5.614608712453773E-11, 0.13319448078702892, 5.614610184227184E-11, 4.812774017044989E-11
240, Flight10, LOWRISK3, 0.6533294307354803, 0.12003512360079995, 6.770380565898314E-9, 0.11393294078827243, 1.1204812727600495E-9, 0.11270249490977303, 1.1204837003991061E-9, 9.605431153072225E-10
240, Flight10, LOWRISK4, 0.9999999975402196, 5.080040652863242E-10, 4.414582009616447E-10, 4.414508978586761E-10, 2.1552522389627374E-10, 4.414587389095178E-10, 2.155271174254158E-10, 2.0257044653076377E-10
240, Flight11, SELECTEE, 2.11681554620558E-12, 5.1417556604444655E-12, 5.130022019970443E-12, 1.501607216767576E-11, 0.9999999954909806, 6.259812892138727E-12, 1.0756717687394563E-11, 4.470812607116791E-9
240, Flight11, UNKNOWN, 0.2550396559387282, 0.03797643008846444, 1.0209268026334081E-10, 0.4004375936511345, 1.701495328116281E-11, 0.3065463201771798, 1.701494454252794E-11, 1.4585010533727873E-11
240, Flight11, LOWRISK1, 0.105813286163825, 0.047680423863901464, 1.3751058769875225E-10, 0.5623641569452833, 2.2918194231689782E-11, 0.2841421328302128, 2.291814570263017E-11, 1.9645198412351857E-11
240, Flight11, LOWRISK2, 1.0105097092614665E-10, 9.074199960299225E-10, 2.2909273906189127E-10, 0.7254572178642559, 5.7503191322648934E-11, 0.2745427807409736, 5.7502936842972405E-11, 4.8415247930863517E-11
240, Flight11, LOWRISK3, 1.4282752023967111E-10, 1.2786501510797736E-9, 5.496287083929566E-10, 0.6935078976314626, 2.1426252464760177E-10, 0.3064920997998923, 2.1424420970084265E-10, 1.7524660021871208E-10
240, Flight11, LOWRISK4, 0.8460195367220192, 0.05249083040939326, 1.346834839858996E-9, 0.05078461302583836, 2.2448154032508327E-10, 0.05070501786073924, 2.2448147412034529E-10, 1.9242638454971056E-10
240, Flight12, SELECTEE, 4.158846368818576E-11, 3.741900693769137E-10, 2.8066797706390114E-10, 0.3205562906326777, 0.5062787528572755, 0.07944370812197118, 0.0937212465746645, 1.123178972877344E-9
240, Flight12, UNKNOWN, 0.7297115627310278, 0.03259593587595686, 9.625485292889401E-11, 0.1191946249691151, 1.6042476104197962E-11, 0.11849787628802362, 1.6042477702030508E-11, 1.3751408808743717E-11
240, Flight12, LOWRISK1, 0.45854102958474235, 0.07313073254106213, 2.4954503511254525E-10, 0.2591543312796439, 4.159156571529388E-11, 0.2091739062323861, 4.1591552535475886E-11, 3.565176126863342E-11
240, Flight12, LOWRISK2, 0.2540802068932106, 0.113278140994321, 4.4916021077047235E-10, 0.3825731127856528, 7.486447131572343E-11, 0.25006853866996825, 7.486431607785239E-11, 6.417287669053721E-11
240, Flight12, LOWRISK3, 0.24411930117471373, 0.20292629031658704, 3.366011458952834E-9, 0.3201730334014448, 5.613109734168817E-10, 0.23278137014368258, 5.613031396984802E-10, 4.811607520191586E-10
240, Flight12, LOWRISK4, 0.9999999993011319, 1.452781668513167E-10, 1.2623274521250605E-10, 1.2623261732026054E-10, 6.160339798197386E-11, 1.2623311513926421E-10, 6.160351186230557E-11, 5.7899247896289633E-11
240, Flight13, SELECTEE, 2.771215445881293E-11, 2.4961259172610047E-10, 1.8706056479331795E-10, 0.05138403214549346, 0.921257439695065, 0.011115967022862612, 0.016242559929066314, 7.493419036076383E-10
240, Flight13, UNKNOWN, 0.32865540739923765, 0.04210133363413576, 1.1617374618748351E-10, 0.3431301044645603, 1.9361810520562485E-11, 0.2861131543367868, 1.9361803927541575E-11, 1.6596705708876806E-11
240, Flight13, LOWRISK1, 0.16132410784523693, 0.04808302866600325, 1.3751119745008002E-10, 0.49927170080799327, 2.291813003695451E-11, 0.29132116248398837, 2.2918099172851762E-11, 1.9645149171126565E-11
240, Flight13, LOWRISK2, 0.03001351559353887, 0.10487836096737731, 8.420599046507981E-10, 0.6295354246833855, 1.4037688191271035E-10, 0.235572697518773, 1.4037350225219007E-10, 1.203291668297462E-10
240, Flight13, LOWRISK3, 0.028274120610942477, 0.12053291585230469, 1.3472198766041203E-9, 0.5942928501109433, 2.2460084436551398E-10, 0.25690011144308694, 2.2459137275659056E-10, 1.9252496524935532E-10
240, Flight13, LOWRISK4, 0.9999999987798445, 2.612797098592896E-10, 2.18861995512671E-10, 2.2687341373124528E-10, 9.97856088807425E-11, 2.2687445022514218E-10, 9.978582044225637E-11, 9.290871610087762E-11
240, Flight14, SELECTEE, 3.119452813689353E-11, 2.806931928734684E-10, 2.1054181257456748E-10, 0.478531715185184, 0.2628170763098495, 0.14646828392653463, 0.11218292321998433, 8.42232558342237E-10
240, Flight14, UNKNOWN, 0.9999999999699732, 7.555768230771435E-12, 6.499463747796927E-12, 6.543839402563304E-12, 3.097297686933537E-12, 6.5438399839983325E-12, 3.097297080132179E-12, 2.9038130766317346E-12
240, Flight14, LOWRISK1, 0.6613235883338306, 0.048087703639379836, 1.6844248173734075E-10, 0.15078314454634859, 2.8074202345002385E-11, 0.13980556323799967, 2.807420504264017E-11, 2.40648564031077E-11
240, Flight14, LOWRISK2, 0.4044627796843093, 0.10983498676863586, 4.2107545879662953E-10, 0.25959698532634545, 7.018469984067075E-11, 0.22610524760531772, 7.018466231676257E-11, 6.016141503190482E-11
240, Flight14, LOWRISK3, 0.3983147768017006, 0.16516701311870483, 1.1224815450291747E-9, 0.22019519591760575, 1.8714520677947148E-10, 0.2163230125110124, 1.8714496894351019E-10, 1.6041936635283633E-10
240, Flight14, LOWRISK4, 0.9999999990193691, 2.0331855983936483E-10, 1.7667191922253834E-10, 1.7667133406347565E-10, 8.623182219472132E-11, 1.766724006114303E-10, 8.623207408922646E-11, 8.104746433208678E-11
240, Flight15, SELECTEE, 3.1185709909845064E-11, 2.8062621590466974E-10, 2.1045311049378806E-10, 0.11708150648606426, 0.8203806374631857, 0.025775635435745743, 0.036762219256186945, 8.427667428911572E-10
240, Flight15, UNKNOWN, 0.42563917990623856, 0.026390238312964442, 6.875662890477241E-11, 0.2905263126316445, 1.1459040677839346E-11, 0.25744426905386986, 1.1459039489782258E-11, 9.82255001331897E-12
240, Flight15, LOWRISK1, 0.22977430851804664, 0.07488836527600104, 2.4063790271210666E-10, 0.43544861764456466, 4.010655643803857E-11, 0.25988870821237237, 4.010648571694536E-11, 3.4378832443817605E-11
240, Flight15, LOWRISK2, 0.08388473549136866, 0.10218023975380473, 4.4916014610768625E-10, 0.5637120064935063, 7.486579501682647E-11, 0.25022301760446963, 7.486525062535287E-11, 6.417399704270245E-11
240, Flight15, LOWRISK3, 0.07702318826646577, 0.16393416413678927, 1.6838274643492042E-9, 0.5065319214669497, 2.807347497485842E-10, 0.25251072365007965, 2.807250830636895E-10, 2.406430566541203E-10
240, Flight15, LOWRISK4, 0.9999999975403927, 5.07959935227689E-10, 4.4142675517292026E-10, 4.4141903629570156E-10, 2.155144828114897E-10, 4.4142470365847883E-10, 2.1551564778568605E-10, 2.0256116931747008E-10
240, Flight16, SELECTEE, 3.564779197971424E-11, 3.2074595017078463E-10, 2.405823752800931E-10, 0.3208431558915839, 0.5059833423436053, 0.07915684305608596, 0.09401665715519443, 9.627688951330356E-10
240, Flight16, UNKNOWN, 0.7294363485027362, 0.03507286391937256, 1.0694899599046843E-10, 0.11790822192210024, 1.7824939698792453E-11, 0.11758256550412725, 1.782494171847127E-11, 1.527931386594488E-11
240, Flight16, LOWRISK1, 0.4611071344107653, 0.050035789207865757, 1.5313523974682596E-10, 0.2705915602490754, 2.552225064312136E-11, 0.21826551591245102, 2.5522248836802938E-11, 2.1877369319078937E-11
240, Flight16, LOWRISK2, 0.25577844024193075, 0.09799404095489567, 3.546110650943136E-10, 0.3877176009268121, 5.910378281504598E-11, 0.2585099173590942, 5.910370263763344E-11, 5.06630592849118E-11
240, Flight16, LOWRISK3, 0.246219211132825, 0.18402710245740844, 1.6837071234099391E-9, 0.3309226702571092, 2.8071308796068434E-10, 0.23883101367311538, 2.8071089694705584E-10, 2.40625185212044E-10
240, Flight16, LOWRISK4, 0.9999999983619221, 3.387448111448591E-10, 2.943634167850436E-10, 2.943618032747879E-10, 1.4369842399963209E-10, 2.9436468865376925E-10, 1.436990976134014E-10, 1.3506032742870867E-10
240, Flight17, SELECTEE, 2.771215445881293E-11, 2.4961259172610047E-10, 1.8706056479331795E-10, 0.05138403214549346, 0.921257439695065, 0.011115967022862612, 0.016242559929066314, 7.493419036076383E-10
240, Flight17, UNKNOWN, 0.330302994217072, 0.02727305232180776, 7.018922442991593E-11, 0.35232996213940276, 1.1697781598799546E-11, 0.2900939912243201, 1.1697778995953485E-11, 1.0027196555583305E-11
240, Flight17, LOWRISK1, 0.16028148232655892, 0.05746665829716527, 1.727687809399973E-10, 0.5065960794259697, 2.8794574808829177E-11, 0.27565577970148025, 2.8794520393225365E-11, 2.4682354642220263E-11
240, Flight17, LOWRISK2, 0.03001351559353887, 0.10487836096737731, 8.420599046507981E-10, 0.6295354246833855, 1.4037688191271035E-10, 0.235572697518773, 1.4037350225219007E-10, 1.203291668297462E-10
240, Flight17, LOWRISK3, 0.029350684301926843, 0.11084384303651464, 9.6240004443634E-10, 0.5988683800978034, 1.604267841777627E-10, 0.2609370911492043, 1.6042239622853916E-10, 1.3751598672709065E-10
240, Flight17, LOWRISK4, 0.9999999985115416, 3.1714115793563223E-10, 2.669059159372071E-10, 2.7540277576558704E-10, 1.2271649806893695E-10, 2.7540373170650263E-10, 1.2271669725885443E-10, 1.1438614145934273E-10
240, Flight18, SELECTEE, 7.189482600030841E-11, 6.468138162165136E-10, 3.869057254024236E-10, 0.6418496722880784, 3.1820839340244294E-10, 0.3581503257369529, 3.181943529380222E-10, 2.391658316962576E-10
240, Flight18, UNKNOWN, 0.9999999999370608, 1.4284270721198997E-11, 1.2393192508981918E-11, 1.2393192922853916E-11, 6.017890237814546E-12, 1.2393194689203732E-11, 6.017890623205265E-12, 5.654401713521898E-12
240, Flight18, LOWRISK1, 0.9999999997437062, 5.732271175822765E-11, 4.661763798830625E-11, 4.972584779948568E-11, 2.020986280450596E-11, 4.972585447628506E-11, 2.0209862549621003E-11, 1.8696079308051352E-11
240, Flight18, LOWRISK2, 0.6581075159957963, 0.07703236156721094, 2.8070304194940737E-10, 0.13304195868056556, 4.678894303599532E-11, 0.1318181633482541, 4.678895325244751E-11, 4.010689405927142E-11
240, Flight18, LOWRISK3, 0.6546953250126621, 0.10774208134970435, 8.415447389119311E-10, 0.11777646877450385, 1.4034707739637696E-10, 0.11978612362679963, 1.4034712572338118E-10, 1.20305678620091E-10
240, Flight18, LOWRISK4, 0.9999999975402196, 5.080040653151094E-10, 4.4145820098187216E-10, 4.414508978789035E-10, 2.155252239011361E-10, 4.4145873893091214E-10, 2.1552711743047266E-10, 2.0257044653504264E-10
240, Flight19, SELECTEE, 4.989876332749891E-11, 4.489756909421748E-10, 3.3672515610552587E-10, 0.2033104021212185, 0.6873654252899551, 0.046689596347086464, 0.06263457406434067, 1.34801425498537E-9
240, Flight19, UNKNOWN, 0.5528952978311139, 0.023942319916762, 6.417257742083499E-11, 0.21705347703201108, 1.0695089452473023E-11, 0.20610890513159696, 1.0695089276103041E-11, 9.167700141994384E-12
240, Flight19, LOWRISK1, 0.326694918840383, 0.0597457294724262, 1.7731477024190463E-10, 0.3624306253312303, 2.9552178005256495E-11, 0.25112872610042414, 2.955215889800185E-11, 2.533175310177771E-11
240, Flight19, LOWRISK2, 0.14927774771152053, 0.15650027234058653, 1.122675098105896E-9, 0.4576367959597323, 1.8715679146732615E-10, 0.23658518233696055, 1.8715441394209425E-10, 1.604285824693993E-10
240, Flight19, LOWRISK3, 0.14434894685857103, 0.2008594784267604, 3.3663522721730788E-9, 0.4078620063489548, 5.613612377886974E-10, 0.24692956340167388, 5.613391927728569E-10, 4.812016467371996E-10
240, Flight19, LOWRISK4, 0.9999999983619071, 3.3874786500775487E-10, 2.943659264431804E-10, 2.943651534102753E-10, 1.4369936814368239E-10, 2.943676707322707E-10, 1.436999481210244E-10, 1.3506119752911736E-10
240, Flight20, SELECTEE, 2.0874470784833007E-12, 5.174592287513493E-12, 5.14302206258804E-12, 1.56871540557992E-11, 0.9999999982963047, 6.3480428020351225E-12, 1.0725649596501964E-11, 1.6647438255269004E-9
240, Flight20, UNKNOWN, 0.25641492841413677, 0.025598977848867138, 6.479022637239507E-11, 0.4114475772997542, 1.079796284492126E-11, 0.3065385163478144, 1.0797959129591358E-11, 9.255882810013555E-12
240, Flight20, LOWRISK1, 0.10492564018256526, 0.055669237662824736, 1.6844884803667347E-10, 0.564680988407628, 2.807479950629223E-11, 0.2747241335045328, 2.8074723913648328E-11, 2.406537221029368E-11
240, Flight20, LOWRISK2, 1.012110047173578E-10, 9.093535576382502E-10, 2.459116708405781E-10, 0.7258135484246008, 6.404902601243759E-11, 0.27418645014322, 6.4048560624554E-11, 5.381985987584113E-11
240, Flight20, LOWRISK3, 1.4980004665619274E-10, 1.344280741547635E-9, 6.119806558992438E-10, 0.6935219891480707, 2.5971473995750943E-10, 0.3064780080217657, 2.5968428289484916E-10, 2.1091755539971538E-10
240, Flight20, LOWRISK4, 0.8461325411962365, 0.051473790545910746, 9.620756992993453E-10, 0.051149603934036246, 1.6037484527053455E-10, 0.05124406290973298, 1.603748621573192E-10, 1.3747264799550688E-10
240, Flight21, SELECTEE, 3.117334638658701E-11, 2.8088856113016694E-10, 2.104461903532752E-10, 0.05137892695878837, 0.9212496511381398, 0.011121072096849531, 0.01625034844690481, 8.430239339846197E-10
240, Flight21, UNKNOWN, 0.32884746124257386, 0.04037284905009457, 1.1046046528269964E-10, 0.34418294422342754, 1.8409594559861286E-11, 0.2865967453270583, 1.8409588643170455E-11, 1.578047835503945E-11
240, Flight21, LOWRISK1, 0.15920483926311232, 0.06715644582859709, 2.1055966694878477E-10, 0.5053150871864098, 3.509337582804618E-11, 0.2683236274172673, 3.509329153002596E-11, 3.008160208762632E-11
240, Flight21, LOWRISK2, 0.03354646843363367, 0.0730817859525061, 3.208384148033551E-10, 0.6425342674055967, 5.347600969149555E-11, 0.2508374777408489, 5.347561586073949E-11, 4.583897784653485E-11
240, Flight21, LOWRISK3, 0.026280440483016313, 0.13847603140385825, 6.702599801019432E-9, 0.5722073842397877, 1.122868482412796E-9, 0.2630361339689976, 1.1225849069794338E-9, 9.625013303779176E-10
240, Flight21, LOWRISK4, 0.9999999987798445, 2.612797098592896E-10, 2.18861995512671E-10, 2.2687341373124528E-10, 9.97856088807425E-11, 2.2687445022514218E-10, 9.978582044225637E-11, 9.290871610087762E-11
240, Flight22, SELECTEE, 2.4926041368384394E-10, 2.2444383839606665E-9, 1.6816937203735347E-9, 0.31738888832657974, 0.507388554831623, 0.08261110367763011, 0.09261144226812545, 6.726863688878289E-9
240, Flight22, UNKNOWN, 0.7307866963715448, 0.022919733150757706, 5.859149243894012E-11, 0.12388436345975715, 9.765049532847084E-12, 0.12240920693766266, 9.765049638724991E-12, 8.37047704160856E-12
240, Flight22, LOWRISK1, 0.45854102958474235, 0.07313073254106213, 2.4954503511254525E-10, 0.2591543312796439, 4.159156571529388E-11, 0.2091739062323861, 4.1591552535475886E-11, 3.565176126863342E-11
240, Flight22, LOWRISK2, 0.24791979956960827, 0.16872180596586425, 1.347086459287555E-9, 0.35688707815310056, 2.2457805542752815E-10, 0.2264713143288943, 2.2457640787471738E-10, 1.9250607270975594E-10
240, Flight22, LOWRISK3, 0.24301799074106684, 0.2128380806882836, 6.72990486388459E-9, 0.31328279518096275, 1.1220199663349967E-9, 0.23086112346011112, 1.1220051682898646E-9, 9.618602873815224E-10
240, Flight22, LOWRISK4, 0.9999999975401861, 5.080101730265083E-10, 4.41463976277001E-10, 4.4145871677021646E-10, 2.155276164353089E-10, 4.41465534751556E-10, 2.1552921595558003E-10, 2.0257271426524977E-10
240, Flight23, SELECTEE, 2.105527722700973E-12, 5.1556560487712196E-12, 5.1360239514754956E-12, 1.5283281515628513E-11, 0.999999997286232, 6.2955517228814E-12, 1.074365567937943E-11, 2.675262725509597E-9
240, Flight23, UNKNOWN, 0.25474846411792645, 0.04059715646691212, 1.1046068431386945E-10, 0.3989434355325096, 1.8409617282402763E-11, 0.3057109437258058, 1.8409606977577163E-11, 1.5780498912128532E-11
240, Flight23, LOWRISK1, 0.10397632165578896, 0.06421310436638179, 2.041781096279637E-10, 0.5639809186649202, 3.403007266071718E-11, 0.2678296550177155, 3.402995789392846E-11, 2.917015303781192E-11
240, Flight23, LOWRISK2, 1.0187182731056374E-10, 9.159719328592974E-10, 2.7669475376157175E-10, 0.7262501728220421, 7.718370026515236E-11, 0.273749825670661, 7.718259860132508E-11, 6.460659247508884E-11
240, Flight23, LOWRISK3, 5.091242111773654E-10, 4.550620029559791E-9, 2.7177557096811724E-9, 0.6584335588595701, 2.2016846274960874E-9, 0.34156642730683756, 2.2015840044802263E-9, 1.659038134197005E-9
240, Flight23, LOWRISK4, 0.8460195367220192, 0.05249083040939326, 1.346834839858996E-9, 0.05078461302583836, 2.2448154032508327E-10, 0.05070501786073924, 2.2448147412034529E-10, 1.9242638454971056E-10
240, Flight24, SELECTEE, 3.5650924167317194E-11, 3.207866520304799E-10, 2.406151973297072E-10, 0.47795063932849197, 0.26348128144270405, 0.14704935963842217, 0.11151871803704348, 9.624999406335071E-10
240, Flight24, UNKNOWN, 0.9999999999467353, 1.2401079589398784E-11, 1.0656128190339431E-11, 1.0754057066739028E-11, 5.0776393506460735E-12, 1.0754058556432669E-11, 5.0776391849732844E-12, 4.7585859991878116E-12
240, Flight24, LOWRISK1, 0.6613193780418332, 0.0481255962796684, 1.5669164560231142E-10, 0.1490637539258044, 2.611558007626476E-11, 0.14149127152759966, 2.6115582370764208E-11, 2.2385949263622833E-11
240, Flight24, LOWRISK2, 0.40240410166158563, 0.12836308877264152, 6.124332447090876E-10, 0.24968154206343626, 1.0208483945493644E-10, 0.2195512666044424, 1.0208475138630128E-10, 8.750589198101319E-11
240, Flight24, LOWRISK3, 0.3997732429649822, 0.15204081706080577, 1.6836684936974327E-9, 0.230203707622194, 2.8069450759242953E-10, 0.2179822298725659, 2.8069404299463095E-10, 2.406096220318422E-10
240, Flight24, LOWRISK4, 0.9999999983619343, 3.3874266456348375E-10, 2.943611431283966E-10, 2.9435897662417853E-10, 1.4369758338496842E-10, 2.943620584946616E-10, 1.4369831823161453E-10, 1.3505950687361735E-10
240, Flight25, SELECTEE, 2.35720943058521E-10, 2.120728414173677E-9, 1.3012614442486762E-9, 0.6353835988908023, 1.1920825363762872E-9, 0.36461639419338854, 1.1915574868450028E-9, 8.80673028346577E-10
240, Flight25, UNKNOWN, 0.9999999999615047, 9.249933507814662E-12, 8.017654783817414E-12, 8.01765455144519E-12, 3.8806330318831435E-12, 8.017655276945892E-12, 3.880632833580874E-12, 3.64555502036551E-12
240, Flight25, LOWRISK1, 0.9999999997804554, 5.076494431086742E-11, 3.970222496722378E-11, 4.400645456265002E-11, 1.6200601391557162E-11, 4.400649132506387E-11, 1.6200605901226645E-11, 1.4877617128503664E-11
240, Flight25, LOWRISK2, 0.6567506317716509, 0.08924431933566195, 5.181430424329312E-10, 0.12799427137519895, 8.637503050418614E-11, 0.1260107767587697, 8.637506028984157E-11, 7.40397740544677E-11
240, Flight25, LOWRISK3, 0.6539313986138577, 0.11461741746709202, 2.243726516343226E-9, 0.11544705865981726, 3.7406888981110715E-10, 0.11600412195292102, 3.7406917700314273E-10, 3.2066219284275356E-10
240, Flight25, LOWRISK4, 0.9999999994576745, 1.130318744335521E-10, 9.82094206526856E-11, 9.820920883298036E-11, 4.7920430751054234E-11, 9.820957623899342E-11, 4.79205159016408E-11, 4.5038636273266316E-11
240, Flight26, SELECTEE, 0.6539457072408354, 0.11448863340794868, 2.2442001895570162E-9, 0.11650381930781609, 3.7413757224635143E-10, 0.115061836736695, 3.7413755046997673E-10, 3.207143680768607E-10
240, Flight26, UNKNOWN, 0.9999999999721921, 7.049853447665585E-12, 6.104948371898393E-12, 6.104947693331628E-12, 2.9455047585253736E-12, 6.104948664509189E-12, 2.945504828579837E-12, 2.7665761495711746E-12
240, Flight26, LOWRISK1, 0.9999999998231577, 3.778623320720756E-11, 3.281873305227362E-11, 3.2818708952906056E-11, 1.59930392265001E-11, 3.281875279328838E-11, 1.5993049223137114E-11, 1.5030165929807105E-11
240, Flight26, LOWRISK2, 0.99999999980036, 4.2487474193887526E-11, 3.6904461158775916E-11, 3.690443485919008E-11, 1.7988219833634124E-11, 3.6904488122803365E-11, 1.7988231799515118E-11, 1.6905449805650823E-11
240, Flight26, LOWRISK3, 0.9999999994579749, 1.1302217316764455E-10, 9.820219092429773E-11, 9.820197075543273E-11, 4.791870093103687E-11, 9.820234915339591E-11, 4.791878763402937E-11, 4.503711906624834E-11
240, Flight26, LOWRISK4, 0.9999999975405514, 5.079892610562691E-10, 4.414472904482868E-10, 4.4143809732271625E-10, 2.1552195284183377E-10, 4.414472230287366E-10, 2.155241597857233E-10, 2.0256756097129157E-10
240, Flight27, SELECTEE, 1.2092420845254582E-10, 1.0881157680107445E-9, 6.610746831281993E-10, 0.6397538380156024, 5.798569555110773E-10, 0.360246158529474, 5.797389586163836E-10, 4.314275199175152E-10
240, Flight27, UNKNOWN, 0.9999999999552206, 1.0544000768698593E-11, 9.14243753768653E-12, 9.142437342195312E-12, 4.430135057880689E-12, 9.142438272194756E-12, 4.4301350079381655E-12, 4.1620463354290596E-12
240, Flight27, LOWRISK1, 0.9999999997627281, 5.376046313739735E-11, 4.310174523858638E-11, 4.662239030447007E-11, 1.826494322438179E-11, 4.662239740230128E-11, 1.826494412703045E-11, 1.684938840825659E-11
240, Flight27, LOWRISK2, 0.6567506317716509, 0.08924431933566195, 5.181430424329312E-10, 0.12799427137519895, 8.637503050418614E-11, 0.1260107767587697, 8.637506028984157E-11, 7.40397740544677E-11
240, Flight27, LOWRISK3, 0.6573598121194879, 0.08376169709340939, 1.1223215510223832E-9, 0.11592258238357167, 1.8710663158394912E-10, 0.1429559067528231, 1.8710667433557592E-10, 1.603875651875795E-10
240, Flight27, LOWRISK4, 0.9999999990193721, 2.0331784028601046E-10, 1.7667139657067997E-10, 1.7667059504472944E-10, 8.62316047061841E-11, 1.7667179037775633E-10, 8.623188719320483E-11, 8.104727094471621E-11
240, Flight28, SELECTEE, 2.4525403481537545E-10, 2.421727234235829E-9, 1.7080464909686111E-9, 0.05168813114550002, 0.9204981934874075, 0.01081186055082238, 0.017001803642451706, 6.805005065819575E-9
240, Flight28, UNKNOWN, 0.331075479917625, 0.020320681040991134, 4.712034107141562E-11, 0.37062286121230525, 7.853065286871443E-12, 0.2779809777657349, 7.853064092225857E-12, 6.731551022346391E-12
240, Flight28, LOWRISK1, 0.15775793883195013, 0.08017854964729616, 2.6951171383545323E-10, 0.4997154218030949, 4.491948430657398E-11, 0.2623480893260182, 4.491933985682289E-11, 3.850441106844868E-11
240, Flight28, LOWRISK2, 0.029176078816190103, 0.11241529166965024, 1.1226557225953868E-9, 0.6245785368924692, 1.8717163794760143E-10, 0.2338300909704715, 1.8716513005184818E-10, 1.6044081315456427E-10
240, Flight28, LOWRISK3, 0.027697565554992785, 0.1257219110033616, 1.6838535886749425E-9, 0.5914220974879343, 2.8075613926683926E-10, 0.25515842347391565, 2.80740286951797E-10, 2.40660064733075E-10
240, Flight28, LOWRISK4, 0.9999999987798445, 2.612797098592896E-10, 2.18861995512671E-10, 2.2687341373124528E-10, 9.97856088807425E-11, 2.2687445022514218E-10, 9.978582044225637E-11, 9.290871610087762E-11
240, Flight29, SELECTEE, 3.564473174007539E-11, 3.207145548879855E-10, 2.4054771822296147E-10, 0.2035622991715371, 0.687198182819497, 0.046437699759940304, 0.06280181669538831, 9.629449131409402E-10
240, Flight29, UNKNOWN, 0.5533929267961403, 0.019463659250071735, 4.6470131483887676E-11, 0.22246703055008463, 7.744733789646787E-12, 0.2046763833413195, 7.744733111049633E-12, 6.638689541700046E-12
240, Flight29, LOWRISK1, 0.32693084817731116, 0.05762236544935826, 1.6844947061704855E-10, 0.36327912934437934, 2.8074581448469806E-11, 0.252167656786502, 2.8074564265859133E-11, 2.406517547953949E-11
240, Flight29, LOWRISK2, 0.1513892319901604, 0.1374969142248119, 7.485364230197066E-10, 0.4678792876150239, 1.2477365958596073E-10, 0.2432345650711811, 1.2477266613212587E-10, 1.0695439267894157E-10
240, Flight29, LOWRISK3, 0.14311731199417496, 0.2119441886773447, 6.73052903357014E-9, 0.3980111030808395, 1.1222091378847007E-9, 0.24692738631697117, 1.1221294605515769E-9, 9.620167005497539E-10
240, Flight29, LOWRISK4, 0.9999999950760557, 1.0155407837485168E-9, 8.825675955941217E-10, 8.825221344225896E-10, 4.3095549257746516E-10, 8.825534720517929E-10, 4.3096232809481173E-10, 4.0505689286674216E-10
240, Flight30, SELECTEE, 1.2407154782006822E-10, 1.1526901299963369E-9, 8.458888516793996E-10, 0.0515670609588334, 0.9205358360610013, 0.01093293501103835, 0.01696416240373538, 3.4489552778703703E-9
240, Flight30, UNKNOWN, 0.3301564139012297, 0.028592275160343048, 7.404569496368855E-11, 0.3516158342307446, 1.234051503077023E-11, 0.28963547660459227, 1.2340512222647452E-11, 1.0578139696003946E-11
240, Flight30, LOWRISK1, 0.15843394259843624, 0.07409451577917069, 2.4063750859811806E-10, 0.5026544207430997, 4.0106699540332237E-11, 0.26481712053027795, 4.01065867427024E-11, 3.437895637586474E-11
240, Flight30, LOWRISK2, 0.033354024426819194, 0.0748137819970323, 3.3687855269933434E-10, 0.6420700345863625, 5.614982917826881E-11, 0.2497621584986917, 5.6149390990091286E-11, 4.8130941015705995E-11
240, Flight30, LOWRISK3, 0.0270969537358375, 0.13112741678884582, 2.244646451646561E-9, 0.5877679648486136, 3.7435572392439567E-10, 0.2540076613186998, 3.7432492772257076E-10, 3.2089076435543167E-10
240, Flight30, LOWRISK4, 0.999999998055038, 4.125978510364485E-10, 3.4858016380792775E-10, 3.583297501232235E-10, 1.6138413548493774E-10, 3.5833150194625016E-10, 1.6138449467978482E-10, 1.5056853665795754E-10