TimeWindow, Flight, RiskCategory, O145, O146, O147, O148, O149, O150, O151, O152
240, Flight1, SELECTEE, 2.1068272648589223E-12, 1.8961413579652297E-11, 1.4221060560828468E-11, 0.45656550114063005, 0.21856348537230766, 0.16843449902039362, 0.15643651437500775, 5.688357220738825E-11
240, Flight1, UNKNOWN, 0.9999999999947036, 1.1990099330291158E-12, 1.040716156567424E-12, 1.0404318786695765E-12, 5.059616533482632E-13, 1.0407163071745582E-12, 5.059929239805719E-13, 4.754276312281534E-13
240, Flight1, LOWRISK1, 0.9999999999906043, 2.0437778244958903E-12, 1.7746360694012504E-12, 1.7743716706051296E-12, 8.640867309197687E-13, 1.7746356758442145E-12, 8.641163882762138E-13, 8.120115060570071E-13
240, Flight1, LOWRISK2, 0.9999999999754826, 5.159046510687164E-12, 4.481634623150557E-12, 4.4814914194937205E-12, 2.18565148868157E-12, 4.481633226354033E-12, 2.1856680021923937E-12, 2.0541120036976605E-12
240, Flight1, LOWRISK3, 0.9999999996258071, 7.719333166495995E-11, 6.707866132340406E-11, 6.707507439861835E-11, 3.274901815210764E-11, 6.707910467977748E-11, 3.274949368586246E-11, 3.0780056405272924E-11
240, Flight1, LOWRISK4, 0.9999999999536276, 9.661128233072612E-12, 8.39392885927888E-12, 8.39376446914343E-12, 4.095925427388984E-12, 8.393928544065733E-12, 4.095944740321704E-12, 3.849540883160729E-12
240, Flight2, SELECTEE, 0.1375179966795786, 0.262338030691534, 1.023909523444581E-10, 0.30863117146864105, 1.7065256731265425E-11, 0.29151280100960947, 1.706525813223536E-11, 1.4627365037400612E-11
240, Flight2, UNKNOWN, 0.9999999999937774, 1.3898161911447337E-12, 1.2065283064774657E-12, 1.2062075467409657E-12, 5.869206433001135E-13, 1.2065285512301311E-12, 5.869560115764178E-13, 5.51520263540443E-13
240, Flight2, LOWRISK1, 0.9999999999891104, 2.351555123781557E-12, 2.0420865082471073E-12, 2.041801535379062E-12, 9.946630244775287E-13, 2.0420862209567126E-12, 9.9469509826295E-13, 9.347374580041026E-13
240, Flight2, LOWRISK2, 0.9999999999848507, 3.2291379782970116E-12, 2.8046173439162303E-12, 2.8043888906317935E-12, 1.366883024711557E-12, 2.8046167856487136E-12, 1.3669090562455755E-12, 1.2845734222014412E-12
240, Flight2, LOWRISK3, 0.99999999962581, 7.719370097628297E-11, 6.707973804788041E-11, 6.707120084201192E-11, 3.274812083741571E-11, 6.708064801584316E-11, 3.27491939287414E-11, 3.077922494382907E-11
240, Flight2, LOWRISK4, 0.999999999958832, 8.589067639578058E-12, 7.462334288984943E-12, 7.462071015868931E-12, 3.641063746369274E-12, 7.462333832309737E-12, 3.6410943443071054E-12, 3.422028344277953E-12
240, Flight3, SELECTEE, 0.13657490775824066, 0.2708258310142251, 7.313654569770638E-11, 0.29371381315874917, 1.218947169912576E-11, 0.29888544796133326, 1.2189473578596935E-11, 1.0448119799927427E-11
240, Flight3, UNKNOWN, 0.9999999999979587, 5.279279338841878E-13, 4.578899394883403E-13, 4.576522064760372E-13, 2.2177370952093149E-13, 4.578899934085285E-13, 2.217987234491005E-13, 2.0833800655447454E-13
240, Flight3, LOWRISK1, 0.9999999999928202, 1.587113853722317E-12, 1.3779118089121731E-12, 1.3776049011479188E-12, 6.70518693603297E-13, 1.3779119233702737E-12, 6.705527514322569E-13, 6.300883041615035E-13
240, Flight3, LOWRISK2, 0.9999999999826202, 3.688704768255246E-12, 3.2039534525819848E-12, 3.203750143968127E-12, 1.5618378985530211E-12, 3.203952856212663E-12, 1.5618611854083624E-12, 1.4678055939630455E-12
240, Flight3, LOWRISK3, 0.99999999962581, 7.719370097628297E-11, 6.707973804788041E-11, 6.707120084201192E-11, 3.274812083741571E-11, 6.708064801584316E-11, 3.27491939287414E-11, 3.077922494382907E-11
240, Flight3, LOWRISK4, 0.9999999999067992, 1.9307877461140882E-11, 1.677704560301503E-11, 1.6775662459162732E-11, 8.189132175289303E-12, 1.677705384778059E-11, 8.189287835471927E-12, 7.696689927201085E-12
240, Flight4, SELECTEE, 1.6581329685057828E-12, 7.593110358217998E-12, 6.795357199001264E-12, 5.16037312130146E-11, 0.9999999998044733, 1.3547794267934865E-11, 2.0241719551675883E-11, 9.45986168965277E-11
240, Flight4, UNKNOWN, 0.8432559832892289, 0.07736281614453877, 4.413428401041446E-12, 0.01638774868612502, 7.355716244154468E-13, 0.0629934518741042, 7.355719304279338E-13, 6.304900292650664E-13
240, Flight4, LOWRISK1, 0.5319215345240751, 0.2127061892068107, 1.2189468915165312E-11, 0.06274173933103855, 2.03157884329197E-12, 0.19263053692059354, 2.031579672003548E-12, 1.7413534665623129E-12
240, Flight4, LOWRISK2, 0.38274399284892624, 0.22197073085095573, 4.654149795271905E-11, 0.18264821568302592, 7.756934178929259E-12, 0.21263706054889986, 7.756937024660492E-12, 6.648801776494797E-12
240, Flight4, LOWRISK3, 0.5374878325501815, 0.16260950345650127, 5.119370550708897E-10, 0.15351818890654914, 8.532551917083809E-11, 0.1463844743315557, 8.532555027013985E-11, 7.313625949473452E-11
240, Flight4, LOWRISK4, 0.999999999908547, 2.1239593792593196E-11, 1.5990547626752547E-11, 1.8363761301739957E-11, 6.166878106947894E-12, 1.8410044785016917E-11, 6.1685009269680504E-12, 5.62572747958928E-12
240, Flight5, SELECTEE, 3.1602369471860868E-12, 2.8442067147343006E-11, 2.133156094767663E-11, 0.4177224070685296, 0.30886614816186686, 0.20727759305825902, 0.06613385157359676, 8.532583108078483E-11
240, Flight5, UNKNOWN, 0.9999999999974947, 6.239482802901333E-13, 5.410560143085578E-13, 5.408617484716095E-13, 2.6206612117827244E-13, 5.410559952663612E-13, 2.6208704571702207E-13, 2.4619473377127805E-13
240, Flight5, LOWRISK1, 0.9999999999924938, 1.6544094680897185E-12, 1.4363477495865207E-12, 1.4360644657542895E-12, 6.989991215960555E-13, 1.4363476754361333E-12, 6.990306576019841E-13, 6.568535302927564E-13
240, Flight5, LOWRISK2, 0.99999999997164, 5.950649412243731E-12, 5.169531125021365E-12, 5.169390326626681E-12, 2.5215292719491495E-12, 5.169529667027299E-12, 2.5215455633208796E-12, 2.3697965497701955E-12
240, Flight5, LOWRISK3, 0.999999999953628, 9.661128425092423E-12, 8.39393280276747E-12, 8.39375183225017E-12, 4.095926565875951E-12, 8.393928986768846E-12, 4.095947328383587E-12, 3.8495422015812186E-12
240, Flight5, LOWRISK4, 0.9999999999067969, 1.9308226364854326E-11, 1.6777271306749578E-11, 1.6776711008779437E-11, 8.189292860758192E-12, 1.6777272714362688E-11, 8.189357043141396E-12, 7.696824040138004E-12
240, Flight6, SELECTEE, 3.526219746809947E-11, 2.5478636868420966E-10, 7.437276911147612E-11, 0.5727464527179894, 1.952339536886581E-11, 0.4272535468626542, 1.9529089439739415E-11, 1.6394433800486432E-11
240, Flight6, UNKNOWN, 0.9999999999969968, 7.266774671792936E-13, 6.302107271203333E-13, 6.300320902655897E-13, 3.054606421038174E-13, 6.302106871193313E-13, 3.0548012441766333E-13, 2.869745317873164E-13
240, Flight6, LOWRISK1, 0.9999999999906043, 2.04381126485944E-12, 1.7746597928750421E-12, 1.7744009365133441E-12, 8.640921765359889E-13, 1.7746595072668699E-12, 8.641212384003861E-13, 8.120162129250628E-13
240, Flight6, LOWRISK2, 0.9999999999826195, 3.688833591764817E-12, 3.204045434373133E-12, 3.2038794530239134E-12, 1.5618619950596623E-12, 3.2040447802001805E-12, 1.5618810453794953E-12, 1.4678264063989401E-12
240, Flight6, LOWRISK3, 0.9999999998131349, 3.860290243058191E-11, 3.3544250766219636E-11, 3.3542263189295775E-11, 1.637595012515626E-11, 3.354429907418658E-11, 1.6376174756168563E-11, 1.5391325632942756E-11
240, Flight6, LOWRISK4, 0.9999999999469376, 1.103929060307005E-11, 9.59155218409114E-12, 9.591358486515596E-12, 4.6806966034292324E-12, 9.591551974691934E-12, 4.680719333700619E-12, 4.399156406247297E-12
240, Flight7, SELECTEE, 2.70876884050637E-12, 2.4378763583340748E-11, 1.8284109765388745E-11, 0.20363549535990325, 0.6733000344709469, 0.046364504705563796, 0.07669996534558958, 7.313687102587447E-11
240, Flight7, UNKNOWN, 0.9999999999965649, 8.156789658909479E-13, 7.076003343320791E-13, 7.073875746912807E-13, 3.4330882902582883E-13, 7.076002147730673E-13, 3.4333200847507764E-13, 3.225510457615274E-13
240, Flight7, LOWRISK1, 0.9999999999862833, 3.1788422880617545E-12, 2.5088819643805717E-12, 2.75503327104865E-12, 1.0377841951808549E-12, 2.7555401354697642E-12, 1.037811753187183E-12, 9.54578078027653E-13
240, Flight7, LOWRISK2, 0.7688230553331215, 0.08059250178500957, 2.5597796516646692E-11, 0.05901082044023525, 4.26631187479631E-12, 0.09157362240435839, 4.266313667046388E-12, 3.656839562659959E-12
240, Flight7, LOWRISK3, 0.9999999994656973, 1.7253838111722565E-10, 4.246716626271655E-11, 1.4729270592407747E-10, 8.735902528017598E-12, 1.474711846933557E-10, 8.736571055627129E-12, 7.572741760321394E-12
240, Flight7, LOWRISK4, 0.9999999999469371, 1.1039354504661384E-11, 9.59159721324562E-12, 9.591465455393475E-12, 4.6807149837034856E-12, 9.591596980177436E-12, 4.680730582454906E-12, 4.399172058093197E-12
240, Flight8, SELECTEE, 9.48059870267744E-12, 8.5322258571382E-11, 6.399246967449109E-11, 0.11796734714342505, 0.8151708732309999, 0.0248897955372719, 0.041971983674038406, 2.559814961656034E-10
240, Flight8, UNKNOWN, 0.9999999999975888, 6.043229331692931E-13, 5.241380043474618E-13, 5.239088985337884E-13, 2.539677427476778E-13, 5.241377310204517E-13, 2.539920917244817E-13, 2.3859079464743306E-13
240, Flight8, LOWRISK1, 0.7999960500420011, 0.08574983524256738, 1.1129501641583293E-11, 0.04171547541370567, 1.854919206837322E-12, 0.07253863928580861, 1.8549199785368247E-12, 1.5899309800874021E-12
240, Flight8, LOWRISK2, 0.5995852612739655, 0.17516121977668092, 2.2259004468801322E-11, 0.07498536679750241, 3.709838612857295E-12, 0.1502681521195048, 3.709840142782446E-12, 3.1798621067879993E-12
240, Flight8, LOWRISK3, 0.8012040485133304, 0.07487784508904947, 7.313568076706279E-11, 0.05827249938089723, 1.2189426720898693E-11, 0.06564560690927225, 1.2189432014767323E-11, 1.044808673553258E-11
240, Flight8, LOWRISK4, 0.9999999999469376, 1.1039359727823094E-11, 9.591601731234639E-12, 9.59146194065198E-12, 4.680715290119787E-12, 9.591601449060557E-12, 4.6807318057039235E-12, 4.3991724166905405E-12
240, Flight9, SELECTEE, 3.792273735523625E-12, 3.413015953066493E-11, 2.559769174977669E-11, 0.20317984865056332, 0.6759000513919381, 0.046820151379688736, 0.07409994841241022, 1.0239161803750656E-10
240, Flight9, UNKNOWN, 0.9999999999938938, 1.3658536443395154E-12, 1.185669911376265E-12, 1.1853752634316033E-12, 5.766956612895915E-13, 1.1856698515033394E-12, 5.767281721200462E-13, 5.419075321220211E-13
240, Flight9, LOWRISK1, 0.9999999999868452, 3.0927774531587558E-12, 2.3974758719077295E-12, 2.679515640875145E-12, 9.658156466821005E-13, 2.679929249441187E-12, 9.65836666587198E-13, 8.856197730297539E-13
240, Flight9, LOWRISK2, 0.769724912303278, 0.07247578901337678, 6.399405557858752E-11, 0.07020212114525848, 1.0665761992084255E-11, 0.08759717744413131, 1.0665766528899165E-11, 9.142085887309504E-12
240, Flight9, LOWRISK3, 0.9999999994653133, 1.698735434401006E-10, 4.629029934865461E-11, 1.4549242860065835E-10, 9.733591575176485E-12, 1.4562612500003236E-10, 9.734065766174844E-12, 8.448415251497467E-12
240, Flight9, LOWRISK4, 0.9999999996258064, 7.719284897749482E-11, 6.707821234725014E-11, 6.707647393165774E-11, 3.274935030806345E-11, 6.707868413344173E-11, 3.2749604973412775E-11, 3.078034597082549E-11
240, Flight10, SELECTEE, 3.693257421374011E-11, 2.4034719801001943E-10, 5.175931316071706E-11, 0.5548506938510587, 1.1581510261763812E-11, 0.4451493057874428, 1.1583605099115074E-11, 9.80625217317446E-12
240, Flight10, UNKNOWN, 0.9999999999952632, 1.083738310134281E-12, 9.405197086597344E-13, 9.402706089457042E-13, 4.570100867298475E-13, 9.40519756361994E-13, 4.570374776423229E-13, 4.2941679531561967E-13
240, Flight10, LOWRISK1, 0.9999999999923201, 1.690191515349466E-12, 1.4674283205039288E-12, 1.4671525938890614E-12, 7.141585024901536E-13, 1.4674282367798736E-12, 7.141892399841492E-13, 6.711006085610627E-13
240, Flight10, LOWRISK2, 0.9999999999817272, 3.87262051565082E-12, 3.3637512595737747E-12, 3.3635905326547097E-12, 1.6398373201570882E-12, 3.363750602293532E-12, 1.6398557977283613E-12, 1.541113511655654E-12
240, Flight10, LOWRISK3, 0.9999999996258071, 7.719332835254589E-11, 6.707856643593777E-11, 6.707509403480568E-11, 3.274900472985753E-11, 6.707912280689331E-11, 3.2749464878840715E-11, 3.0780040620132316E-11
240, Flight10, LOWRISK4, 0.9999999998131347, 3.86028898030266E-11, 3.354421702059966E-11, 3.3542420935782586E-11, 1.637595490766138E-11, 3.3544295185488085E-11, 1.6376160705431545E-11, 1.539132652667438E-11
240, Flight11, SELECTEE, 2.696737551379582E-12, 8.721820434585235E-12, 8.312810672991072E-12, 3.698001574435287E-11, 0.9999999996106341, 1.2018046530358371E-11, 1.862379084798018E-11, 3.025245497528707E-10
240, Flight11, UNKNOWN, 0.8441525370466576, 0.06929383232417921, 7.756928423124461E-12, 0.025624395120342168, 1.2928225911808568E-12, 0.060929235497882143, 1.2928231294693022E-12, 1.1081337970244088E-12
240, Flight11, LOWRISK1, 0.5313134922930796, 0.21817856928759502, 1.0448117755919887E-11, 0.055134211466344486, 1.74135334963981E-12, 0.19537372693806945, 1.7413540615628199E-12, 1.4925887263138844E-12
240, Flight11, LOWRISK2, 0.3770238394809397, 0.27345211118721713, 2.327078780884904E-11, 0.14797225239129697, 3.878468267114166E-12, 0.20155179690670605, 3.878469770967547E-12, 3.324401753748219E-12
240, Flight11, LOWRISK3, 0.5363862982135412, 0.17252331294596704, 7.313637790468652E-11, 0.1338985903179196, 1.2189457213057405E-11, 0.15719179841512057, 1.2189462046564943E-11, 1.0448109150869405E-11
240, Flight11, LOWRISK4, 0.9999999998903315, 2.41343278802666E-11, 1.9543742415750462E-11, 2.0955296864645984E-11, 8.415368880523941E-12, 2.094071481758773E-11, 8.414081837577556E-12, 7.7768540129695E-12
240, Flight12, SELECTEE, 3.1602334291444355E-12, 2.8441975604692302E-11, 2.1331509294486936E-11, 0.3109444633068915, 0.49237909618214276, 0.08905553677446869, 0.1076209035987491, 8.532610844160926E-11
240, Flight12, UNKNOWN, 0.9999999999951152, 1.1142418960118307E-12, 9.670471761170892E-13, 9.667813901235599E-13, 4.699856756483706E-13, 9.67047250063226E-13, 4.700148736026964E-13, 4.4161375015625117E-13
240, Flight12, LOWRISK1, 0.999999999986585, 2.8719528117657057E-12, 2.4942058180496146E-12, 2.494018010133425E-12, 1.21529817020368E-12, 2.494204496278073E-12, 1.215319448412978E-12, 1.1420999714384183E-12
240, Flight12, LOWRISK2, 0.9999999999639483, 8.010140596224376E-12, 6.486804599432125E-12, 6.946883812702479E-12, 2.7938211177663707E-12, 6.949408696296658E-12, 2.794038595681792E-12, 2.582408443879678E-12
240, Flight12, LOWRISK3, 0.9999999998131333, 3.8602910412674314E-11, 3.354425904080446E-11, 3.3543202499719914E-11, 1.6376103771659567E-11, 3.3544279239775584E-11, 1.637622848948536E-11, 1.5391454594169567E-11
240, Flight12, LOWRISK4, 0.9999999999469371, 1.1039355160256725E-11, 9.591597375724744E-12, 9.591469632159187E-12, 4.680715370636101E-12, 9.591597214477821E-12, 4.6807305208287724E-12, 4.399172353508083E-12
240, Flight13, SELECTEE, 2.106809921717727E-12, 1.8960898800181243E-11, 1.4220771683840662E-11, 0.052350475130820306, 0.9182361355594265, 0.01014952491600275, 0.019263864302089144, 5.6884723077891224E-11
240, Flight13, UNKNOWN, 0.9999999998802872, 4.022077624699901E-11, 7.2273456822097884E-12, 3.433150827556155E-11, 1.3938160254928273E-12, 3.445400247535366E-11, 1.3938428848544533E-12, 1.2037347761578149E-12
240, Flight13, LOWRISK1, 0.649099598303926, 0.15810361518197213, 1.0448114659387488E-11, 0.052757050614828285, 1.7413531995014479E-12, 0.14003973588436217, 1.7413539183127305E-12, 1.4925886159689253E-12
240, Flight13, LOWRISK2, 0.4792907137540947, 0.18638357600362357, 6.399441202311531E-11, 0.1584614012643905, 1.0665778436345369E-11, 0.17586430888393498, 1.0665782519217348E-11, 9.14209798637907E-12
240, Flight13, LOWRISK3, 0.6523567895581555, 0.12878889043181127, 1.0239031323121157E-10, 0.10424618289957573, 1.706521456908961E-11, 0.11460813695982139, 1.7065221734254027E-11, 1.4627334033331935E-11
240, Flight13, LOWRISK4, 0.999999999925529, 1.5449436738606755E-11, 1.3423963484278172E-11, 1.3423667624973894E-11, 6.5519656279256254E-12, 1.3423967970358536E-11, 6.552000660306554E-12, 6.157927108765364E-12
240, Flight14, SELECTEE, 2.370179677588779E-12, 2.1331578724911603E-11, 1.5998686670088475E-11, 0.4497919162305736, 0.23350083981540304, 0.17520808392188916, 0.14149915992895148, 6.39941406078011E-11
240, Flight14, UNKNOWN, 0.9999999999978881, 5.425473973173269E-13, 4.705311424256631E-13, 4.703035342886274E-13, 2.2787494699180235E-13, 4.70531182957717E-13, 2.2789901472102004E-13, 2.1406947010134007E-13
240, Flight14, LOWRISK1, 0.9999999999910979, 1.942132398741644E-12, 1.6863219007154756E-12, 1.6860515953962566E-12, 8.209838820702945E-13, 1.6863215880470929E-12, 8.210141462657536E-13, 7.715009873422209E-13
240, Flight14, LOWRISK2, 0.9999999999770437, 4.8374576524576915E-12, 4.20217674538494E-12, 4.202031380690912E-12, 2.0492011349260377E-12, 4.202175373586029E-12, 2.049217870847844E-12, 1.9258651695626843E-12
240, Flight14, LOWRISK3, 0.9999999999380176, 1.287682471978197E-11, 1.118837965396887E-11, 1.1188099989271026E-11, 5.460389085030175E-12, 1.1188372676645494E-11, 5.460420786964053E-12, 5.131975709229105E-12
240, Flight14, LOWRISK4, 0.9999999999255293, 1.5449393771460667E-11, 1.3423937819026681E-11, 1.34235871327788E-11, 6.551954143365525E-12, 1.3423937749380526E-11, 6.551994766275565E-12, 6.1579176310431856E-12
240, Flight15, SELECTEE, 2.3701696396784573E-12, 2.133131493060126E-11, 1.5998537773313737E-11, 0.11893409514167694, 0.811835289556196, 0.02392304777010297, 0.04530756742884104, 6.399492407301421E-11
240, Flight15, UNKNOWN, 0.9999999999966458, 7.987814675971461E-13, 6.929982980675534E-13, 6.927575173156766E-13, 3.362787090499081E-13, 6.929977899004009E-13, 3.3630468026566756E-13, 3.159485960696557E-13
240, Flight15, LOWRISK1, 0.8004830630964632, 0.08136671774491328, 1.8284154364397847E-11, 0.045835487008387195, 3.047366174661929E-12, 0.07231473212375734, 3.0473674446649467E-12, 2.6120286632717972E-12
240, Flight15, LOWRISK2, 0.6025612857692665, 0.14837699930653592, 3.413041549340429E-11, 0.10891153668962908, 5.688416981603653E-12, 0.1401501781846976, 5.688419305963759E-12, 4.875786927833034E-12
240, Flight15, LOWRISK3, 0.8012397946639894, 0.07455612967565306, 1.2798589760457516E-10, 0.06062550586164579, 2.1331436826032645E-11, 0.06357856961029075, 2.1331446448217024E-11, 1.8284107714791605E-11
240, Flight15, LOWRISK4, 0.9999999998131338, 3.8602956472613334E-11, 3.354423167837258E-11, 3.354304417795585E-11, 1.637603787800601E-11, 3.35443163426403E-11, 1.637618095656228E-11, 1.5391394136152072E-11
240, Flight16, SELECTEE, 2.708771849512301E-12, 2.437885482758446E-11, 1.8284161316145013E-11, 0.31130856343053864, 0.49003245279861307, 0.0886914366654929, 0.10996754698735879, 7.313668839526603E-11
240, Flight16, UNKNOWN, 0.9999999999945203, 1.236819576810254E-12, 1.0735536910601E-12, 1.0732729083110782E-12, 5.219717074130232E-13, 1.0735537769967602E-12, 5.220026367302798E-13, 4.90474035661353E-13
240, Flight16, LOWRISK1, 0.9999999999919494, 1.7666027712481811E-12, 1.5338065775036378E-12, 1.5335385624272836E-12, 7.465405116117503E-13, 1.5338061104377625E-12, 7.465703973573624E-13, 7.015342826987365E-13
240, Flight16, LOWRISK2, 0.9999999999679218, 7.290531075695124E-12, 5.740814601038617E-12, 6.328253147786116E-12, 2.3665783202042217E-12, 6.3224113893182685E-12, 2.366122898274426E-12, 2.175586470232747E-12
240, Flight16, LOWRISK3, 0.9999999999067963, 1.9308275926859242E-11, 1.677734057084851E-11, 1.677687673401563E-11, 8.189347824733288E-12, 1.67773016503584E-11, 8.189395638485747E-12, 7.696873502007822E-12
240, Flight16, LOWRISK4, 0.9999999998755755, 2.573980093123947E-11, 2.2366281466933324E-11, 2.236575792719729E-11, 1.0918269218881611E-11, 2.236628665762921E-11, 1.0918329393846412E-11, 1.0261733840921261E-11
240, Flight17, SELECTEE, 2.106809921717727E-12, 1.8960898800181243E-11, 1.4220771683840662E-11, 0.052350475130820306, 0.9182361355594265, 0.01014952491600275, 0.019263864302089144, 5.6884723077891224E-11
240, Flight17, UNKNOWN, 0.9999999998804795, 4.164619345182964E-11, 4.725773075990256E-12, 3.556819866953093E-11, 8.610831491916273E-13, 3.562875540143107E-11, 8.610851841083348E-13, 7.413758497968528E-13
240, Flight17, LOWRISK1, 0.6494108550336156, 0.1553023046119567, 1.31271142268785E-11, 0.059354497268712156, 2.187853861526392E-12, 0.13593234306684937, 2.187854763563318E-12, 1.875303529335951E-12
240, Flight17, LOWRISK2, 0.4792907137540947, 0.18638357600362357, 6.399441202311531E-11, 0.1584614012643905, 1.0665778436345369E-11, 0.17586430888393498, 1.0665782519217348E-11, 9.14209798637907E-12
240, Flight17, LOWRISK3, 0.652261431996762, 0.12964710851499858, 7.313620829953796E-11, 0.10110354162621078, 1.2189449440021337E-11, 0.11698791775457734, 1.2189454526965878E-11, 1.044810343555581E-11
240, Flight17, LOWRISK4, 0.9999999999067967, 1.9308297346888205E-11, 1.6777306317583057E-11, 1.677684092085843E-11, 8.189306314456214E-12, 1.6777321262287424E-11, 8.189361707612355E-12, 7.696834477761012E-12
240, Flight18, SELECTEE, 3.634486628676052E-11, 2.4427094376731156E-10, 5.757048284033121E-11, 0.5606095189975102, 1.340101548030999E-11, 0.4393904806266857, 1.3403819409747698E-11, 1.1325016456577551E-11
240, Flight18, UNKNOWN, 0.9999999999952632, 1.083738310134281E-12, 9.405197086597344E-13, 9.402706089457042E-13, 4.570100867298475E-13, 9.40519756361994E-13, 4.570374776423229E-13, 4.2941679531561967E-13
240, Flight18, LOWRISK1, 0.9999999999865851, 2.8718481436861024E-12, 2.4941300805654667E-12, 2.4939240314851847E-12, 1.2152792689038526E-12, 2.4941295141707793E-12, 1.2153027053336899E-12, 1.1420835247463845E-12
240, Flight18, LOWRISK2, 0.99999999998485, 3.229319390981685E-12, 2.804746916213058E-12, 2.8045629707735853E-12, 1.3669158424424872E-12, 2.804746277697097E-12, 1.3669368549624134E-12, 1.284601807471511E-12
240, Flight18, LOWRISK3, 0.9999999999536278, 9.661128538229925E-12, 8.393930563359602E-12, 8.393756061529085E-12, 4.0959253452172345E-12, 8.393929076312374E-12, 4.095945670807746E-12, 3.849540954601613E-12
240, Flight18, LOWRISK4, 0.9999999998131347, 3.86028898030266E-11, 3.354421702059966E-11, 3.3542420935782586E-11, 1.637595490766138E-11, 3.3544295185488085E-11, 1.6376160705431545E-11, 1.539132652667438E-11
240, Flight19, SELECTEE, 3.792273735523625E-12, 3.413015953066493E-11, 2.559769174977669E-11, 0.20317984865056332, 0.6759000513919381, 0.046820151379688736, 0.07409994841241022, 1.0239161803750656E-10
240, Flight19, UNKNOWN, 0.9999999999968993, 7.467724535297488E-13, 6.477248637770323E-13, 6.475239730466838E-13, 3.1407641885697733E-13, 6.47724728231549E-13, 3.140982462680723E-13, 2.9507572384829216E-13
240, Flight19, LOWRISK1, 0.9999999999854682, 3.3202169141631282E-12, 2.6637159609986744E-12, 2.87870345852283E-12, 1.1298777416383353E-12, 2.8789876311618965E-12, 1.129894376564509E-12, 1.042452379988123E-12
240, Flight19, LOWRISK2, 0.7687103234340513, 0.08160708881406507, 8.532492556657593E-11, 0.07196227257671142, 1.4220996178528649E-11, 0.07772031504972758, 1.4221002275428176E-11, 1.2189433249861544E-11
240, Flight19, LOWRISK3, 0.9999999994466388, 1.3809904496800117E-10, 9.052242483558431E-11, 1.1975010242206818E-10, 2.9674410214863246E-11, 1.1955325152529382E-10, 2.966516306652873E-11, 2.6608615580694782E-11
240, Flight19, LOWRISK4, 0.9999999998755758, 2.5739797180933244E-11, 2.2366279595937552E-11, 2.2365698544591453E-11, 1.0918260642278904E-11, 2.2366285670796748E-11, 1.0918327299115041E-11, 1.0261726781233269E-11
240, Flight20, SELECTEE, 1.6581329685057828E-12, 7.593110358217998E-12, 6.795357199001264E-12, 5.16037312130146E-11, 0.9999999998044733, 1.3547794267934865E-11, 2.0241719551675883E-11, 9.45986168965277E-11
240, Flight20, UNKNOWN, 0.8433732206902216, 0.07630767953507009, 4.922669542732205E-12, 0.017994460930325976, 8.204452481364314E-13, 0.06232463883762742, 8.204455894950124E-13, 7.032388602554013E-13
240, Flight20, LOWRISK1, 0.5320870597493333, 0.21121646217884446, 1.2798941681491034E-11, 0.06538987297300311, 2.1331577611818696E-12, 0.1913066050804373, 2.133158630647164E-12, 1.828421122054651E-12
240, Flight20, LOWRISK2, 0.38097115701659345, 0.23792625336389517, 2.559786490347192E-11, 0.15271997918012187, 4.2663150951997545E-12, 0.22838261040211427, 4.26631673675698E-12, 3.656841930192645E-12
240, Flight20, LOWRISK3, 0.5365651783589901, 0.17091339162415894, 8.532567264490822E-11, 0.13686519318653925, 1.4221029717160247E-11, 0.15565623670486634, 1.4221035329665398E-11, 1.2189457956192608E-11
240, Flight20, LOWRISK4, 0.9999999999054294, 2.1561450834844526E-11, 1.6662985206728922E-11, 1.8678204737612498E-11, 6.681187836064069E-12, 1.869425972394456E-11, 6.68197060374949E-12, 6.122248712613385E-12
240, Flight21, SELECTEE, 2.370159311970479E-12, 2.1330942275255548E-11, 1.599832996551264E-11, 0.05231189802630414, 0.918378387075846, 0.010188102011960515, 0.019121612782706444, 6.399538192174557E-11
240, Flight21, UNKNOWN, 0.9999999998803105, 4.0389878066086835E-11, 6.939334908485998E-12, 3.4473230203008497E-11, 1.329011401559606E-12, 3.459354483281052E-11, 1.329033750815622E-12, 1.147326548344744E-12
240, Flight21, LOWRISK1, 0.6497140459911521, 0.15257358599111753, 1.5998664888403094E-11, 0.06593466133193127, 2.666446681648806E-12, 0.13177770666269406, 2.6664477797115365E-12, 2.2855260205169565E-12
240, Flight21, LOWRISK2, 0.4764988621632838, 0.21151024036242344, 2.4378910491857016E-11, 0.12905180481726578, 4.063156736690729E-12, 0.18293909262155092, 4.063158359748864E-12, 3.4827062348522628E-12
240, Flight21, LOWRISK3, 0.6528209285613976, 0.12461163897357491, 5.119338908072829E-10, 0.11282415235675249, 8.532526994928949E-11, 0.1097432793530664, 8.532531134139311E-11, 7.313607270567195E-11
240, Flight21, LOWRISK4, 0.999999999925529, 1.5449436738606755E-11, 1.3423963484278172E-11, 1.3423667624973894E-11, 6.5519656279256254E-12, 1.3423967970358536E-11, 6.552000660306554E-12, 6.157927108765364E-12
240, Flight22, SELECTEE, 1.8961314559768825E-11, 1.7064752415160739E-10, 1.2798660655915867E-10, 0.31378395544334386, 0.49327045859316787, 0.08621604412448955, 0.10672954100996218, 5.119530501818425E-10
240, Flight22, UNKNOWN, 0.999999999997209, 6.828669701796308E-13, 5.921940576979206E-13, 5.920059984475034E-13, 2.869638303054939E-13, 5.921939929979807E-13, 2.869842243605205E-13, 2.695926855526883E-13
240, Flight22, LOWRISK1, 0.999999999986585, 2.8719528117657057E-12, 2.4942058180496146E-12, 2.494018010133425E-12, 1.21529817020368E-12, 2.494204496278073E-12, 1.215319448412978E-12, 1.1420999714384183E-12
240, Flight22, LOWRISK2, 0.9999999999111912, 1.890580964839716E-11, 1.5963019592936967E-11, 1.6395297313487867E-11, 7.373233986787787E-12, 1.6429000937847575E-11, 7.376501693891285E-12, 6.878123354380909E-12
240, Flight22, LOWRISK3, 0.999999999625806, 7.719256186835147E-11, 6.707829525206308E-11, 6.707659334747166E-11, 3.2749513761249154E-11, 6.707851157936776E-11, 3.2749767953411784E-11, 3.078050345962152E-11
240, Flight22, LOWRISK4, 0.9999999998131335, 3.8602856052413526E-11, 3.354420682690964E-11, 3.354327849004104E-11, 1.6376104732519368E-11, 3.35442480462265E-11, 1.63762136166344E-11, 1.5391452850529827E-11
240, Flight23, SELECTEE, 2.1828254087887808E-12, 8.344611514557941E-12, 7.728176788760649E-12, 4.409954989513457E-11, 0.9999999997387121, 1.275373041105529E-11, 1.9228950862416008E-11, 1.6746218632738035E-10
240, Flight23, UNKNOWN, 0.8442563077580357, 0.06835989592110744, 8.392740876557165E-12, 0.026711477874557837, 1.3987916007242674E-12, 0.06067231843442158, 1.398792183238022E-12, 1.1989643954831422E-12
240, Flight23, LOWRISK1, 0.5326433626508745, 0.20620973606212992, 1.5513864893647988E-11, 0.07786522237746642, 2.5856456345688495E-12, 0.18328167888713948, 2.585646684776634E-12, 2.2162679263962577E-12
240, Flight23, LOWRISK2, 0.380981543908425, 0.2378327713326781, 3.011512542703771E-11, 0.16206963066104246, 5.019193927359761E-12, 0.2191160540539108, 5.019195837919908E-12, 4.302166754552148E-12
240, Flight23, LOWRISK3, 0.5374878325501815, 0.16260950345650127, 5.119370550708897E-10, 0.15351818890654914, 8.532551917083809E-11, 0.1463844743315557, 8.532555027013985E-11, 7.313625949473452E-11
240, Flight23, LOWRISK4, 0.9999999998903315, 2.41343278802666E-11, 1.9543742415750462E-11, 2.0955296864645984E-11, 8.415368880523941E-12, 2.094071481758773E-11, 8.414081837577556E-12, 7.7768540129695E-12
240, Flight24, SELECTEE, 2.7087757022519496E-12, 2.4378933978233863E-11, 1.828420596235278E-11, 0.4336609056531677, 0.27016689025380614, 0.19133909448829278, 0.10483310948673712, 7.313628588689902E-11
240, Flight24, UNKNOWN, 0.999999999996257, 8.790897287483401E-13, 7.626710776800852E-13, 7.624609526462321E-13, 3.701594695162572E-13, 7.6267105795549E-13, 3.7018248078209266E-13, 3.477858162776554E-13
240, Flight24, LOWRISK1, 0.9999999999917519, 1.8073615162559355E-12, 1.5692312307669498E-12, 1.5689538205794734E-12, 7.638427054123243E-13, 1.5692310308690877E-12, 7.638736847284894E-13, 7.177967423676102E-13
240, Flight24, LOWRISK2, 0.9999999999664001, 7.03007777323495E-12, 6.107549763763869E-12, 6.107407798758564E-12, 2.9795390370048652E-12, 6.107548222542646E-12, 2.9795555229652768E-12, 2.8002707699911384E-12
240, Flight24, LOWRISK3, 0.9999999999067972, 1.930819470701182E-11, 1.6777269608733428E-11, 1.6776605560812888E-11, 8.1892916522313E-12, 1.677725089682561E-11, 8.1893649067764E-12, 7.696824861951935E-12
240, Flight24, LOWRISK4, 0.9999999998755764, 2.5739701987623894E-11, 2.236621838523797E-11, 2.236524280663151E-11, 1.0918189256490185E-11, 2.236622921632962E-11, 1.0918299893941846E-11, 1.0261667150708543E-11
240, Flight25, SELECTEE, 3.789995843157391E-11, 3.1340793391942425E-10, 1.4149196448898261E-10, 0.595997447316748, 5.85415039559751E-11, 0.40400255202622637, 5.86025239028751E-11, 4.759359660087139E-11
240, Flight25, UNKNOWN, 0.9999999999971211, 7.010789334246148E-13, 6.079800997747907E-13, 6.078013333098896E-13, 2.9462288902743304E-13, 6.079800631000624E-13, 2.9464234693900697E-13, 2.7678899777710483E-13
240, Flight25, LOWRISK1, 0.9999999999903377, 2.0987599137856077E-12, 1.822401284068059E-12, 1.8221457511928137E-12, 8.873921246085124E-13, 1.822400969803172E-12, 8.874208423104009E-13, 8.339147776553793E-13
240, Flight25, LOWRISK2, 0.99999999997164, 5.9506396742913675E-12, 5.169523281074794E-12, 5.169382064406724E-12, 2.5215268839646013E-12, 5.169522588652708E-12, 2.5215433211298445E-12, 2.369794414518155E-12
240, Flight25, LOWRISK3, 0.9999999998755766, 2.5739683494490723E-11, 2.236622045758614E-11, 2.2365140647142166E-11, 1.091818507022045E-11, 2.2366217053432026E-11, 1.0918305468484485E-11, 1.026166510376515E-11
240, Flight25, LOWRISK4, 0.9999999999588313, 8.589229092740455E-12, 7.462448173163617E-12, 7.462297598387963E-12, 3.641103168823341E-12, 7.462447922335664E-12, 3.641120863192782E-12, 3.422062013801465E-12
240, Flight26, SELECTEE, 0.6522215937414597, 0.1300056579779718, 1.7064987743016897E-10, 0.07729120199693645, 2.8441998574851836E-11, 0.14048154603225338, 2.84420108526763E-11, 2.4378871148829032E-11
240, Flight26, UNKNOWN, 0.9999999999979421, 5.312920704272439E-13, 4.608358670584804E-13, 4.605918726601754E-13, 2.232397290360885E-13, 4.608359345583297E-13, 2.2326537390067426E-13, 2.0971723523303084E-13
240, Flight26, LOWRISK1, 0.9999999999866054, 2.8709004429868357E-12, 2.4934297286162596E-12, 2.4931421621494613E-12, 1.215109280875549E-12, 2.4934293354958515E-12, 1.215141855657917E-12, 1.1419345402054363E-12
240, Flight26, LOWRISK2, 0.9999999999848724, 3.2283719211594265E-12, 2.804042560657234E-12, 2.8037891187471103E-12, 1.3667443249979843E-12, 2.8040420626818588E-12, 1.3667731749806926E-12, 1.284451224162864E-12
240, Flight26, LOWRISK3, 0.9999999999588574, 8.588118553233689E-12, 7.461627856519127E-12, 7.46123495916097E-12, 3.64088132820572E-12, 7.461626765292435E-12, 3.640926615227773E-12, 3.4218685496584085E-12
240, Flight26, LOWRISK4, 0.9999999998131669, 3.8603044474882044E-11, 3.354408617655866E-11, 3.3535275350207205E-11, 1.6374694037858402E-11, 3.354455066282588E-11, 1.6375634944315283E-11, 1.53902634251362E-11
240, Flight27, SELECTEE, 3.4993833323024055E-11, 2.632324531269296E-10, 8.737611476271974E-11, 0.5791964890397815, 2.525581017838281E-11, 0.42080351050351966, 2.5264685843977156E-11, 2.1087960000030942E-11
240, Flight27, UNKNOWN, 0.9999999999966427, 7.996592159380945E-13, 6.936164340987173E-13, 6.934315013272064E-13, 3.3640388619947314E-13, 6.936163926244312E-13, 3.364241306719675E-13, 3.160571440291446E-13
240, Flight27, LOWRISK1, 0.9999999999883766, 2.5028068340747575E-12, 2.1734665648029266E-12, 2.1732364750802564E-12, 1.0587461645989095E-12, 2.173466084501603E-12, 1.0587721967376443E-12, 9.949635352061632E-13
240, Flight27, LOWRISK2, 0.99999999997164, 5.9506396742913675E-12, 5.169523281074794E-12, 5.169382064406724E-12, 2.5215268839646013E-12, 5.169522588652708E-12, 2.5215433211298445E-12, 2.369794414518155E-12
240, Flight27, LOWRISK3, 0.9999999999380172, 1.2876817609766594E-11, 1.1188369719169683E-11, 1.1188105060989846E-11, 5.460385816600348E-12, 1.118836717335623E-11, 5.460416383221517E-12, 5.131972477015279E-12
240, Flight27, LOWRISK4, 0.9999999999255292, 1.5449386567787283E-11, 1.3423932282210829E-11, 1.342358021030445E-11, 6.551952460194721E-12, 1.3423932457119115E-11, 6.5519932676777905E-12, 6.157916143819164E-12
240, Flight28, SELECTEE, 1.8960792626641042E-11, 1.705979087631894E-10, 1.2797068229939062E-10, 0.052272432058384444, 0.9187475495323376, 0.010227567440777095, 0.01875245013951329, 5.119699364313519E-10
240, Flight28, UNKNOWN, 0.9999999998805785, 4.241672880700687E-11, 3.3011938875389952E-12, 3.630098611419377E-11, 5.843428897510142E-13, 3.624349949826928E-11, 5.843408723965226E-13, 5.023501282868576E-13
240, Flight28, LOWRISK1, 0.6500581993541917, 0.14947620571906942, 2.0478279647893213E-11, 0.0734449932224312, 3.4130513167123997E-12, 0.12702060167458973, 3.4130527198761895E-12, 2.9254729859605314E-12
240, Flight28, LOWRISK2, 0.4794619026077093, 0.18484287629874782, 8.532571495282666E-11, 0.1641350060301008, 1.4221031944540758E-11, 0.17156021493799684, 1.4221037276532622E-11, 1.2189459589041385E-11
240, Flight28, LOWRISK3, 0.6524013214284643, 0.1283881035722153, 1.279874825433973E-10, 0.10603402541795741, 2.1331502435090575E-11, 0.11317654939294025, 2.1331511440895757E-11, 1.8284155930139875E-11
240, Flight28, LOWRISK4, 0.999999999925529, 1.5449436738606755E-11, 1.3423963484278172E-11, 1.3423667624973894E-11, 6.5519656279256254E-12, 1.3423967970358536E-11, 6.552000660306554E-12, 6.157927108765364E-12
240, Flight29, SELECTEE, 2.70876884050637E-12, 2.4378763583340748E-11, 1.8284109765388745E-11, 0.20363549535990325, 0.6733000344709469, 0.046364504705563796, 0.07669996534558958, 7.313687102587447E-11
240, Flight29, UNKNOWN, 0.9999999999978884, 5.424706687911436E-13, 4.704775582638077E-13, 4.702468075800286E-13, 2.278646872174551E-13, 4.704775878108547E-13, 2.2788906084313867E-13, 2.140605783948122E-13
240, Flight29, LOWRISK1, 0.9999999999858328, 3.2552678882828244E-12, 2.5951597485139303E-12, 2.822004662298079E-12, 1.0900328718880116E-12, 2.8223134539828253E-12, 1.0900497490307934E-12, 1.004484888871202E-12
240, Flight29, LOWRISK2, 0.7690360119759528, 0.07867589196675405, 5.688364158173169E-11, 0.06973663823359481, 9.480678803075404E-12, 0.08255145774023928, 9.480682820458567E-12, 8.126299652214243E-12
240, Flight29, LOWRISK3, 0.9999999993635749, 1.433895769972712E-10, 1.1191905217548575E-10, 1.2430541555868226E-10, 4.5579482181519594E-11, 1.2431488340237835E-10, 4.5582201322397977E-11, 4.18462595903686E-11
240, Flight29, LOWRISK4, 0.9999999996258065, 7.719285556940708E-11, 6.707821732504308E-11, 6.707647892732296E-11, 3.274935149826268E-11, 6.707868910656302E-11, 3.274960616110475E-11, 3.078034702224672E-11
240, Flight30, SELECTEE, 9.480473108060109E-12, 8.531674974874083E-11, 6.39897926834665E-11, 0.05203293571246737, 0.9192692410593851, 0.010467064094725868, 0.018230758719160335, 2.5598625558591646E-10
240, Flight30, UNKNOWN, 0.9999999998804635, 4.152179648094525E-11, 4.952323128459367E-12, 3.5453833004476954E-11, 9.067335293866861E-13, 3.55262845669621E-11, 9.067366913851322E-13, 7.808784663706471E-13
240, Flight30, LOWRISK1, 0.6499032989867636, 0.15087030902822215, 1.828418327969258E-11, 0.07020018838081617, 3.0473674390396803E-12, 0.1290262035777192, 3.0473686928606815E-12, 2.6120295928524393E-12
240, Flight30, LOWRISK2, 0.476658107182661, 0.21007703518675352, 2.5597853331152306E-11, 0.1313239296100062, 4.266314479961682E-12, 0.18194092798330386, 4.266316181631576E-12, 3.656841477830145E-12
240, Flight30, LOWRISK3, 0.6524431948575107, 0.1280112426661065, 1.706490807175712E-10, 0.10788002735359298, 2.844196904025277E-11, 0.11166553487138986, 2.8441981153776592E-11, 2.4378849384169458E-11
240, Flight30, LOWRISK4, 0.9999999998755761, 2.57398538560394E-11, 2.2366267783670854E-11, 2.2365510455117283E-11, 1.0918198358803509E-11, 2.236632805997617E-11, 1.091829157049756E-11, 1.0261670890621418E-11