TimeWindow, Flight, RiskCategory, O169, O170, O171, O172, O173, O174, O175, O176
240, Flight1, SELECTEE, 4.459709221753837E-12, 3.028509643712985E-11, 3.0590475585774734E-11, 0.4738017936869268, 0.22537085570677914, 0.1511982061918168, 0.10322023973134492, 0.04640890461809162
240, Flight1, UNKNOWN, 0.41666666666188945, 1.8496764947372586E-11, 1.936912344962106E-11, 0.291585433747744, 2.7800058852766092E-12, 0.2917478995444295, 2.7814451921324054E-12, 2.8048419268494485E-12
240, Flight1, LOWRISK1, 0.2500000006560995, 3.157263027508257E-11, 3.3024426659277335E-11, 0.4174470232461602, 4.748270615506476E-12, 0.3325529760191535, 4.7478965850125266E-12, 4.788669847389553E-12
240, Flight1, LOWRISK2, 0.16666666664386112, 7.930259342190597E-11, 8.289642744577216E-11, 0.48561368025353385, 1.195075359085664E-11, 0.3477196529047674, 1.193957169772828E-11, 1.2043023142838356E-11
240, Flight1, LOWRISK3, 0.166666666165514, 1.1720969701606412E-9, 1.234036616345788E-9, 0.4484840931663917, 1.7175043456352393E-10, 0.384849237746717, 1.705724442372508E-10, 1.7321583785789796E-10
240, Flight1, LOWRISK4, 0.9999999998882703, 2.072411563501124E-11, 2.08714342275045E-11, 2.0858019550646673E-11, 9.551082939310615E-12, 2.0878394596127503E-11, 9.557376467481729E-12, 9.583969449356734E-12
240, Flight2, SELECTEE, 0.1666666666134882, 2.325235453770561E-10, 2.465558578638824E-10, 0.4422639737104312, 3.5482894003209926E-11, 0.39106935909064966, 3.543098994502494E-11, 3.5732581896157006E-11
240, Flight2, UNKNOWN, 0.9999999999840609, 3.0028727569169207E-12, 3.0276728854933586E-12, 3.025999134661623E-12, 1.3809163006093462E-12, 3.028350350729673E-12, 1.3817802888395321E-12, 1.3864827212751374E-12
240, Flight2, LOWRISK1, 0.8333333346516177, 3.5422264085226493E-11, 3.69615476156352E-11, 0.08342620137207483, 5.370798266071724E-12, 0.08324046388806502, 5.371839826847667E-12, 5.410581297384618E-12
240, Flight2, LOWRISK2, 0.6666666666471528, 4.910930845928076E-11, 5.0833259549895856E-11, 0.15858397558357074, 7.452699682671056E-12, 0.1747493576472142, 7.451842996768774E-12, 7.51009408505743E-12
240, Flight2, LOWRISK3, 0.6666666659225189, 1.347901950131641E-9, 1.4252241578457416E-9, 0.16783338020053168, 1.744878429514085E-10, 0.16549995058009767, 1.738881618194126E-10, 1.7564454132314137E-10
240, Flight2, LOWRISK4, 0.9999999999006765, 1.8428348924665105E-11, 1.856116822129099E-11, 1.8547003927663265E-11, 8.493824003203438E-12, 1.8565417615419278E-11, 8.499435837140567E-12, 8.523058060612064E-12
240, Flight3, SELECTEE, 0.16666666662959767, 1.6789232302358897E-10, 1.77011240709453E-10, 0.44328125967393955, 2.5432080681246053E-11, 0.3900520732754019, 2.5403591859626148E-11, 2.5616306299803788E-11
240, Flight3, UNKNOWN, 0.9999999999941552, 1.135020883546898E-12, 1.1465374673370104E-12, 1.1467403593275643E-12, 5.206432836079459E-13, 1.147221814800904E-12, 5.206060058174215E-13, 5.227636079452546E-13
240, Flight3, LOWRISK1, 0.8333333346547659, 2.4026112498622807E-11, 2.5050694121242993E-11, 0.08275387062224211, 3.62894090579461E-12, 0.08391279466329545, 3.629885079893647E-12, 3.655874947688313E-12
240, Flight3, LOWRISK2, 0.6666666666451138, 5.601964054353821E-11, 5.801222117834096E-11, 0.17130549294819278, 8.438881669010644E-12, 0.16202784026758085, 8.439640467924341E-12, 8.497043385436754E-12
240, Flight3, LOWRISK3, 0.6666666659225189, 1.347901950131641E-9, 1.4252241578457416E-9, 0.16783338020053168, 1.744878429514085E-10, 0.16549995058009767, 1.738881618194126E-10, 1.7564454132314137E-10
240, Flight3, LOWRISK4, 0.9999999997782393, 4.108371427208537E-11, 4.135107378176343E-11, 4.132784296324481E-11, 1.8952626326581307E-11, 4.1357929070657807E-11, 1.8970342883408406E-11, 1.9012549255632616E-11
240, Flight4, SELECTEE, 1.4569309349104395E-13, 3.5351124618166623E-13, 3.5358174797193933E-13, 1.011240415945921E-12, 0.8756763044549837, 4.3170886746500156E-13, 7.375227768201142E-13, 0.12432369554218765
240, Flight4, UNKNOWN, 7.366612743423721E-13, 4.016999811395716E-12, 4.112150843651179E-12, 0.6455076305403877, 2.9976857776387666E-12, 0.3544923694421106, 2.994092292418659E-12, 3.046204989030907E-12
240, Flight4, LOWRISK1, 9.653248883287447E-13, 6.604935801956167E-12, 6.684680178834688E-12, 0.5251312553009077, 0.21425642615660428, 0.1415354126653527, 0.10543166110329276, 0.01364524475988256
240, Flight4, LOWRISK2, 3.658238349189756E-12, 2.4761746357252095E-11, 2.50253018164601E-11, 0.4106179343228057, 0.35977791753151345, 0.0893820655635532, 0.09010817314085429, 0.05011390938812286
240, Flight4, LOWRISK3, 3.7147931914513744E-11, 2.5727522701772434E-10, 2.599756061353478E-10, 0.40094029637096873, 0.2443512558259716, 0.09905970209482004, 0.07411142145073696, 0.18153732370339876
240, Flight4, LOWRISK4, 0.555555555370204, 1.4615375563205448E-10, 1.520045461526109E-10, 0.23070454788738234, 2.2481284274329462E-11, 0.21373989637695032, 2.2442693846591216E-11, 2.267577072418577E-11
240, Flight5, SELECTEE, 6.639683727799185E-12, 4.520213899568311E-11, 4.565595339931429E-11, 0.4719061396229347, 0.21411142555312945, 0.15309386019113003, 0.0999148744243491, 0.060973700111253804
240, Flight5, UNKNOWN, 0.4166666666640689, 9.570184322207914E-12, 1.0073147359087513E-11, 0.2848635888339735, 1.4403226227869336E-12, 0.29846974447827535, 1.4402629147732394E-12, 1.4531671742315207E-12
240, Flight5, LOWRISK1, 0.2500000006576, 2.5569956793881034E-11, 2.6777571773001843E-11, 0.41788462741008475, 3.840257566898123E-12, 0.3321153718687087, 3.840559289831653E-12, 3.873063026090649E-12
240, Flight5, LOWRISK2, 0.16666666664087382, 9.1337391587905E-11, 9.553769946718309E-11, 0.4859960265878852, 1.376977745533308E-11, 0.34733730654326067, 1.3756119098584896E-11, 1.3874297927301868E-11
240, Flight5, LOWRISK3, 0.16666666641718786, 1.4841747524702747E-10, 1.601845757719738E-10, 0.44491908630287025, 2.2527124733318683E-11, 0.3884142469039365, 2.2463142914189887E-11, 2.2707672840314113E-11
240, Flight5, LOWRISK4, 0.9999999997779572, 4.113813023487819E-11, 4.1405169237041366E-11, 4.139187271235956E-11, 1.8968509725774356E-11, 4.142075931504532E-11, 1.8984538795970385E-11, 1.9028665324502165E-11
240, Flight6, SELECTEE, 1.6741839778219624E-11, 9.148176801972835E-11, 9.315728773948212E-11, 0.6343346924340538, 6.717405313862886E-11, 0.365665307162965, 6.663591152147048E-11, 6.80851538206561E-11
240, Flight6, UNKNOWN, 0.6666666666636064, 1.1122834316305923E-11, 1.1661370517195235E-11, 0.16054042241032213, 1.6730873338613169E-12, 0.17279291089854865, 1.6731076304048118E-12, 1.6873915699273783E-12
240, Flight6, LOWRISK1, 0.4444444453217993, 3.1473338514838903E-11, 3.284467741890916E-11, 0.2905158152560381, 4.73589308269617E-12, 0.26503973934389274, 4.736271512983996E-12, 4.7747797714147874E-12
240, Flight6, LOWRISK2, 0.33333333331472137, 5.665123048152005E-11, 5.892964590154901E-11, 0.3615277104740265, 8.56424373775032E-12, 0.3051389560702076, 8.560729392487963E-12, 8.633508020892305E-12
240, Flight6, LOWRISK3, 0.3333333329122936, 5.608752012864866E-10, 5.958674300623073E-10, 0.34067331926342653, 8.691307940062077E-11, 0.32599334640666705, 8.668792942487315E-11, 8.75642701036488E-11
240, Flight6, LOWRISK4, 0.9999999998725152, 2.363880540674964E-11, 2.380449136980086E-11, 2.3785635351687806E-11, 1.0898400163496377E-11, 2.3810466109269988E-11, 1.0906233613671226E-11, 1.0935391857244448E-11
240, Flight7, SELECTEE, 5.586708157196566E-12, 3.8086004027591386E-11, 3.848741421041446E-11, 0.20433903290091054, 0.604063792799696, 0.04566096694094269, 0.05641141460402952, 0.08952479267255585
240, Flight7, UNKNOWN, 0.166666666663475, 1.2564717363996346E-11, 1.320100326928524E-11, 0.46942723960265126, 1.8896423068734142E-12, 0.36390609370271715, 1.8896378768357093E-12, 1.906564033541845E-12
240, Flight7, LOWRISK1, 0.055555555991377105, 2.7871394879858773E-11, 2.914578562936525E-11, 0.604669833871612, 4.216650556086004E-12, 0.33977461006760556, 4.2123612730240654E-12, 4.253866073786478E-12
240, Flight7, LOWRISK2, 4.4145299425476E-12, 2.0672474238123082E-11, 2.0884047510381763E-11, 0.6939333002773005, 2.012261567198357E-11, 0.3060666996163851, 2.0095842842992252E-11, 2.041961874407188E-11
240, Flight7, LOWRISK3, 5.264093114677941E-12, 3.357995661490059E-11, 3.321450394724572E-11, 0.7051228367418544, 2.307228084692077E-10, 0.2948771624847286, 2.2377670054246007E-10, 2.4715358422565505E-10
240, Flight7, LOWRISK4, 0.9999999997543965, 4.532071386265515E-11, 4.5907348206150476E-11, 5.339583580295481E-11, 1.5930850627607912E-11, 5.340064397106133E-11, 1.593473226516141E-11, 1.6007868526438394E-11
240, Flight8, SELECTEE, 1.8589016012781053E-11, 1.374740293686114E-10, 1.3944627507354281E-10, 0.11520152391417182, 0.5797175131433429, 0.02765561836563801, 0.03138692141596104, 0.24603842286567176
240, Flight8, UNKNOWN, 0.09523809523573294, 9.283936517206609E-12, 9.759291066659317E-12, 0.5440034724613954, 1.3984860924626254E-12, 0.3607584322799158, 1.3980123184367212E-12, 1.4110395640185925E-12
240, Flight8, LOWRISK1, 3.7299906305357617E-10, 2.5829154994179185E-11, 2.7572830936346194E-11, 0.6720109929027657, 3.976511036576222E-12, 0.32798900665917335, 3.967462283438471E-12, 4.010738441761928E-12
240, Flight8, LOWRISK2, 1.9012694792039016E-12, 1.211911316953026E-11, 1.227409533123176E-11, 0.6017129808689929, 0.12927589118172952, 0.1840013047840303, 0.07357706350281223, 0.011432759636435346
240, Flight8, LOWRISK3, 5.852854441700836E-12, 4.010079933318336E-11, 4.0808922555583417E-11, 0.6111478248583047, 0.09819956457272797, 0.1745664601442548, 0.06539957339601839, 0.05068657694222636
240, Flight8, LOWRISK4, 0.8095238092948563, 1.6522279962000283E-10, 1.72314547249797E-10, 0.07206973361404082, 2.528875800457665E-11, 0.11840645667778278, 2.527963636084085E-11, 2.5509168446179367E-11
240, Flight9, SELECTEE, 7.778371417655225E-12, 5.3098115697389066E-11, 5.368701251600475E-11, 0.20346740004211045, 0.5796142766493807, 0.046532599734602956, 0.05561946735768567, 0.11476625610195153
240, Flight9, UNKNOWN, 0.16666666666138083, 2.11085006199884E-11, 2.2119969934306116E-11, 0.46667768921610103, 3.1773019408507193E-12, 0.36665564407002443, 3.17693024359611E-12, 3.205826288833334E-12
240, Flight9, LOWRISK1, 0.05555555599207634, 2.4989068872119943E-11, 2.6142732249540674E-11, 0.6040806796033243, 3.778790473844996E-12, 0.34036376434239596, 3.775446511464525E-12, 3.8123217791561596E-12
240, Flight9, LOWRISK2, 1.0096450417153818E-11, 5.418131717393836E-11, 5.5050415124283874E-11, 0.6955305626456301, 4.60947043524812E-11, 0.304469437096655, 4.5921215727785063E-11, 4.666595547997266E-11
240, Flight9, LOWRISK3, 6.02682847053695E-12, 3.807653294791545E-11, 3.802700117494643E-11, 0.7050517162400821, 2.2762649430445975E-10, 0.2949482829650005, 2.1901530441352272E-10, 2.664400541594652E-10
240, Flight9, LOWRISK4, 0.9999999989782489, 1.8934648495218372E-10, 1.9103341357690627E-10, 1.9699597292375045E-10, 8.274468371503681E-11, 1.962611658303485E-10, 8.26303201796198E-11, 8.303368043746609E-11
240, Flight10, SELECTEE, 1.0792196187934553E-11, 5.819477270720442E-11, 5.92268642358469E-11, 0.6340137994483437, 4.134089448223714E-11, 0.36598620029940926, 4.109485851705642E-11, 4.189246991386449E-11
240, Flight10, UNKNOWN, 0.666666666662203, 1.6633423463469724E-11, 1.7367659015068213E-11, 0.1624718238533296, 2.5062723323613405E-12, 0.17086150944321998, 2.507149062287992E-12, 2.527900014050937E-12
240, Flight10, LOWRISK1, 0.4444444453231025, 2.6043338990307957E-11, 2.7200270224848536E-11, 0.2892461427165735, 3.93453936244912E-12, 0.26630941189553764, 3.934166524480518E-12, 3.968949651594722E-12
240, Flight10, LOWRISK2, 0.3333333333140558, 5.945228916070886E-11, 6.183762869668627E-11, 0.3605117155428408, 9.011997949336835E-12, 0.3061549509950042, 9.005384151945006E-12, 9.086777234111486E-12
240, Flight10, LOWRISK3, 0.3333333327668017, 1.1353344182217313E-9, 1.189858032280351E-9, 0.34131366609085645, 1.6938376862848544E-10, 0.32535299830823466, 1.6901100592330197E-10, 1.7081471420994234E-10
240, Flight10, LOWRISK4, 0.9999999995583607, 8.181528225448369E-11, 8.234270411425465E-11, 8.240117828100747E-11, 3.7619914951891225E-11, 8.23874357277979E-11, 3.763681898815349E-11, 3.773073451949138E-11
240, Flight11, SELECTEE, 1.462331166051233E-13, 3.522511871618335E-13, 3.5227672844475743E-13, 9.913384912692161E-13, 0.7596486806540634, 4.2806822036062793E-13, 7.382279621051546E-13, 0.2403513193431318
240, Flight11, UNKNOWN, 1.2218380938543008E-12, 6.800457131603664E-12, 6.946611410176892E-12, 0.6512189695558446, 5.534859150448999E-12, 0.3487810304127148, 5.531589551504235E-12, 5.621844608370611E-12
240, Flight11, LOWRISK1, 8.241196426420021E-13, 5.656349891274162E-12, 5.724089606275317E-12, 0.5276559895313544, 0.21488896271668168, 0.13901067843901957, 0.10693394206932588, 0.011510427231708763
240, Flight11, LOWRISK2, 1.8345969826371E-12, 1.2490967377282433E-11, 1.2632621323049743E-11, 0.4127872889539806, 0.38408660079713663, 0.08721271098585551, 0.09098448785456081, 0.02492891138180311
240, Flight11, LOWRISK3, 5.788496784755036E-12, 3.849267732113501E-11, 3.887507527057159E-11, 0.4139565405961379, 0.34144766605713217, 0.08604345881554451, 0.09018274209303123, 0.0683695923552928
240, Flight11, LOWRISK4, 0.5555555553523317, 2.3177968943164212E-10, 2.4356787120871766E-10, 0.2387133978497671, 3.514019386314876E-11, 0.20573104621721855, 3.510981288375643E-11, 3.5380202174876074E-11
240, Flight12, SELECTEE, 6.553329060190679E-12, 4.4710375819137396E-11, 4.516993306528573E-11, 0.31995182566016966, 0.43245302648567574, 0.08004817415433257, 0.08564908610427374, 0.08189788749940942
240, Flight12, UNKNOWN, 0.26666666666229727, 1.7200614649344382E-11, 1.803358829939504E-11, 0.38760598399151375, 2.5887457444326587E-12, 0.34572734930346005, 2.588788097233785E-12, 2.611992612993186E-12
240, Flight12, LOWRISK1, 0.13333333385361537, 4.4309374758410484E-11, 4.630018856486994E-11, 0.5225211965432225, 6.685229597324001E-12, 0.34414546949274333, 6.677609254122435E-12, 6.7413101252075676E-12
240, Flight12, LOWRISK2, 0.06666666664474884, 7.904139985791383E-11, 8.265751423395444E-11, 0.6144538888209694, 1.2004732464840626E-11, 0.3188794443367994, 1.1974326123748247E-11, 1.2099246317491755E-11
240, Flight12, LOWRISK3, 0.06666666635482933, 5.903020977394289E-10, 6.174289371921001E-10, 0.6013898580242596, 8.982274595836102E-11, 0.3319434741447372, 8.839459315929035E-11, 9.052040113813903E-11
240, Flight12, LOWRISK4, 0.999999999872192, 2.3699093321125007E-11, 2.386055828135976E-11, 2.385787180138398E-11, 1.0922075698321255E-11, 2.3877737738532618E-11, 1.0927351759403229E-11, 1.095835500910318E-11
240, Flight13, SELECTEE, 4.245808037816736E-12, 2.9562206175903466E-11, 2.9926328621994513E-11, 0.050741549760383496, 0.8303312036244324, 0.01175845011743925, 0.014657723716156767, 0.09251107271814868
240, Flight13, UNKNOWN, 0.041666666661557376, 2.0678459814604458E-11, 2.163842579626786E-11, 0.6015483931158974, 3.1337824079891347E-12, 0.3567849401710946, 3.1323109490353844E-12, 3.162340691775489E-12
240, Flight13, LOWRISK1, 8.424148066727773E-13, 5.694966040986533E-12, 5.7673387514808335E-12, 0.6045228735177629, 0.10383993476467636, 0.20797712795168896, 0.07499947250336784, 0.008660591250494315
240, Flight13, LOWRISK2, 5.0509943013094295E-12, 3.405947780467641E-11, 3.4413904755216157E-11, 0.5000656183595759, 0.22959499721520754, 0.12493438148533327, 0.09167692577739352, 0.05372807708926044
240, Flight13, LOWRISK3, 7.982351364953075E-12, 5.379355020255009E-11, 5.4301403006734696E-11, 0.5034641519399936, 0.216373682581152, 0.12153584735402351, 0.08825077973042511, 0.07037553827862324
240, Flight13, LOWRISK4, 0.6666666664443559, 2.3154192131131705E-10, 2.4321571530599805E-10, 0.17442147174543132, 3.499105029808604E-11, 0.15891186123055745, 3.496966397655954E-11, 3.5231860660085636E-11
240, Flight14, SELECTEE, 5.00680794167338E-12, 3.4020450882173794E-11, 3.436114341851956E-11, 0.4732870288101373, 0.22246531036816572, 0.15171297105240122, 0.10225238509238174, 0.050282304603820355
240, Flight14, UNKNOWN, 0.41666666666439084, 8.32243044371978E-12, 8.80388082920758E-12, 0.28578740898424765, 1.2498993284721568E-12, 0.2975459243307696, 1.2497435025201674E-12, 1.2607327974949156E-12
240, Flight14, LOWRISK1, 0.25000000065648853, 3.0006905950120885E-11, 3.139553268812549E-11, 0.4174714614130273, 4.511653134672675E-12, 0.33252853785580355, 4.511455597430982E-12, 4.550129217525519E-12
240, Flight14, LOWRISK2, 0.16666666664507895, 7.441147549525872E-11, 7.778318147262984E-11, 0.4854493598695231, 1.1209216559953204E-11, 0.34788397329979326, 1.1199225974257677E-11, 1.1296257943862435E-11
240, Flight14, LOWRISK3, 0.166666666407394, 1.9462751246997488E-10, 2.0359589591320209E-10, 0.4622689609949415, 2.9592990755930776E-11, 0.37106437211079313, 2.9553013542144996E-11, 2.979648968803168E-11
240, Flight14, LOWRISK4, 0.9999999998219604, 3.299387809320641E-11, 3.3214543843891645E-11, 3.3194875598429766E-11, 1.5214533053118803E-11, 3.322559836311552E-11, 1.5226995533563108E-11, 1.5264273650523687E-11
240, Flight15, SELECTEE, 4.852856900050167E-12, 3.3182825649004795E-11, 3.355898891049759E-11, 0.1159858107640511, 0.7312624880035264, 0.026871331955332606, 0.032757348417579386, 0.09312302078821073
240, Flight15, UNKNOWN, 0.09523809523499359, 1.2301711291074554E-11, 1.2915729857296873E-11, 0.5461433870928839, 1.852179065575943E-12, 0.3586185176416266, 1.8523847730847798E-12, 1.8688726203780845E-12
240, Flight15, LOWRISK1, 3.6856246456197337E-10, 4.275684849438154E-11, 4.6418118848701796E-11, 0.6718922087804693, 6.570116588612751E-12, 0.3281077907423547, 6.5439566439342365E-12, 6.619502230407112E-12
240, Flight15, LOWRISK2, 2.801606214171441E-12, 1.8361264572080426E-11, 1.8559200187261198E-11, 0.5999175769993192, 0.11824110074421396, 0.18579670862675307, 0.07357950976168166, 0.022465103828604737
240, Flight15, LOWRISK3, 1.0185020002737558E-11, 6.756548526794557E-11, 6.816849377192506E-11, 0.6028268773685993, 0.09736323715146053, 0.18288740751105853, 0.06530217031397119, 0.05162030750928602
240, Flight15, LOWRISK4, 0.8095238091999324, 5.399104752477462E-10, 5.606521401385843E-10, 0.05663756912824665, 8.574476712729003E-11, 0.13383862031381713, 8.567666529772004E-11, 8.631481109828439E-11
240, Flight16, SELECTEE, 5.631769643864407E-12, 3.840201011929958E-11, 3.879069331245673E-11, 0.320369787508901, 0.4404429086514615, 0.07963021233296115, 0.08619925913902078, 0.07335783228512588
240, Flight16, UNKNOWN, 0.26666666666183475, 1.9101569446601994E-11, 2.0016919571102718E-11, 0.38802562346135744, 2.8740341347818663E-12, 0.34530770982933645, 2.8741557041486665E-12, 2.899649161180447E-12
240, Flight16, LOWRISK1, 0.13333333385779228, 2.7288790470261493E-11, 2.855417464422367E-11, 0.5241619599502922, 4.110318322385479E-12, 0.3425047061240028, 4.108543701061656E-12, 4.145623467816184E-12
240, Flight16, LOWRISK2, 0.06666666664879241, 6.260288029961661E-11, 6.542409902374477E-11, 0.6143262804306899, 9.490055500057501E-12, 0.31900705276425956, 9.469650850554073E-12, 9.56634847815439E-12
240, Flight16, LOWRISK3, 0.06666666642901999, 2.8460631590762505E-10, 3.0106958193228695E-10, 0.6110014421741645, 4.489448596147713E-11, 0.322331890676778, 4.453938735238833E-11, 4.5222632390489544E-11
240, Flight16, LOWRISK4, 0.9999999997040682, 5.48251169648807E-11, 5.5157845395164435E-11, 5.524393348510928E-11, 2.5228537867551843E-11, 5.5223350812466355E-11, 2.5245278769236796E-11, 2.5302605145576857E-11
240, Flight17, SELECTEE, 4.245808037816736E-12, 2.9562206175903466E-11, 2.9926328621994513E-11, 0.050741549760383496, 0.8303312036244324, 0.01175845011743925, 0.014657723716156767, 0.09251107271814868
240, Flight17, UNKNOWN, 0.04166666666353263, 1.2533912394074943E-11, 1.3143016263653542E-11, 0.6031091312060897, 1.8949954851113832E-12, 0.3552242020992934, 1.8946114490920976E-12, 1.9125938298987698E-12
240, Flight17, LOWRISK1, 1.05682429575532E-12, 7.156563999524657E-12, 7.246748104886035E-12, 0.6011102069709613, 0.10291953618282551, 0.2113897944921442, 0.07384117999911174, 0.010739282339792018
240, Flight17, LOWRISK2, 5.0509943013094295E-12, 3.405947780467641E-11, 3.4413904755216157E-11, 0.5000656183595759, 0.22959499721520754, 0.12493438148533327, 0.09167692577739352, 0.05372807708926044
240, Flight17, LOWRISK3, 5.839334976271295E-12, 3.824737400862542E-11, 3.8556790639409103E-11, 0.5025062692827915, 0.2543908224514927, 0.12249373007749469, 0.08465975349028995, 0.03594942461558246
240, Flight17, LOWRISK4, 0.6666666664285318, 2.8859557204028046E-10, 3.0233504385147157E-10, 0.1743069053340609, 4.35781323416431E-11, 0.15902642751575333, 4.35548017776161E-11, 4.3885083493537876E-11
240, Flight18, SELECTEE, 1.2209481545837154E-11, 6.614134113590139E-11, 6.731440805044106E-11, 0.6344031065452774, 4.7498096322494486E-11, 0.36559689316652827, 4.719187607780194E-11, 4.813400255842205E-11
240, Flight18, UNKNOWN, 0.666666666662203, 1.6633423463469724E-11, 1.7367659015068213E-11, 0.1624718238533296, 2.5062723323613405E-12, 0.17086150944321998, 2.507149062287992E-12, 2.527900014050937E-12
240, Flight18, LOWRISK1, 0.44444444531861493, 4.421173736998276E-11, 4.6198131818958314E-11, 0.28951791817595335, 6.642404576314424E-12, 0.2660376363953364, 6.642590784156615E-12, 6.695003979045708E-12
240, Flight18, LOWRISK2, 0.3333333333161422, 5.0494156601898716E-11, 5.3942584255375557E-11, 0.3579380426452041, 7.457503069444726E-12, 0.30872862391208483, 7.455479862421906E-12, 7.513739978933423E-12
240, Flight18, LOWRISK3, 0.33333333301628004, 1.4721878739164545E-10, 1.5530664102025538E-10, 0.34325139811337735, 2.191890644317521E-11, 0.32341526850223545, 2.190991814014499E-11, 2.2047817023743836E-11
240, Flight18, LOWRISK4, 0.9999999995583607, 8.181528225448369E-11, 8.234270411425465E-11, 8.240117828100747E-11, 3.7619914951891225E-11, 8.23874357277979E-11, 3.763681898815349E-11, 3.773073451949138E-11
240, Flight19, SELECTEE, 7.778371417655225E-12, 5.3098115697389066E-11, 5.368701251600475E-11, 0.20346740004211045, 0.5796142766493807, 0.046532599734602956, 0.05561946735768567, 0.11476625610195153
240, Flight19, UNKNOWN, 0.16666666666373967, 1.1491082073376496E-11, 1.2077564771093406E-11, 0.4710276309482364, 1.727839465365257E-12, 0.3623057023595512, 1.7278330390382858E-12, 1.7432108766136273E-12
240, Flight19, LOWRISK1, 0.05555555599049537, 3.15071911802826E-11, 3.29343894921959E-11, 0.6050204380786992, 4.770102663783882E-12, 0.3394240058523127, 4.764208328105149E-12, 4.811995869220231E-12
240, Flight19, LOWRISK2, 1.3304115101441193E-11, 7.26927358080132E-11, 7.39298696479039E-11, 0.6953807564789963, 6.036373093342604E-11, 0.3046192431798198, 6.004181857090819E-11, 6.114654853671953E-11
240, Flight19, LOWRISK3, 2.6004634117499675E-11, 1.6107723113755188E-10, 1.6382685198754027E-10, 0.6758245545873971, 3.339824571725704E-10, 0.32417544406642995, 3.2123963783637223E-10, 3.4033699596671894E-10
240, Flight19, LOWRISK4, 0.999999999612634, 7.21541394731196E-11, 7.270676335820196E-11, 7.648332996208552E-11, 2.993982327047483E-11, 7.638772255528584E-11, 2.9948681593676946E-11, 3.0040443777791136E-11
240, Flight20, SELECTEE, 1.4569309349104395E-13, 3.5351124618166623E-13, 3.5358174797193933E-13, 1.011240415945921E-12, 0.8756763044549837, 4.3170886746500156E-13, 7.375227768201142E-13, 0.12432369554218765
240, Flight20, UNKNOWN, 8.10182837495291E-13, 4.440373886029276E-12, 4.543346478797364E-12, 0.6465323998696858, 3.3827545643774404E-12, 0.35346760011069456, 3.379492194915196E-12, 3.4374562969238757E-12
240, Flight20, LOWRISK1, 1.0141740420578042E-12, 6.9345056541235305E-12, 7.01804555515204E-12, 0.5242578850370965, 0.21451987470052167, 0.14240878292773287, 0.10466740037586277, 0.01414605694411437
240, Flight20, LOWRISK2, 2.0203239709803884E-12, 1.373481759038907E-11, 1.3890578353605261E-11, 0.4124842207335594, 0.37919054004327246, 0.08751577920087387, 0.09165852844995544, 0.02915093154298802
240, Flight20, LOWRISK3, 6.694247654572656E-12, 4.4740435503864124E-11, 4.517449890528312E-11, 0.41331854300392284, 0.33645775177386816, 0.08668145638083491, 0.08891428884846721, 0.07462795989659242
240, Flight20, LOWRISK4, 0.5555555553664203, 1.66441097139542E-10, 1.726301030688329E-10, 0.23797544296500273, 2.548795739327651E-11, 0.2064690012531664, 2.5456423424477963E-11, 2.568994720218664E-11
240, Flight21, SELECTEE, 4.759551776987066E-12, 3.337203032594468E-11, 3.378883042710862E-11, 0.05070448498294921, 0.821282995583343, 0.011795514878714289, 0.014591597650901605, 0.1016254068324664
240, Flight21, UNKNOWN, 0.041666666661801494, 1.966873074528396E-11, 2.0585509175598985E-11, 0.6022170922009198, 2.9794776910951705E-12, 0.35611624108835466, 2.9784624433989137E-12, 3.0066035163186956E-12
240, Flight21, LOWRISK1, 1.2873006422148583E-12, 8.71580986128461E-12, 8.823611241281197E-12, 0.5992331451795356, 0.10200914046968194, 0.213266856276793, 0.07277662234577124, 0.012714235709686278
240, Flight21, LOWRISK2, 1.9632684896558123E-12, 1.3204826587339391E-11, 1.3369220256684928E-11, 0.5038976299045481, 0.24795942247363295, 0.12110237003127779, 0.09744246209468424, 0.029598115467614403
240, Flight21, LOWRISK3, 3.729693568986572E-11, 2.527177615749524E-10, 2.5547949461355766E-10, 0.48453761991639027, 0.16905163883251753, 0.14046237850928334, 0.07015555092607667, 0.1357928112705329
240, Flight21, LOWRISK4, 0.6666666664443559, 2.3154192131131705E-10, 2.4321571530599805E-10, 0.17442147174543132, 3.499105029808604E-11, 0.15891186123055745, 3.496966397655954E-11, 3.5231860660085636E-11
240, Flight22, SELECTEE, 3.7063444148547114E-11, 2.632630680380114E-10, 2.6642737378770097E-10, 0.3149469857553551, 0.3091004517463429, 0.08505301312177313, 0.07858966001629049, 0.21230988879377946
240, Flight22, UNKNOWN, 0.26666666666395383, 1.0494230681344383E-11, 1.1045187686319703E-11, 0.3858013815431949, 1.5773408435446111E-12, 0.347531951766861, 1.5771525057650058E-12, 1.5911725427099363E-12
240, Flight22, LOWRISK1, 0.13333333385361537, 4.4309374758410484E-11, 4.630018856486994E-11, 0.5225211965432225, 6.685229597324001E-12, 0.34414546949274333, 6.677609254122435E-12, 6.7413101252075676E-12
240, Flight22, LOWRISK2, 0.0666666666074476, 2.3054723276882395E-10, 2.433765792179083E-10, 0.6104739712010367, 3.5746710657534865E-11, 0.3228593616105492, 3.559545506162593E-11, 3.599522853378127E-11
240, Flight22, LOWRISK3, 0.06666666617917177, 1.1928828487775563E-9, 1.261411501649788E-9, 0.583807260455168, 1.632504180195828E-10, 0.3495260704222788, 1.6090513614245717E-10, 1.65226436794621E-10
240, Flight22, LOWRISK4, 0.9999999995575396, 8.193844452376201E-11, 8.245092514878738E-11, 8.268910639330268E-11, 3.767037989111028E-11, 8.255364527361456E-11, 3.767538177586483E-11, 3.7777321653331484E-11
240, Flight23, SELECTEE, 1.4602377800837617E-13, 3.527616522178723E-13, 3.528048085555581E-13, 9.9924675865888E-13, 0.8284700532214627, 4.295202722682888E-13, 7.379189561259549E-13, 0.1715299467757233
240, Flight23, UNKNOWN, 1.3168700303443704E-12, 7.33909254740841E-12, 7.495067154400451E-12, 0.6513596059230445, 6.006640995299511E-12, 0.34864039404288477, 6.002490360688347E-12, 6.100895793369257E-12
240, Flight23, LOWRISK1, 1.2308394921583037E-12, 8.395562081565778E-12, 8.49488063988858E-12, 0.5212581140256345, 0.21511108896602738, 0.14540855393284385, 0.1020985698790707, 0.016123673178597035
240, Flight23, LOWRISK2, 2.3771815856717094E-12, 1.6133117459284587E-11, 1.631420013104339E-11, 0.4119198381401158, 0.37291024985347415, 0.0880801617838732, 0.09170197381648733, 0.035387776371520026
240, Flight23, LOWRISK3, 3.7147931914513744E-11, 2.5727522701772434E-10, 2.599756061353478E-10, 0.40094029637096873, 0.2443512558259716, 0.09905970209482004, 0.07411142145073696, 0.18153732370339876
240, Flight23, LOWRISK4, 0.5555555553523317, 2.3177968943164212E-10, 2.4356787120871766E-10, 0.2387133978497671, 3.514019386314876E-11, 0.20573104621721855, 3.510981288375643E-11, 3.5380202174876074E-11
240, Flight24, SELECTEE, 5.7079060884880905E-12, 3.881737154855967E-11, 3.920516880081583E-11, 0.4726778551864117, 0.21880210352694435, 0.15232214465532873, 0.10117023746117632, 0.05502765908670327
240, Flight24, UNKNOWN, 0.41666666666309016, 1.353176554335213E-11, 1.4186742486136374E-11, 0.29922299900741484, 2.039332053075317E-12, 0.28411033429593385, 2.039862902780204E-12, 2.0583716971485113E-12
240, Flight24, LOWRISK1, 0.25000000065700706, 2.7930087076877157E-11, 2.923500909842538E-11, 0.41759167150495174, 4.197428793427073E-12, 0.33240832776854273, 4.197470520832363E-12, 4.23328661317921E-12
240, Flight24, LOWRISK2, 0.16666666663679564, 1.0770830979713066E-10, 1.1282771808175758E-10, 0.48617747109474396, 1.62443679975423E-11, 0.3471558619993822, 1.6227495377224348E-11, 1.636506597769287E-11
240, Flight24, LOWRISK3, 0.16666666638432484, 2.8784079501698205E-10, 3.0611121442255356E-10, 0.4518119157717026, 4.4427807429243875E-11, 0.3815214171168698, 4.4273498585128E-11, 4.474442768455326E-11
240, Flight24, LOWRISK4, 0.9999999997046753, 5.470885328906751E-11, 5.505498176620759E-11, 5.5069651702912315E-11, 2.5202360087712345E-11, 5.508314207886993E-11, 2.522139226824873E-11, 2.5279143077537602E-11
240, Flight25, SELECTEE, 4.045014652625657E-11, 2.1957063326314494E-10, 2.2464944801993447E-10, 0.6213824755849007, 1.6893543789995752E-10, 0.37861752342413074, 1.660880422686744E-10, 1.7156967201623725E-10
240, Flight25, UNKNOWN, 0.6666666666637102, 1.0727472724251782E-11, 1.1251741410853631E-11, 0.16046103344292445, 1.6130561544040204E-12, 0.17287229986682817, 1.613029856901747E-12, 1.6267845059597806E-12
240, Flight25, LOWRISK1, 0.44444444532159266, 3.232250042347654E-11, 3.373739587784428E-11, 0.29028890260042933, 4.861811599359755E-12, 0.26526665199758737, 4.862186259919957E-12, 4.901547312189836E-12
240, Flight25, LOWRISK2, 0.3333333333062454, 9.124032919363222E-11, 9.548557915405218E-11, 0.3595553282222607, 1.3696130065034291E-11, 0.3071113382438794, 1.3692336604322107E-11, 1.379481170930818E-11
240, Flight25, LOWRISK3, 0.3333333329585253, 3.7867627494255337E-10, 4.0201986009107204E-10, 0.3413579667375242, 5.837238703534477E-11, 0.32530869934813456, 5.826724558130447E-11, 5.877494596981896E-11
240, Flight25, LOWRISK4, 0.9999999999006612, 1.843131146774147E-11, 1.8564271064485613E-11, 1.8550553565421233E-11, 8.49447777702333E-12, 1.856906776811559E-11, 8.499859537124217E-12, 8.52398760612604E-12
240, Flight26, SELECTEE, 0.6666666665761467, 3.7243710100921723E-10, 3.9194141891468626E-10, 0.1623726760094628, 5.725489420049062E-11, 0.1709606564781094, 5.728640353205579E-11, 5.766907403096761E-11
240, Flight26, UNKNOWN, 0.999999999994121, 1.1415834178372803E-12, 1.1530017700388615E-12, 1.1528919263767903E-12, 5.237271915277638E-13, 1.1534483506662733E-12, 5.237157342666562E-13, 5.258395884548771E-13
240, Flight26, LOWRISK1, 0.9999999999668239, 6.193219008698345E-12, 6.242053168097611E-12, 6.240216498011274E-12, 2.8497528111790524E-12, 6.244023012526629E-12, 2.85098996129942E-12, 2.8604085425083374E-12
240, Flight26, LOWRISK2, 0.9999999999626348, 6.967580426957412E-12, 7.022515915262644E-12, 7.023197555666731E-12, 3.2062957994137408E-12, 7.026107588068104E-12, 3.2071548137383145E-12, 3.218149883215946E-12
240, Flight26, LOWRISK3, 0.9999999999005251, 1.845513237859372E-11, 1.8589755085230588E-11, 1.8581978942263495E-11, 8.506831560584548E-12, 1.8600221487684936E-11, 8.511879977669548E-12, 8.536559255636542E-12
240, Flight26, LOWRISK4, 0.999999999558612, 8.176969649790336E-11, 8.229751208747727E-11, 8.238083431899475E-11, 3.7588459034759285E-11, 8.235385431404657E-11, 3.760665669739002E-11, 3.76986721849223E-11
240, Flight27, SELECTEE, 2.0709607746177563E-11, 1.1348727048152775E-10, 1.1565170721769722E-10, 0.6331319816110803, 8.43501550177907E-11, 0.36686801788595463, 8.354707401046412E-11, 8.551417807846828E-11
240, Flight27, UNKNOWN, 0.6666666666633123, 1.2250720849171605E-11, 1.2827600690063666E-11, 0.1610776237486018, 1.844403236667024E-12, 0.17225570955775318, 1.8445882692615982E-12, 1.8603502504458237E-12
240, Flight27, LOWRISK1, 0.4444444453200469, 3.855342818049058E-11, 4.0282718846512335E-11, 0.28970223280384827, 5.791222106049931E-12, 0.265853321780143, 5.79152387507613E-12, 5.8375555410184255E-12
240, Flight27, LOWRISK2, 0.3333333333062454, 9.124032919363222E-11, 9.548557915405218E-11, 0.3595553282222607, 1.3696130065034291E-11, 0.3071113382438794, 1.3692336604322107E-11, 1.379481170930818E-11
240, Flight27, LOWRISK3, 0.3333333330030248, 1.9438500758323645E-10, 2.118805909692276E-10, 0.33976173131257914, 2.953727770178884E-11, 0.3269049351896543, 2.94928674953506E-11, 2.9740907578101026E-11
240, Flight27, LOWRISK4, 0.9999999998220881, 3.296950565351697E-11, 3.319078493514767E-11, 3.3165889706582376E-11, 1.5206556143415674E-11, 3.319850312647072E-11, 1.521934721071397E-11, 1.5256289196548264E-11
240, Flight28, SELECTEE, 3.395301136585338E-11, 1.8780193201175219E-10, 1.936735238032046E-10, 0.05051728726269116, 0.5687765666384464, 0.011982711860612833, 0.014995139519633017, 0.353728294303483
240, Flight28, UNKNOWN, 0.041666666664531116, 8.432860235440586E-12, 8.86265231909382E-12, 0.5959522452963337, 1.2747803534368376E-12, 0.36238108801829977, 1.2733889243453825E-12, 1.2865192034568072E-12
240, Flight28, LOWRISK1, 1.6460001032563002E-12, 1.1134848338033762E-11, 1.1267602020788014E-11, 0.5975436215907013, 0.10071232060778512, 0.21495637985510335, 0.07122780405529663, 0.015559873867359976
240, Flight28, LOWRISK2, 6.679115562908713E-12, 4.521716062417942E-11, 4.568333921996622E-11, 0.49889588759435316, 0.2203666401556173, 0.12610411220218185, 0.08936173592421918, 0.06527162402634373
240, Flight28, LOWRISK3, 9.917050931923903E-12, 6.707673387764461E-11, 6.77295900466264E-11, 0.5021318485470961, 0.20658295307512908, 0.1228681506893442, 0.08622727588616383, 0.08218977165783824
240, Flight28, LOWRISK4, 0.6666666664443559, 2.3154192131131705E-10, 2.4321571530599805E-10, 0.17442147174543132, 3.499105029808604E-11, 0.15891186123055745, 3.496966397655954E-11, 3.5231860660085636E-11
240, Flight29, SELECTEE, 5.586708157196566E-12, 3.8086004027591386E-11, 3.848741421041446E-11, 0.20433903290091054, 0.604063792799696, 0.04566096694094269, 0.05641141460402952, 0.08952479267255585
240, Flight29, UNKNOWN, 0.16666666666451807, 8.330025119082865E-12, 8.767308347862938E-12, 0.4721017223095851, 1.2526455592004623E-12, 0.3612316110053255, 1.2522984559349744E-12, 1.2636243817174763E-12
240, Flight29, LOWRISK1, 0.05555555599087453, 2.994447236864487E-11, 3.130589649588821E-11, 0.604907621220456, 4.532081991119713E-12, 0.3395368227140831, 4.5269291461052176E-12, 4.571961782780843E-12
240, Flight29, LOWRISK2, 9.033924942471656E-12, 4.7989734547886687E-11, 4.873752052033168E-11, 0.6954420337590294, 4.132247363150446E-11, 0.3045579660111687, 4.118682176915939E-11, 4.1826339186959154E-11
240, Flight29, LOWRISK3, 5.561352134130211E-11, 3.299674244070605E-10, 3.357018295846297E-10, 0.6474808733923013, 4.710766120799829E-10, 0.3525191244922474, 4.435747948743235E-10, 4.79811906351733E-10
240, Flight29, LOWRISK4, 0.9999999989782489, 1.8934648495218372E-10, 1.9103341357690627E-10, 1.9699597292375045E-10, 8.274468371503681E-11, 1.962611658303485E-10, 8.26303201796198E-11, 8.303368043746609E-11
240, Flight30, SELECTEE, 1.8469704610371846E-11, 1.4361253153486644E-10, 1.464731287386111E-10, 0.05082135409602429, 0.6530349798368995, 0.01167864530949613, 0.014196616218701502, 0.270268404230618
240, Flight30, UNKNOWN, 0.04166666666336595, 1.3218504275004637E-11, 1.3857389646558116E-11, 0.6037155684565242, 1.998546667936451E-12, 0.3546177648473148, 1.998349343596464E-12, 2.017023861131813E-12
240, Flight30, LOWRISK1, 1.4704347512990667E-12, 9.951880532459545E-12, 1.0072758017179342E-11, 0.5982725131817432, 0.10132816126500126, 0.21422748826920937, 0.07197699728651208, 0.01419483997633387
240, Flight30, LOWRISK2, 2.059528683329456E-12, 1.3854039129615466E-11, 1.4024914290738713E-11, 0.5036263305229449, 0.2473571927840966, 0.12137366941003375, 0.09724996780874201, 0.030392839444539015
240, Flight30, LOWRISK3, 1.3135503136810096E-11, 8.885272021573397E-11, 8.973738783442196E-11, 0.499133804208434, 0.1963877588274279, 0.12586619493300805, 0.08313182157445767, 0.0954804202652415
240, Flight30, LOWRISK4, 0.6666666664057673, 3.7560492461966643E-10, 3.951372155675592E-10, 0.1739570429724341, 5.771668961033815E-11, 0.15937628967785317, 5.767856463791151E-11, 5.810292248787764E-11