TimeWindow, Flight, RiskCategory, O41, O42, O43, O44, O45, O46, O47, O48
240, Flight1, SELECTEE, 0.1413192889352023, 0.4459769265744411, 0.41270378328678897, 4.259507259050053E-10, 1.5598301571178807E-10, 3.341740621789007E-10, 1.4208556331998694E-10, 1.5596614069225766E-10
240, Flight1, UNKNOWN, 0.9999999999917435, 4.684183333108087E-12, 4.685252223833514E-12, 2.6454183200294823E-12, 1.4905441103335893E-12, 2.4324773331752742E-12, 1.4199124659102738E-12, 1.4905319073209588E-12
240, Flight1, LOWRISK1, 0.9999999999479398, 1.527274386262193E-11, 1.5270304645684824E-11, 8.879682121453464E-12, 5.095345200757374E-12, 8.181077112006716E-12, 4.857936859671342E-12, 5.0950857418529526E-12
240, Flight1, LOWRISK2, 0.9999999998190388, 4.644335395168092E-11, 4.64347639426738E-11, 2.722436408840193E-11, 1.5693923271420996E-11, 2.509772376705489E-11, 1.4965921971746443E-11, 1.5693024413067215E-11
240, Flight1, LOWRISK3, 0.9999999996921537, 7.713003397753555E-11, 7.71156030098439E-11, 4.527987097302903E-11, 2.612526025469931E-11, 4.174902071853967E-11, 2.4914708757341952E-11, 2.6123748947297924E-11
240, Flight1, LOWRISK4, 0.9999999996287237, 9.246948609030538E-11, 9.245217813280432E-11, 5.4305714045024454E-11, 3.1340198602910826E-11, 5.007338747116854E-11, 2.98885615600934E-11, 3.133838476474068E-11
240, Flight2, SELECTEE, 0.46197893330418344, 0.2992666727942876, 0.2387543935653503, 1.2160662619048626E-10, 4.4547588757860125E-11, 9.548584688991432E-11, 4.0587669654164443E-11, 4.454282254518018E-11
240, Flight2, UNKNOWN, 0.999999999992782, 4.432734561061863E-12, 4.434020379428402E-12, 2.498209047173445E-12, 1.4050387026834081E-12, 2.296689386646511E-12, 1.3383276308989364E-12, 1.4050337597803455E-12
240, Flight2, LOWRISK1, 0.9999999999564589, 1.321319318517219E-11, 1.3211190598230059E-11, 7.666989076757271E-12, 4.394597346869592E-12, 7.062858571285554E-12, 4.1896397792361714E-12, 4.394381915268281E-12
240, Flight2, LOWRISK2, 0.9999999999091836, 2.4643475068015777E-11, 2.4639130630448125E-11, 1.4395848621752774E-11, 8.282477942502811E-12, 1.3267646561966384E-11, 7.897504901474116E-12, 8.282022404452124E-12
240, Flight2, LOWRISK3, 0.9999999996921621, 7.712734512979232E-11, 7.711291089790185E-11, 4.527889044273412E-11, 2.612480948581221E-11, 4.174811715013082E-11, 2.491430256256319E-11, 2.6123297675973663E-11
240, Flight2, LOWRISK4, 0.9999999997978978, 5.15557097488348E-11, 5.154613140949503E-11, 3.0232924111101E-11, 1.743214201605766E-11, 2.787223817507547E-11, 1.6623733614964027E-11, 1.7431139731242696E-11
240, Flight3, SELECTEE, 4.021961786754815E-11, 0.2730736146862697, 0.2486854303913279, 9.047016377787256E-9, 0.25091848971212494, 7.249639289623047E-10, 8.143595526727793E-10, 0.2273224545943098
240, Flight3, UNKNOWN, 0.9999999999948229, 3.93974702602066E-12, 3.941337927859718E-12, 2.2090265094588567E-12, 1.2361451574245082E-12, 2.029562770612337E-12, 1.177093558151673E-12, 1.2361523565976563E-12
240, Flight3, LOWRISK1, 0.9999999999458535, 1.5780637829352574E-11, 1.5778078718259455E-11, 9.174874656815917E-12, 5.265445473678509E-12, 8.45390843961552E-12, 5.020308399181732E-12, 5.265177387510281E-12
240, Flight3, LOWRISK2, 0.9999999997882537, 7.292070573439025E-11, 7.286265479920732E-11, 2.3901601880826432E-11, 1.0985376736572478E-11, 2.0472328055453514E-11, 1.0211317086515801E-11, 1.0984049767816136E-11
240, Flight3, LOWRISK3, 0.999999999771235, 6.005252912653518E-11, 6.003949739846883E-11, 3.343173449838488E-11, 1.8734699148901417E-11, 3.056196590524758E-11, 1.7802837286953302E-11, 1.873353921941042E-11
240, Flight3, LOWRISK4, 0.999999999797888, 5.155878769725823E-11, 5.15492082973677E-11, 3.023407593116584E-11, 1.7432663439202766E-11, 2.787327464075399E-11, 1.662420031722245E-11, 1.7431661224878023E-11
240, Flight4, SELECTEE, 1.3405167331903203E-11, 0.22228791259161512, 0.17731508191584636, 3.082177849293091E-9, 0.3443157256677439, 2.423969534004811E-10, 2.7335877066746447E-10, 0.2560812762240476
240, Flight4, UNKNOWN, 0.9999999999764709, 8.376960237465967E-12, 8.376113120136988E-12, 4.81800324408295E-12, 2.747679052655349E-12, 4.4356027258652505E-12, 2.6189306101827153E-12, 2.7475687692784663E-12
240, Flight4, LOWRISK1, 0.8126528789300517, 0.11302207087391249, 0.07432505013083589, 2.658683946697632E-11, 9.738201159039115E-12, 2.085824303781068E-11, 8.87138181776436E-12, 9.737172647623198E-12
240, Flight4, LOWRISK2, 0.785714285554299, 0.11570957774863283, 0.098576136464958, 8.50984423126002E-11, 3.1180664399461206E-11, 6.683586553623554E-11, 2.8409691346242635E-11, 3.1177331679549714E-11
240, Flight4, LOWRISK3, 0.7857142857724383, 0.11452823311773838, 0.0997574808172101, 1.0635202489641503E-10, 3.8956231306830605E-11, 8.34539003650423E-11, 3.549080093529831E-11, 3.895211389289015E-11
240, Flight4, LOWRISK4, 0.999999999797881, 5.156100487906397E-11, 5.1551414921774164E-11, 3.0234894386402466E-11, 1.7433023063588965E-11, 2.7874019896927102E-11, 1.6624534665540312E-11, 1.7432020104320753E-11
240, Flight5, SELECTEE, 1.5087484562846516E-11, 0.29346982423682677, 0.22828922500629786, 3.4652429327377825E-9, 0.26560243485135787, 2.7252165352908886E-10, 3.0613703501836167E-10, 0.21263851185712004
240, Flight5, UNKNOWN, 0.999999999995414, 3.7976316412055276E-12, 3.799219506655589E-12, 2.1253047737430807E-12, 1.186877529296513E-12, 1.9520887424949633E-12, 1.1300312426828131E-12, 1.1868874766954122E-12
240, Flight5, LOWRISK1, 0.9999999999679167, 1.044537518569296E-11, 1.0443995533402123E-11, 6.035130992110673E-12, 3.451243782560631E-12, 5.558347053176248E-12, 3.290018491861218E-12, 3.4510894740917093E-12
240, Flight5, LOWRISK2, 0.9999999997760297, 7.052709136445311E-11, 7.04939673845087E-11, 2.8269200676307864E-11, 1.3804385200635076E-11, 2.4748191617783748E-11, 1.2916062845609963E-11, 1.3803234641620638E-11
240, Flight5, LOWRISK3, 0.9999999996503897, 9.044851403004926E-11, 9.042938342048971E-11, 5.028090751374972E-11, 2.816185609255531E-11, 4.596124935289833E-11, 2.676001386517976E-11, 2.816020152092296E-11
240, Flight5, LOWRISK4, 0.9999999997374637, 6.61723405688389E-11, 6.615997419793771E-11, 3.883229625265122E-11, 2.240011285444068E-11, 3.5802745620837426E-11, 2.1361839952858596E-11, 2.2398818524504645E-11
240, Flight6, SELECTEE, 5.656248093619725E-11, 0.5232002402199241, 0.42610500208945834, 2.2744432837047513E-9, 0.04012584383969844, 4.650305980299772E-10, 5.876391327886091E-10, 0.010568910477835543
240, Flight6, UNKNOWN, 0.9999999999889834, 5.352507864702792E-12, 5.353025499592547E-12, 3.037378363056195E-12, 1.7176817536088083E-12, 2.7938613387464807E-12, 1.636582044593846E-12, 1.7176496279546688E-12
240, Flight6, LOWRISK1, 0.9999999999498558, 1.4809522737676734E-11, 1.4807182013618708E-11, 8.606897815691449E-12, 4.937707921264241E-12, 7.929535629574926E-12, 4.7075967974570946E-12, 4.937458326671269E-12
240, Flight6, LOWRISK2, 0.9999999999228364, 2.1342289552766595E-11, 2.133860811283378E-11, 1.2452664092817818E-11, 7.159759527630202E-12, 1.1475771203367388E-11, 6.826760164669856E-12, 7.159372524202742E-12
240, Flight6, LOWRISK3, 0.999999999533507, 1.15501104698002E-10, 1.1547940941249401E-10, 6.785313980009263E-11, 3.9166486576669565E-11, 6.256760103605202E-11, 3.735284832347916E-11, 3.916421353991474E-11
240, Flight6, LOWRISK4, 0.9999999993749609, 1.5384058212577868E-10, 1.5381178339774146E-10, 9.041385219813384E-11, 5.220256584689195E-11, 8.33758906964919E-11, 4.9786601308840974E-11, 5.2199541846866876E-11
240, Flight7, SELECTEE, 0.14131928889518378, 0.46193988697952976, 0.39674082352855333, 2.1303476633600202E-10, 7.800413586232355E-11, 1.6722542151237815E-10, 7.106509793507149E-11, 7.799547499342527E-11
240, Flight7, UNKNOWN, 0.9999999999938175, 4.18220958071096E-12, 4.1836856869153076E-12, 2.351437736850368E-12, 1.3195222835469698E-12, 2.161192573871106E-12, 1.2567066681020366E-12, 1.3195239401019938E-12
240, Flight7, LOWRISK1, 0.9999999999533519, 1.3964319168852873E-11, 1.3962155497397003E-11, 8.109271726676935E-12, 4.650165888485156E-12, 7.470675108922721E-12, 4.4333709450228844E-12, 4.649934269455848E-12
240, Flight7, LOWRISK2, 0.9999999998190388, 4.644335395168092E-11, 4.64347639426738E-11, 2.722436408840193E-11, 1.5693923271420996E-11, 2.509772376705489E-11, 1.4965921971746443E-11, 1.5693024413067215E-11
240, Flight7, LOWRISK3, 0.999999999797892, 5.1557496096698845E-11, 5.154792133995194E-11, 3.0233599401960475E-11, 1.7432450197396446E-11, 2.7872840377226905E-11, 1.6624005196301706E-11, 1.7431448262011156E-11
240, Flight7, LOWRISK4, 0.9999999997374778, 6.616794127761771E-11, 6.615559078042197E-11, 3.8830576568823466E-11, 2.239935938335542E-11, 3.580126400973698E-11, 2.1361174237170127E-11, 2.2398066197983447E-11
240, Flight8, SELECTEE, 1.3399405276064574E-11, 0.1270234188018444, 0.10970483570559579, 3.041086401548757E-9, 0.4472491828061042, 2.4222215012196936E-10, 2.73830784384386E-10, 0.3160225591265087
240, Flight8, UNKNOWN, 0.8333333332975992, 0.12090090054351761, 0.04576576614442229, 8.79017856099656E-12, 3.2165632821866526E-12, 6.898826879087647E-12, 2.93079303886294E-12, 3.2161936966969563E-12
240, Flight8, LOWRISK1, 0.5209522391671222, 0.367925444219267, 0.11112231657460464, 1.740297040900864E-11, 6.367841435485754E-12, 1.3658142951855759E-11, 5.802113871870895E-12, 6.367105777445038E-12
240, Flight8, LOWRISK2, 0.49999999988305055, 0.2802039662911278, 0.21979603353279958, 1.0648817213348047E-10, 3.899373902045539E-11, 8.361365311123324E-11, 3.5528974315506016E-11, 3.898941988966904E-11
240, Flight8, LOWRISK3, 0.5000000001867582, 0.2543629446762431, 0.24563705272833525, 8.484960954003473E-10, 3.1113066014662633E-10, 6.651334035313662E-10, 2.833949832706376E-10, 3.1110031383984765E-10
240, Flight8, LOWRISK4, 0.9999999997977309, 5.160940725203871E-11, 5.159956284253489E-11, 3.0250670589351276E-11, 1.7440216933719164E-11, 2.7890176716091476E-11, 1.6631762640998352E-11, 1.7439200858987074E-11
240, Flight9, SELECTEE, 2.4152286884443638E-11, 0.375399049625634, 0.31737847503158967, 5.647117754529185E-9, 0.16317295269741716, 4.357233926208241E-10, 4.877686712230423E-10, 0.14404951606118885
240, Flight9, UNKNOWN, 0.9999999999824594, 6.929785528298584E-12, 6.9294313480279056E-12, 3.965483649294292E-12, 2.254697760937846E-12, 3.649527181324711E-12, 2.148765331580465E-12, 2.2546225169209013E-12
240, Flight9, LOWRISK1, 0.9999999999688122, 1.0227437916022297E-11, 1.0226113431818898E-11, 5.908366010904603E-12, 3.378166493452031E-12, 5.441194271198066E-12, 3.220262806927573E-12, 3.378015973825146E-12
240, Flight9, LOWRISK2, 0.9999999999300396, 1.960093730338017E-11, 1.959760402509108E-11, 1.1427419901437677E-11, 6.567343102487496E-12, 1.0530356704349345E-11, 6.261769055271464E-12, 6.566991975524348E-12
240, Flight9, LOWRISK3, 0.9999999997374239, 6.618492513639583E-11, 6.617250240711104E-11, 3.8836871919791904E-11, 2.2402125970958552E-11, 3.580697742189639E-11, 2.1363738744974602E-11, 2.2400827543056077E-11
240, Flight9, LOWRISK4, 0.9999999997374706, 6.617027522179547E-11, 6.615791843216681E-11, 3.8831499437237696E-11, 2.2399764982091406E-11, 3.58020495997515E-11, 2.1361527105994155E-11, 2.2398471362572418E-11
240, Flight10, SELECTEE, 5.656248093619725E-11, 0.5232002402199241, 0.42610500208945834, 2.2744432837047513E-9, 0.04012584383969844, 4.650305980299772E-10, 5.876391327886091E-10, 0.010568910477835543
240, Flight10, UNKNOWN, 0.9999999999920536, 4.609067659714872E-12, 4.610203330911594E-12, 2.6014015340441653E-12, 1.4649871663670368E-12, 2.391875511148606E-12, 1.3955278973716677E-12, 1.4649771464428528E-12
240, Flight10, LOWRISK1, 0.9999999999696553, 1.0023594960375447E-11, 1.0022318979750852E-11, 5.788370219796246E-12, 3.3088269734685983E-12, 5.330550984477743E-12, 3.154134958323258E-12, 3.3086810373084517E-12
240, Flight10, LOWRISK2, 0.9999999999091809, 2.464430581005284E-11, 2.4639964827503378E-11, 1.4396150522157675E-11, 8.282616171317799E-12, 1.3267927891517853E-11, 7.89763204019437E-12, 8.282160829938642E-12
240, Flight10, LOWRISK3, 0.9999999996286858, 9.2481335879886E-11, 9.246398031546639E-11, 5.4310352731361265E-11, 3.134221974006006E-11, 5.0077383610424154E-11, 2.989035688154149E-11, 3.134040234475918E-11
240, Flight10, LOWRISK4, 0.9999999997978946, 5.1556701730226485E-11, 5.154712808741867E-11, 3.023328550193752E-11, 1.743231342765276E-11, 2.7872573211604344E-11, 1.6623885369849164E-11, 1.743131159314798E-11
240, Flight11, SELECTEE, 0.9999999997379716, 6.615299243695947E-11, 6.614059491331148E-11, 3.8825771954490984E-11, 2.239807764391739E-11, 3.5797233962954414E-11, 2.135999442251397E-11, 2.239678035236538E-11
240, Flight11, UNKNOWN, 0.9999999999961173, 3.6291664606020332E-12, 3.6306271196063735E-12, 2.0256077914158256E-12, 1.1278572048431778E-12, 1.8597082688973823E-12, 1.073628506156612E-12, 1.1278696768601169E-12
240, Flight11, LOWRISK1, 0.9999999999336296, 1.8812997683443398E-11, 1.8809807954660928E-11, 1.096887949172144E-11, 6.304116531902777E-12, 1.0107938916750355E-11, 6.01082051800146E-12, 6.303780602461102E-12
240, Flight11, LOWRISK2, 0.9999999997984014, 5.153298054685393E-11, 5.15234111451344E-11, 3.0225090256589014E-11, 1.7429528684813634E-11, 2.7865572202014343E-11, 1.6621356168346368E-11, 1.742852669832807E-11
240, Flight11, LOWRISK3, 0.9999999996292568, 9.244437163589025E-11, 9.242706248894371E-11, 5.429703996069115E-11, 3.133721051746259E-11, 5.0065936000261125E-11, 2.988584789468828E-11, 3.1335395797504664E-11
240, Flight11, LOWRISK4, 0.9999999993755291, 1.5380521941643231E-10, 1.5377644366251623E-10, 9.040092862336292E-11, 5.219770317055952E-11, 8.336496015266204E-11, 4.978231725713315E-11, 5.219467985361197E-11
240, Flight12, SELECTEE, 5.656248093619725E-11, 0.5232002402199241, 0.42610500208945834, 2.2744432837047513E-9, 0.04012584383969844, 4.650305980299772E-10, 5.876391327886091E-10, 0.010568910477835543
240, Flight12, UNKNOWN, 0.9999999999899978, 5.106912596458991E-12, 5.107621284341328E-12, 2.8932148668999897E-12, 1.6341957590840442E-12, 2.6609575817613087E-12, 1.5569495126662472E-12, 1.6341709464511393E-12
240, Flight12, LOWRISK1, 0.9999999999670169, 1.0661235824267351E-11, 1.0659807344870183E-11, 6.163974785627737E-12, 3.5259390811563334E-12, 5.676908481689417E-12, 3.3611974558808583E-12, 3.5257791293482815E-12
240, Flight12, LOWRISK2, 0.9999999999187186, 2.2338094048164736E-11, 2.233421286572824E-11, 1.3038785217359006E-11, 7.498394773891365E-12, 1.2016250769291081E-11, 7.149717032377559E-12, 7.497987104846154E-12
240, Flight12, LOWRISK3, 0.9999999996286858, 9.2481335879886E-11, 9.246398031546639E-11, 5.4310352731361265E-11, 3.134221974006006E-11, 5.0077383610424154E-11, 2.989035688154149E-11, 3.134040234475918E-11
240, Flight12, LOWRISK4, 0.9999999993749609, 1.5384058212577868E-10, 1.5381178339774146E-10, 9.041385219813384E-11, 5.220256584689195E-11, 8.33758906964919E-11, 4.9786601308840974E-11, 5.2199541846866876E-11
240, Flight13, SELECTEE, 0.14131928889518378, 0.46193988697952976, 0.39674082352855333, 2.1303476633600202E-10, 7.800413586232355E-11, 1.6722542151237815E-10, 7.106509793507149E-11, 7.799547499342527E-11
240, Flight13, UNKNOWN, 0.9999999999740512, 8.96133381651627E-12, 8.960327515548107E-12, 5.16258177414978E-12, 2.9470520532197052E-12, 4.753480079274237E-12, 2.809102771888358E-12, 2.9469296962254356E-12
240, Flight13, LOWRISK1, 0.9999999999640015, 1.1390002265045503E-11, 1.1388405483308529E-11, 6.5932576476840065E-12, 3.774075191198332E-12, 6.072773974239843E-12, 3.5978497743145734E-12, 3.7738994275801185E-12
240, Flight13, LOWRISK2, 0.9999999998190388, 4.644335395168092E-11, 4.64347639426738E-11, 2.722436408840193E-11, 1.5693923271420996E-11, 2.509772376705489E-11, 1.4965921971746443E-11, 1.5693024413067215E-11
240, Flight13, LOWRISK3, 0.9999999990577533, 2.305541236029099E-10, 2.3051108597886438E-10, 1.3554837607866602E-10, 7.828151051134596E-11, 1.2500554285646124E-10, 7.466080160166288E-11, 7.827697697424194E-11
240, Flight13, LOWRISK4, 0.9999999997714635, 5.7948741688348345E-11, 5.7937951543672525E-11, 3.399447825318558E-11, 1.960533587538403E-11, 3.13412491334858E-11, 1.869639093967517E-11, 1.9604206412570238E-11
240, Flight14, SELECTEE, 1.726261762260998E-11, 0.38719726258885745, 0.30558026322269666, 4.0992229872803676E-9, 0.16652705939048107, 3.108031104186616E-10, 3.4635509829763016E-10, 0.14069541003491284
240, Flight14, UNKNOWN, 0.9999999999945048, 4.016327891008351E-12, 4.0178936162808726E-12, 2.254084500963027E-12, 1.2625841426221736E-12, 2.0712339996840325E-12, 1.2023437745357411E-12, 1.262589723055822E-12
240, Flight14, LOWRISK1, 0.9999999999650521, 1.1136336182174133E-11, 1.113479775287559E-11, 6.443715666099139E-12, 3.687595710299009E-12, 5.934850097211542E-12, 3.5153673008695565E-12, 3.6874252169761734E-12
240, Flight14, LOWRISK2, 0.999999999918714, 2.2339486533107876E-11, 2.233560067760682E-11, 1.303929697015811E-11, 7.498615270176908E-12, 1.201671481019899E-11, 7.149923938702944E-12, 7.498207097975846E-12
240, Flight14, LOWRISK3, 0.9999999996920901, 7.715003193432544E-11, 7.713551371200213E-11, 4.528716570583563E-11, 2.612847753726721E-11, 4.1755750576274853E-11, 2.4917729722298073E-11, 2.6126960022942272E-11
240, Flight14, LOWRISK4, 0.9999999981064895, 4.605686971897742E-10, 4.6048356437768985E-10, 2.709052496829627E-10, 1.5650626991838102E-10, 2.498642103203342E-10, 1.492772216408319E-10, 1.564972232833449E-10
240, Flight15, SELECTEE, 3.0148781480399656E-11, 0.21067231092200167, 0.18893068080103595, 6.814376456029041E-9, 0.3221709715311949, 5.442018244913437E-10, 6.139136966247369E-10, 0.2782260287537185
240, Flight15, UNKNOWN, 0.9999999999712346, 9.642225286446497E-12, 9.641039827175169E-12, 5.563495015466796E-12, 3.1787168365619006E-12, 5.123078702519287E-12, 3.030026204088004E-12, 3.1785782719906674E-12
240, Flight15, LOWRISK1, 0.8126528789286308, 0.1163913579895743, 0.07095576303845479, 1.8919301147197457E-11, 6.9278271365395184E-12, 1.4846008450198708E-11, 6.3115815719723596E-12, 6.927086126602854E-12
240, Flight15, LOWRISK2, 0.7857142855560582, 0.11502873020263757, 0.0992569839822605, 9.454025873699052E-11, 3.464247034659033E-11, 7.425052633357381E-11, 3.156364600863256E-11, 3.463877825703133E-11
240, Flight15, LOWRISK3, 0.7857142859043268, 0.1082302056724424, 0.10605550602796349, 8.432670544977377E-10, 3.098824528114894E-10, 6.60630060455536E-10, 2.8222433756069786E-10, 3.0985538380164946E-10
240, Flight15, LOWRISK4, 0.999999999737452, 6.617600499185157E-11, 6.616362130200475E-11, 3.883364899073144E-11, 2.240070761619237E-11, 3.5803978647279386E-11, 2.136239324975724E-11, 2.2399412073548795E-11
240, Flight16, SELECTEE, 1.3405167331903203E-11, 0.22228791259161512, 0.17731508191584636, 3.082177849293091E-9, 0.3443157256677439, 2.423969534004811E-10, 2.7335877066746447E-10, 0.2560812762240476
240, Flight16, UNKNOWN, 0.9999999999764709, 8.376960237465967E-12, 8.376113120136988E-12, 4.81800324408295E-12, 2.747679052655349E-12, 4.4356027258652505E-12, 2.6189306101827153E-12, 2.7475687692784663E-12
240, Flight16, LOWRISK1, 0.8126528789288779, 0.11599104342937372, 0.07135607759457463, 2.026233229828134E-11, 7.421318668424134E-12, 1.5900196627095172E-11, 6.760996807052732E-12, 7.420530022205325E-12
240, Flight16, LOWRISK2, 0.7857142855453209, 0.12065193675989842, 0.0936337775997676, 3.7039872676013594E-11, 1.3562690040080692E-11, 2.9083432654306387E-11, 1.2357649938211413E-11, 1.3561174335004756E-11
240, Flight16, LOWRISK3, 0.7857142857702498, 0.1157419555004658, 0.09854375847032101, 9.45464586530589E-11, 3.463162005078741E-11, 7.41980160935514E-11, 3.1551291377007894E-11, 3.4627943332614025E-11
240, Flight16, LOWRISK4, 0.9999999993748383, 1.538790183450993E-10, 1.538500644402478E-10, 9.042832870010273E-11, 5.220894505799046E-11, 8.338887155332352E-11, 4.979243487218316E-11, 5.220591046788774E-11
240, Flight17, SELECTEE, 0.14131928890852624, 0.453870417163528, 0.4048102931288831, 2.840142790904757E-10, 1.0400025230431416E-10, 2.2290721504268496E-10, 9.474390607470631E-11, 1.0398881341845266E-10
240, Flight17, UNKNOWN, 0.9999999999960342, 3.649080161216386E-12, 3.650567413910578E-12, 2.0373998322680342E-12, 1.1348560679172198E-12, 1.8706391850339663E-12, 1.0803179513557438E-12, 1.134868337382944E-12
240, Flight17, LOWRISK1, 0.999999999968814, 1.022686929179809E-11, 1.0225544485592546E-11, 5.90815102192057E-12, 3.3780865967101656E-12, 5.441023978052204E-12, 3.220192920134411E-12, 3.377936339111536E-12
240, Flight17, LOWRISK2, 0.9999999999300442, 1.9599459738119188E-11, 1.9596129870670894E-11, 1.1426867630372687E-11, 6.5671080135162E-12, 1.0529866895716274E-11, 6.261551836905859E-12, 6.56675737840788E-12
240, Flight17, LOWRISK3, 0.9999999995335441, 1.1548956486157866E-10, 1.154679195334846E-10, 6.78487131936322E-11, 3.9164552354813315E-11, 6.256370497425341E-11, 3.7351097282327476E-11, 3.916228307032071E-11
240, Flight17, LOWRISK4, 0.9999999981068461, 4.604589668902821E-10, 4.60374224934416E-10, 2.708606742435553E-10, 1.5648671267900685E-10, 2.498267660600526E-10, 1.4926029930490943E-10, 1.5647769400350765E-10
240, Flight18, SELECTEE, 2.4120808806421094E-11, 0.21308178251985754, 0.1865212101896311, 5.494451125470154E-9, 0.3268852711747138, 4.3580198693579416E-10, 4.918332721403156E-10, 0.27351172968018217
240, Flight18, UNKNOWN, 0.9999999999799927, 7.526079185477326E-12, 7.525500025414514E-12, 4.316614215951272E-12, 2.4577132232323153E-12, 3.9732393967694665E-12, 2.3423774253913942E-12, 2.457622741747971E-12
240, Flight18, LOWRISK1, 0.8126528789286308, 0.1163913579895743, 0.07095576303845479, 1.8919301147197457E-11, 6.9278271365395184E-12, 1.4846008450198708E-11, 6.3115815719723596E-12, 6.927086126602854E-12
240, Flight18, LOWRISK2, 0.7857142855456352, 0.12080550256702055, 0.09348021178753722, 3.8719122310622295E-11, 1.4178899347974893E-11, 3.0404363023845515E-11, 1.2919124051432566E-11, 1.4177323181356744E-11
240, Flight18, LOWRISK3, 0.7857142859043268, 0.1082302056724424, 0.10605550602796349, 8.432670544977377E-10, 3.098824528114894E-10, 6.60630060455536E-10, 2.8222433756069786E-10, 3.0985538380164946E-10
240, Flight18, LOWRISK4, 0.999999999797881, 5.156100487906397E-11, 5.1551414921774164E-11, 3.0234894386402466E-11, 1.7433023063588965E-11, 2.7874019896927102E-11, 1.6624534665540312E-11, 1.7432020104320753E-11
240, Flight19, SELECTEE, 2.4109988541124303E-11, 0.12369700786049204, 0.11303124489712113, 5.382148409845516E-9, 0.4191825975912107, 4.34651830385256E-10, 4.912502803154584E-10, 0.3440891433296074
240, Flight19, UNKNOWN, 0.8333333332973062, 0.12572918873305353, 0.040937477959637245, 7.2263505988303114E-12, 2.6441659857682143E-12, 5.671239771462367E-12, 2.4092506028077753E-12, 2.643861471915642E-12
240, Flight19, LOWRISK1, 0.5209522391674127, 0.3620220846060332, 0.1170256761831398, 1.8949361298733977E-11, 6.9338481479433775E-12, 1.487209932655798E-11, 6.317836209015413E-12, 6.9330481514936385E-12
240, Flight19, LOWRISK2, 0.49999999987069105, 0.3160208687680695, 0.1839791312561229, 4.059232344347842E-11, 1.485745363136788E-11, 3.186523862600706E-11, 1.3537476994634052E-11, 1.485576400541512E-11
240, Flight19, LOWRISK3, 0.5000000001089948, 0.2579357078322611, 0.24206429085703082, 4.2519429662015535E-10, 1.5579369174042188E-10, 3.3360930502321586E-10, 1.4193025151227062E-10, 1.5577764390072299E-10
240, Flight19, LOWRISK4, 0.9999999980988163, 4.6303863209706057E-10, 4.6294214887886237E-10, 2.717239865115668E-10, 1.5687624012407834E-10, 2.506842388827339E-10, 1.49643574074373E-10, 1.5686657628124473E-10
240, Flight20, SELECTEE, 6.034139881164682E-11, 0.2693730918683447, 0.2523859499769022, 1.3365292739021256E-8, 0.24736831455379216, 1.083819403563118E-9, 1.2135845810380083E-9, 0.2308726278885147
240, Flight20, UNKNOWN, 0.9999999999945044, 4.016508456446516E-12, 4.018076787935814E-12, 2.2541268837069896E-12, 1.2625931489725912E-12, 2.071262237533351E-12, 1.2023506760486776E-12, 1.2625986797800095E-12
240, Flight20, LOWRISK1, 0.999999999966998, 1.0667426374493974E-11, 1.0665993679984006E-11, 6.165859816486186E-12, 3.526799342828767E-12, 5.6789076078711804E-12, 3.362079396119623E-12, 3.5266401847323883E-12
240, Flight20, LOWRISK2, 0.9999999996849466, 8.671722896849699E-11, 8.669623763523679E-11, 4.376709145099824E-11, 2.341503611824399E-11, 3.949753459237545E-11, 2.2138034714728688E-11, 2.3414017738161935E-11
240, Flight20, LOWRISK3, 0.9999999989257005, 2.726741314762159E-10, 2.7261427321201723E-10, 1.5136663698283523E-10, 8.471730143859041E-11, 1.3831802026238569E-10, 8.048900916011491E-11, 8.47120727141974E-11
240, Flight20, LOWRISK4, 0.9999999996286961, 9.247811320180944E-11, 9.246077317515936E-11, 5.4309093668184334E-11, 3.134167775210437E-11, 5.007629589128553E-11, 2.988986808533632E-11, 3.133986161893926E-11
240, Flight21, SELECTEE, 0.14131928887802345, 0.4870303968817205, 0.37165031390374037, 1.217598322901542E-10, 4.457605231883103E-11, 9.558725738358419E-11, 4.0613163150249525E-11, 4.4571032897240234E-11
240, Flight21, UNKNOWN, 0.9999999999952242, 3.843063655181851E-12, 3.844653465258513E-12, 2.152226789053922E-12, 1.2027745077582698E-12, 1.977029288933013E-12, 1.145221478976034E-12, 1.2027836621000167E-12
240, Flight21, LOWRISK1, 0.9999999999549497, 1.3578082250822248E-11, 1.357600124541616E-11, 7.881836641010101E-12, 4.518739535976234E-12, 7.260957516340968E-12, 4.308030434167008E-12, 4.518516203302661E-12
240, Flight21, LOWRISK2, 0.9999999999036193, 2.5989074194477384E-11, 2.5984467533669554E-11, 1.5187733065032427E-11, 8.739984569407718E-12, 1.3997892613336627E-11, 8.333832313775498E-12, 8.739501670913688E-12
240, Flight21, LOWRISK3, 0.999999999797892, 5.1557496096698845E-11, 5.154792133995194E-11, 3.0233599401960475E-11, 1.7432450197396446E-11, 2.7872840377226905E-11, 1.6624005196301706E-11, 1.7431448262011156E-11
240, Flight21, LOWRISK4, 0.9999999996287237, 9.246948609030538E-11, 9.245217813280432E-11, 5.4305714045024454E-11, 3.1340198602910826E-11, 5.007338747116854E-11, 2.98885615600934E-11, 3.133838476474068E-11
240, Flight22, SELECTEE, 1.511747438893272E-11, 0.3929921830811117, 0.2997853431174472, 3.5764296757693815E-9, 0.16869041841556529, 2.713637434405318E-10, 3.0062875683278213E-10, 0.13853205123292797
240, Flight22, UNKNOWN, 0.9999999999785838, 7.866238993941474E-12, 7.865549467284156E-12, 4.517253079663133E-12, 2.5738445650886986E-12, 4.1583360089286376E-12, 2.453151720423885E-12, 2.5737468178204412E-12
240, Flight22, LOWRISK1, 0.9999999999458917, 1.5768044895606718E-11, 1.5765504922095206E-11, 9.171088331042607E-12, 5.263679321490075E-12, 8.449783286989917E-12, 5.018473901832706E-12, 5.263409344428273E-12
240, Flight22, LOWRISK2, 0.9999999998507411, 3.8777842947667284E-11, 3.8770714077323613E-11, 2.2712511955115106E-11, 1.3087019855098472E-11, 2.09369476722351E-11, 1.247964507640316E-11, 1.308627436700872E-11
240, Flight22, LOWRISK3, 0.9999999997714222, 5.796176721327527E-11, 5.795092100778255E-11, 3.399931623670271E-11, 1.9607458492725128E-11, 3.134562860894668E-11, 1.8698356257047098E-11, 1.9606324891903633E-11
240, Flight22, LOWRISK4, 0.9999999993749373, 1.5384797332587522E-10, 1.5381915664386436E-10, 9.04166905107247E-11, 5.2203826739470526E-11, 8.337838375155988E-11, 4.978772116946691E-11, 5.22008017234241E-11
240, Flight23, SELECTEE, 0.46197893330418344, 0.2992666727942876, 0.2387543935653503, 1.2160662619048626E-10, 4.4547588757860125E-11, 9.548584688991432E-11, 4.0587669654164443E-11, 4.454282254518018E-11
240, Flight23, UNKNOWN, 0.9999999999899983, 5.106675729252336E-12, 5.107384406955686E-12, 2.893145630821329E-12, 1.6341786941217347E-12, 2.6609119619490268E-12, 1.5569365121926588E-12, 1.6341539997938906E-12
240, Flight23, LOWRISK1, 0.9999999999679356, 1.0439075760078814E-11, 1.0437700716991859E-11, 6.033175710340256E-12, 3.450370752257913E-12, 5.556329860868632E-12, 3.2891348486991354E-12, 3.450215964393888E-12
240, Flight23, LOWRISK2, 0.999999999819042, 4.6442341318561255E-11, 4.6433747415900796E-11, 2.7223998990125938E-11, 1.5693753397381005E-11, 2.5097382005852817E-11, 1.496576769652057E-11, 1.5692854186312112E-11
240, Flight23, LOWRISK3, 0.9999999997374767, 6.616823402975306E-11, 6.615587276101795E-11, 3.8830779764409276E-11, 2.2399427406447867E-11, 3.580136400030591E-11, 2.1361218757831444E-11, 2.239813321514553E-11
240, Flight23, LOWRISK4, 0.9999999981069599, 4.6042386987327456E-10, 4.603391307222328E-10, 2.708471268705179E-10, 1.5648048049818863E-10, 2.498148419054304E-10, 1.4925493041697515E-10, 1.564714597594351E-10
240, Flight24, SELECTEE, 4.01696755164554E-11, 0.12234466474559337, 0.11438358544774194, 8.806204801391528E-9, 0.404672174404007, 7.201747126598643E-10, 8.117895736941584E-10, 0.35859956503491086
240, Flight24, UNKNOWN, 0.8333333332981419, 0.11440984778813235, 0.052256818891031065, 1.1678566450746845E-11, 4.273931170997663E-12, 9.166393227506999E-12, 3.894216721666968E-12, 4.273442217839544E-12
240, Flight24, LOWRISK1, 0.5209522391688576, 0.33909609149590825, 0.13995166926988378, 2.6644891166199323E-11, 9.750552323765216E-12, 2.091312226230948E-11, 8.884295476060185E-12, 9.749432219210265E-12
240, Flight24, LOWRISK2, 0.4999999998808345, 0.28389646823366493, 0.21610353162619478, 9.466555249671814E-11, 3.466229615083112E-11, 7.432878446070407E-11, 3.15824886258334E-11, 3.4658440236425374E-11
240, Flight24, LOWRISK3, 0.5000000000496715, 0.26460626785240854, 0.23539373180488266, 1.065145187988452E-10, 3.899264400359884E-11, 8.36065120850666E-11, 3.552719859033931E-11, 3.8988193088953895E-11
240, Flight24, LOWRISK4, 0.9999999995327993, 1.1572920029799744E-10, 1.1570634769999556E-10, 6.792775780271442E-11, 3.9200429417954065E-11, 6.264370432036989E-11, 3.738687576552507E-11, 3.9198095439279224E-11
240, Flight25, SELECTEE, 0.46197893330135265, 0.30229793117843423, 0.23572313522734767, 1.0641573536241713E-10, 3.898218305253714E-11, 8.356397883225029E-11, 3.551730140164198E-11, 3.897798193317549E-11
240, Flight25, UNKNOWN, 0.9999999999957775, 3.710306330743798E-12, 3.711843003316328E-12, 2.073806139818638E-12, 1.156468727537709E-12, 1.9044036486072334E-12, 1.1009770627677466E-12, 1.1564801114516998E-12
240, Flight25, LOWRISK1, 0.9999999999458951, 1.5767001399650702E-11, 1.5764456893585725E-11, 9.170713049569787E-12, 5.2635144065456565E-12, 8.449436949203655E-12, 5.018319866509724E-12, 5.2632443310014185E-12
240, Flight25, LOWRISK2, 0.9999999999300445, 1.9599307000595095E-11, 1.9595974104472712E-11, 1.1426818812110635E-11, 6.567081668426847E-12, 1.0529812993372713E-11, 6.2615267043773756E-12, 6.566730809212134E-12
240, Flight25, LOWRISK3, 0.9999999995335632, 1.1548351236317879E-10, 1.1546186793083562E-10, 6.784646722500485E-11, 3.9163531617635665E-11, 6.256167041808939E-11, 3.735018381630547E-11, 3.9161261848482453E-11
240, Flight25, LOWRISK4, 0.9999999997978978, 5.15557097488348E-11, 5.154613140949503E-11, 3.0232924111101E-11, 1.743214201605766E-11, 2.787223817507547E-11, 1.6623733614964027E-11, 1.7431139731242696E-11
240, Flight26, SELECTEE, 2.413621762090976E-11, 0.28120685169727355, 0.24055219606228043, 5.4503518386420745E-9, 0.2575754667467132, 4.3569402752712447E-10, 4.895067391740188E-10, 0.2206654791046358
240, Flight26, UNKNOWN, 0.9999999999909124, 4.88563175821037E-12, 4.886526317020024E-12, 2.763317908056272E-12, 1.5588827463741924E-12, 2.5411649686418723E-12, 1.4851023878799364E-12, 1.55886436335219E-12
240, Flight26, LOWRISK1, 0.9999999999458535, 1.5780637829352574E-11, 1.5778078718259455E-11, 9.174874656815917E-12, 5.265445473678509E-12, 8.45390843961552E-12, 5.020308399181732E-12, 5.265177387510281E-12
240, Flight26, LOWRISK2, 0.9999999997096735, 8.115046449895725E-11, 8.112970442372432E-11, 4.007389946542229E-11, 2.1230200928691316E-11, 3.605500060104576E-11, 2.0049763655763412E-11, 2.122924284579163E-11
240, Flight26, LOWRISK3, 0.999999999741024, 6.765138317742239E-11, 6.763684309556237E-11, 3.7644108053949384E-11, 2.1091492896922378E-11, 3.441174441336189E-11, 2.0042110655280015E-11, 2.1090210115619526E-11
240, Flight26, LOWRISK4, 0.9999999993749014, 1.5385918056203846E-10, 1.5383031537078726E-10, 9.042101159388189E-11, 5.220571718804366E-11, 8.338217269169021E-11, 4.9789424824586995E-11, 5.220268866285735E-11
240, Flight27, SELECTEE, 1.5087484562846516E-11, 0.29346982423682677, 0.22828922500629786, 3.4652429327377825E-9, 0.26560243485135787, 2.7252165352908886E-10, 3.0613703501836167E-10, 0.21263851185712004
240, Flight27, UNKNOWN, 0.9999999999780815, 7.987704131753883E-12, 7.986975181541167E-12, 4.588762712021693E-12, 2.6151690628257326E-12, 4.2242513646485595E-12, 2.4925593004585202E-12, 2.6150682242804157E-12
240, Flight27, LOWRISK1, 0.9999999999679167, 1.044537518569296E-11, 1.0443995533402123E-11, 6.035130992110673E-12, 3.451243782560631E-12, 5.558347053176248E-12, 3.290018491861218E-12, 3.4510894740917093E-12
240, Flight27, LOWRISK2, 0.9999999997096735, 8.115046449895725E-11, 8.112970442372432E-11, 4.007389946542229E-11, 2.1230200928691316E-11, 3.605500060104576E-11, 2.0049763655763412E-11, 2.122924284579163E-11
240, Flight27, LOWRISK3, 0.999999999741024, 6.765138317742239E-11, 6.763684309556237E-11, 3.7644108053949384E-11, 2.1091492896922378E-11, 3.441174441336189E-11, 2.0042110655280015E-11, 2.1090210115619526E-11
240, Flight27, LOWRISK4, 0.9999999996286961, 9.247811320180944E-11, 9.246077317515936E-11, 5.4309093668184334E-11, 3.134167775210437E-11, 5.007629589128553E-11, 2.988986808533632E-11, 3.133986161893926E-11
240, Flight28, SELECTEE, 1.2013320520347424E-10, 0.11994597330816341, 0.11678226408627194, 2.5951302879735178E-8, 0.3894333485206916, 2.0914080283208284E-9, 2.3331495214404013E-9, 0.3738383835994712
240, Flight28, UNKNOWN, 0.8333333332971908, 0.128054768101502, 0.038611898593060044, 6.61032518856259E-12, 2.418709035176139E-12, 5.1877043412471745E-12, 2.2038242778458513E-12, 2.4184302320449324E-12
240, Flight28, LOWRISK1, 0.5209522391671222, 0.367925444219267, 0.11112231657460464, 1.740297040900864E-11, 6.367841435485754E-12, 1.3658142951855759E-11, 5.802113871870895E-12, 6.367105777445038E-12
240, Flight28, LOWRISK2, 0.4999999998710718, 0.3141506745715425, 0.1858493254464852, 4.262102921865956E-11, 1.5600248510697062E-11, 3.3458144186876535E-11, 1.4214276071704126E-11, 1.559847588422532E-11
240, Flight28, LOWRISK3, 0.5000000000695277, 0.26521900832043904, 0.23478099101385252, 2.1279028663771365E-10, 7.795204639840595E-11, 1.670644954821288E-10, 7.102200549480294E-11, 7.794375284568821E-11
240, Flight28, LOWRISK4, 0.9999999996282163, 9.263266024208193E-11, 9.26145286617041E-11, 5.435983609771607E-11, 3.136474661351711E-11, 5.012790050645031E-11, 2.99129498917809E-11, 3.136288852156872E-11
240, Flight29, SELECTEE, 0.46197893330135265, 0.30229793117843423, 0.23572313522734767, 1.0641573536241713E-10, 3.898218305253714E-11, 8.356397883225029E-11, 3.551730140164198E-11, 3.897798193317549E-11
240, Flight29, UNKNOWN, 0.9999999999871124, 5.804959868401857E-12, 5.805170055529272E-12, 3.303364461060278E-12, 1.871662420067648E-12, 3.039088323299932E-12, 1.7834505819072895E-12, 1.8716173137625447E-12
240, Flight29, LOWRISK1, 0.9999999999578862, 1.2868173532920853E-11, 1.2866246361773413E-11, 7.46381320226458E-12, 4.2771879258891665E-12, 6.875514289508098E-12, 4.0776677274542455E-12, 4.27697998465851E-12
240, Flight29, LOWRISK2, 0.9999999998629595, 3.582146151844589E-11, 3.5814922528398776E-11, 2.097419828681581E-11, 1.2083050367988983E-11, 1.9333918295552262E-11, 1.152215775158293E-11, 1.2082366126998195E-11
240, Flight29, LOWRISK3, 0.999999999374973, 1.5383680579046146E-10, 1.5380799759567265E-10, 9.041255653131834E-11, 5.2201947758773355E-11, 8.337462719386843E-11, 4.9786035164124216E-11, 5.21989223691845E-11
240, Flight29, LOWRISK4, 0.9999999996287285, 9.246806484846158E-11, 9.245074398107111E-11, 5.430525742468633E-11, 3.133996601486832E-11, 5.007291248652917E-11, 2.9888347615027586E-11, 3.133815081535395E-11
240, Flight30, SELECTEE, 0.1413192889352023, 0.4459769265744411, 0.41270378328678897, 4.259507259050053E-10, 1.5598301571178807E-10, 3.341740621789007E-10, 1.4208556331998694E-10, 1.5596614069225766E-10
240, Flight30, UNKNOWN, 0.9999999999835422, 6.66814166082595E-12, 6.667899068371584E-12, 3.811415133888048E-12, 2.165594951463193E-12, 3.507486135575679E-12, 2.0637877144940004E-12, 2.1655264881918804E-12
240, Flight30, LOWRISK1, 0.9999999999332145, 1.883284079518947E-11, 1.882967016746746E-11, 1.0975585186066011E-11, 6.306374544868269E-12, 1.0113744754804371E-11, 6.012893332718162E-12, 6.30604021297026E-12
240, Flight30, LOWRISK2, 0.9999999997714575, 5.7950639646843424E-11, 5.793984749640841E-11, 3.3995233002921796E-11, 1.9605666106668177E-11, 3.134188863702044E-11, 1.8696678366264062E-11, 1.960453651874378E-11
240, Flight30, LOWRISK3, 0.9999999993749389, 1.538474986914869E-10, 1.5381868218125742E-10, 9.041658024125592E-11, 5.220376421813542E-11, 8.337822835297861E-11, 4.978765222111331E-11, 5.2200738938960706E-11
240, Flight30, LOWRISK4, 0.9999999997978964, 5.155611904943675E-11, 5.154654862424498E-11, 3.0233036479142563E-11, 1.7432207503350213E-11, 2.7872376888683066E-11, 1.6623797111369857E-11, 1.7431205939981978E-11
240, Flight31, SELECTEE, 0.14131928887516343, 0.49507450503074274, 0.3636062058009551, 1.0654636641896108E-10, 3.900430290425338E-11, 8.3642777850587E-11, 3.553707965100319E-11, 3.899989580941567E-11
240, Flight31, UNKNOWN, 0.9999999999820789, 7.021684686003663E-12, 7.021294033995919E-12, 4.0196772449032456E-12, 2.286070413732567E-12, 3.6995202579782646E-12, 2.178691247563474E-12, 2.28599304177558E-12
240, Flight31, LOWRISK1, 0.9999999999628978, 1.165676558402977E-11, 1.1655108104888484E-11, 6.750371046407936E-12, 3.864876797867689E-12, 6.217647233503594E-12, 3.684446894027516E-12, 3.864695192280754E-12
240, Flight31, LOWRISK2, 0.999999999882476, 3.110193636328083E-11, 3.109632380153611E-11, 1.8196730307858402E-11, 1.0478402001732164E-11, 1.6772648886945337E-11, 9.991778661781044E-12, 1.0477814348888448E-11
240, Flight31, LOWRISK3, 0.9999999981065113, 4.6056153945070766E-10, 4.6047644796754145E-10, 2.7090298586162356E-10, 1.565052540324442E-10, 2.4986187603247633E-10, 1.4927620738118635E-10, 1.5649620895470517E-10
240, Flight31, LOWRISK4, 0.999999999374978, 1.538353871822473E-10, 1.538066120788477E-10, 9.041165234906083E-11, 5.2201621219205515E-11, 8.33741307202427E-11, 4.978580885930367E-11, 5.2198599135470145E-11
240, Flight32, SELECTEE, 1.5073115787916964E-11, 0.12619398649011412, 0.11053426774183207, 3.4098960820417943E-9, 0.4403378874030244, 2.7239260097006317E-10, 3.079883046538891E-10, 0.32293385437027106
240, Flight32, UNKNOWN, 0.8333333332974597, 0.12304183294947071, 0.04362483374073531, 8.04412459019959E-12, 2.9434814013376745E-12, 6.313169157184926E-12, 2.681973308818051E-12, 2.943142821820841E-12
240, Flight32, LOWRISK1, 0.5209522391693746, 0.3322016928917863, 0.1468460678656339, 2.940043613857023E-11, 1.0759158514465052E-11, 2.3076219916047028E-11, 9.803290896734741E-12, 1.0757923913902829E-11
240, Flight32, LOWRISK2, 0.4999999998714927, 0.31212478754376655, 0.18787521246744773, 4.4863185179521545E-11, 1.6421222421203196E-11, 3.5218678449562034E-11, 1.496230749004319E-11, 1.64193582676825E-11
240, Flight32, LOWRISK3, 0.5000000000562921, 0.26861905303580785, 0.23138094651383295, 1.4190456078261157E-10, 5.198096007730416E-11, 1.1143687357119523E-10, 4.736118936531937E-11, 5.197531038226153E-11
240, Flight32, LOWRISK4, 0.9999999996918033, 7.724274409842882E-11, 7.722773385682811E-11, 4.5317006012512466E-11, 2.6142136549976574E-11, 4.178667191346892E-11, 2.4931553851617544E-11, 2.614059445809064E-11
240, Flight33, SELECTEE, 0.46197893343777846, 0.2744219730519098, 0.26359909110347407, 8.477892715371217E-10, 3.1096308294896097E-10, 6.645071964473415E-10, 2.8323677527337094E-10, 3.1093313727726854E-10
240, Flight33, UNKNOWN, 0.9999999999845396, 6.4270136479705865E-12, 6.426883152149898E-12, 3.669440542376699E-12, 2.0834717865477572E-12, 3.3765913342016195E-12, 1.9854647097580693E-12, 2.0834096707917604E-12
