TimeWindow, Flight, RiskCategory, O113, O114, O115, O116, O117, O118, O119, O120
240, Flight1, SELECTEE, 1.1141465610546672E-10, 1.0026297751226601E-9, 7.519921680398731E-10, 0.4592105655105387, 0.2655463349322536, 0.1657894336248508, 0.10945366111929256, 3.0079034204186037E-9
240, Flight1, UNKNOWN, 0.9999999997528578, 6.353987911164596E-11, 5.520220475829512E-11, 5.520360702025574E-11, 2.683006985018049E-11, 5.5203336537116665E-11, 2.683006727279199E-11, 2.5208790865012256E-11
240, Flight1, LOWRISK1, 0.9999999995343297, 1.0874558111195843E-10, 9.436320283650463E-11, 9.436302472533736E-11, 4.582662938744626E-11, 9.436333024511335E-11, 4.5826648526604144E-11, 4.305778221744371E-11
240, Flight1, LOWRISK2, 0.999999998233662, 3.964381237907335E-10, 3.250450581378941E-10, 3.4390362897570174E-10, 1.4279730306589697E-10, 3.439038402911769E-10, 1.4279734893941117E-10, 1.323282768092473E-10
240, Flight1, LOWRISK3, 0.9999999775038522, 4.738309867954782E-9, 4.032808224285546E-9, 4.115761332558677E-9, 1.8926138414503966E-9, 4.11590616776356E-9, 1.8926456863554407E-9, 1.768978640665465E-9
240, Flight1, LOWRISK4, 0.9999999975783571, 5.117400144980558E-10, 4.445240323554959E-10, 4.445235118317627E-10, 2.1675104098488105E-10, 4.445244083004266E-10, 2.1675130444862306E-10, 2.0370452650760786E-10
240, Flight2, SELECTEE, 0.14252802167122555, 0.21724780995795806, 5.4141043077214265E-9, 0.3621993375265439, 9.023688741777671E-10, 0.27802482291284375, 9.023602337587928E-10, 7.734710293198461E-10
240, Flight2, UNKNOWN, 0.9999999997035938, 7.371874216606742E-11, 6.40282272235522E-11, 6.402894285718856E-11, 3.111891683173591E-11, 6.402923114841448E-11, 3.111893596286254E-11, 2.923915318799981E-11
240, Flight2, LOWRISK1, 0.9999999994552828, 1.2503410535175715E-10, 1.0851495360010477E-10, 1.0851456223550266E-10, 5.273284084996621E-11, 1.085151011341589E-10, 5.273287604137592E-11, 4.9548692513667593E-11
240, Flight2, LOWRISK2, 0.9999999992296031, 1.7156799812934094E-10, 1.489256609901997E-10, 1.4892539348667582E-10, 7.243264965513788E-11, 1.4892569957308048E-10, 7.24326860611551E-11, 6.806268642312201E-11
240, Flight2, LOWRISK3, 0.9999999802467159, 4.0819308922557855E-9, 3.5470325323643752E-9, 3.5470434811060695E-9, 1.731741965371191E-9, 3.5470311514997445E-9, 1.7317537180157066E-9, 1.6276262210948408E-9
240, Flight2, LOWRISK4, 0.9999999978538017, 4.549797496003495E-10, 3.952102721580245E-10, 3.9520937470186946E-10, 1.9268771188368973E-10, 3.952104335540608E-10, 1.9268796619487603E-10, 1.8108851943652683E-10
240, Flight3, SELECTEE, 0.1432163732400016, 0.21105264746019733, 3.867072990074255E-9, 0.3629723619086006, 6.445592717186426E-10, 0.2827586117434023, 6.445546836918525E-10, 5.524871720079946E-10
240, Flight3, UNKNOWN, 0.9999999999291077, 2.6493001895100517E-11, 2.3558638262622118E-11, 2.3559112792247837E-11, 1.176813520992026E-11, 2.3559450679981593E-11, 1.1768121912460434E-11, 1.1061469700045625E-11
240, Flight3, LOWRISK1, 0.9999999996524602, 8.431172183529263E-11, 7.319415879592194E-11, 7.319397527721115E-11, 3.555639299928979E-11, 7.319473316261992E-11, 3.555643000314758E-11, 3.340813450124007E-11
240, Flight3, LOWRISK2, 0.999999999111578, 1.9588831921217832E-10, 1.700556056227408E-10, 1.7005536387699787E-10, 8.274426396497539E-11, 1.7005564432748075E-10, 8.274430582626708E-11, 7.775414239176912E-11
240, Flight3, LOWRISK3, 0.9999999802467159, 4.0819308922557855E-9, 3.5470325323643752E-9, 3.5470434811060695E-9, 1.731741965371191E-9, 3.5470311514997445E-9, 1.7317537180157066E-9, 1.6276262210948408E-9
240, Flight3, LOWRISK4, 0.9999999951024868, 1.0217403909189492E-9, 8.877191680747195E-10, 8.877215640185211E-10, 4.331802046205664E-10, 8.877222783378961E-10, 4.331809568511023E-10, 4.0712441022453165E-10
240, Flight4, SELECTEE, 3.7805547142820764E-11, 1.095614336932532E-10, 1.0614166077374826E-10, 4.132956897505555E-10, 0.9999999927184623, 1.4362898350833559E-10, 2.2769139115544727E-10, 6.3042886029309366E-9
240, Flight4, UNKNOWN, 0.6986012265710592, 0.045922290125842986, 2.333793066834163E-10, 0.1081556866727256, 3.889682021320384E-11, 0.1473207963467346, 3.889682297450178E-11, 3.3340521404474383E-11
240, Flight4, LOWRISK1, 0.39595974591658295, 0.10302895586928841, 6.445631460443191E-10, 0.2449717918420284, 1.0742914895831411E-10, 0.2560395054814714, 1.074291179140187E-10, 9.20832189876526E-11
240, Flight4, LOWRISK2, 0.2379929684046574, 0.19139661069721794, 2.4608871843852385E-9, 0.3200758370731514, 4.101788003869408E-10, 0.2505345802530194, 4.1017726421724177E-10, 3.515863895609415E-10
240, Flight4, LOWRISK3, 0.23321879463131495, 0.23436415094958687, 2.715827230724421E-8, 0.2863297388644242, 4.510286102511226E-9, 0.24608727557065643, 4.510203362045242E-9, 3.8661317900389806E-9
240, Flight4, LOWRISK4, 0.9999999936281153, 1.5694250417445937E-9, 1.074040258394922E-9, 1.3581105380818158E-9, 3.6981713043566445E-10, 1.3581455601982195E-9, 3.698200353601115E-10, 3.334016221050198E-10
240, Flight5, SELECTEE, 1.6711861365382644E-10, 1.5038904768575642E-9, 1.127948411179374E-9, 0.45115430840999315, 0.2822699731184701, 0.1738456889151961, 0.09273002230683164, 4.511427307466337E-9
240, Flight5, UNKNOWN, 0.9999999999037614, 3.197731487287907E-11, 2.81135234707376E-11, 2.8114951906070545E-11, 1.3876280840247749E-11, 2.8114700491675816E-11, 1.387625192834308E-11, 1.3041389117941636E-11
240, Flight5, LOWRISK1, 0.999999999634793, 8.799423323980406E-11, 7.636586000274109E-11, 7.63658266032759E-11, 3.707721340196197E-11, 7.636619163483528E-11, 3.707723345576945E-11, 3.483613963065755E-11
240, Flight5, LOWRISK2, 0.9999999980399321, 4.353216104596346E-10, 3.600650811365687E-10, 3.7771997420273516E-10, 1.605350043984982E-10, 3.7772060884711153E-10, 1.6053508307654234E-10, 1.4904620947546023E-10
240, Flight5, LOWRISK3, 0.9999999971543275, 6.136575065447017E-10, 5.194863804834744E-10, 5.327891495121059E-10, 2.4129470083662945E-10, 5.327894931029208E-10, 2.4129483136443526E-10, 2.2523652404087924E-10
240, Flight5, LOWRISK4, 0.9999999951020168, 1.0218539135495813E-9, 8.878151237619227E-10, 8.878139552543812E-10, 4.332057312758153E-10, 8.878166532708709E-10, 4.3320669103024537E-10, 4.0714710913271647E-10
240, Flight6, SELECTEE, 5.652687559559557E-10, 4.815501358089744E-9, 2.5695321295623517E-9, 0.6018661950116165, 1.4162236146379594E-9, 0.3981337931465234, 1.4135792490088027E-9, 1.1226309332911698E-9
240, Flight6, UNKNOWN, 0.9999999998765063, 3.7773993794381015E-11, 3.30147366279575E-11, 3.301554855281654E-11, 1.6174920284503338E-11, 3.301559404892414E-11, 1.6174915614859603E-11, 1.519967853726438E-11
240, Flight6, LOWRISK1, 0.9999999995343759, 1.0873233615394026E-10, 9.435404157470536E-11, 9.435371099335623E-11, 4.582475918212972E-11, 9.43541754305623E-11, 4.582478693884155E-11, 4.305615643819144E-11
240, Flight6, LOWRISK2, 0.9999999991114604, 1.95921110152199E-10, 1.7007914115792298E-10, 1.7007902935542694E-10, 8.274923564661498E-11, 1.7007920536194967E-10, 8.274926556985555E-11, 7.775850022827278E-11
240, Flight6, LOWRISK3, 0.9999999901492928, 2.042091376437976E-9, 1.7744048429945516E-9, 1.7744032164378659E-9, 8.66116584863808E-10, 1.7744138401574975E-9, 8.661197771186361E-10, 8.140335308758064E-10
240, Flight6, LOWRISK4, 0.9999999972246011, 5.846114537026323E-10, 5.078500366395654E-10, 5.078492967563216E-10, 2.4767284926991557E-10, 5.078504719817252E-10, 2.476732144965493E-10, 2.3276750077304502E-10
240, Flight7, SELECTEE, 1.43228857705604E-10, 1.289121324723786E-9, 9.667566866943754E-10, 0.20519431484804157, 0.6793132651568143, 0.04480568239426386, 0.07068673139503183, 3.867617536772955E-9
240, Flight7, UNKNOWN, 0.9999999998528991, 4.2731892869981585E-11, 3.725572431167047E-11, 3.7259427718404244E-11, 1.818974034929456E-11, 3.725816656640942E-11, 1.8189696577218638E-11, 1.7091903263358406E-11
240, Flight7, LOWRISK1, 0.7718556528901698, 0.053299128000597266, 6.295399716477504E-10, 0.08544586700787218, 1.0492890136300981E-10, 0.08939935123289855, 1.0492891446594526E-10, 8.994026946204877E-11
240, Flight7, LOWRISK2, 0.5419191674955377, 0.12272748447901421, 1.3535094865207388E-9, 0.1657536954625838, 2.255972670464368E-10, 0.1695996506256644, 2.2559722818862575E-10, 1.9337165222261542E-10
240, Flight7, LOWRISK3, 0.540637451340629, 0.13426293140024992, 3.0076977326311444E-9, 0.1596845143830548, 5.013099436346176E-10, 0.16541509849692382, 5.013098161904805E-10, 4.29700939246298E-10
240, Flight7, LOWRISK4, 0.9999999972244763, 5.846439940206129E-10, 5.078746936673825E-10, 5.078745720416071E-10, 2.476787973521346E-10, 5.078755747598724E-10, 2.476790885004939E-10, 2.3277279321657288E-10
240, Flight8, SELECTEE, 5.012199753836803E-10, 4.56802878439227E-9, 3.402166797769383E-9, 0.11961289340012203, 0.8154096506441239, 0.02324423469116588, 0.04173319927426177, 1.3579786969762326E-8
240, Flight8, UNKNOWN, 0.9999999994111555, 1.7517543906491754E-10, 9.516733215280647E-11, 1.5096816850559843E-10, 2.6834687253567303E-11, 1.509683279607696E-10, 2.683468973777668E-11, 2.377173318010909E-11
240, Flight8, LOWRISK1, 0.6092801528329045, 0.08790719932561616, 5.885061776110725E-10, 0.14373492555721287, 9.808699796626145E-11, 0.1590777214763864, 9.808700215106246E-11, 8.407560465428154E-11
240, Flight8, LOWRISK2, 0.4128332918183956, 0.14164322385555667, 1.1769915869219689E-9, 0.22595985328833026, 1.9617345034696755E-10, 0.21956362936110402, 1.9617334247617392E-10, 1.6815077353657566E-10
240, Flight8, LOWRISK3, 0.40871845060636475, 0.17867679473990322, 3.867031790616805E-9, 0.20860448454888433, 6.445432644454763E-10, 0.20400026445713199, 6.445423421346929E-10, 5.524742762082959E-10
240, Flight8, LOWRISK4, 0.9999999972244902, 5.84639214731325E-10, 5.078714016991883E-10, 5.078719013298794E-10, 2.476787592762811E-10, 5.078727694448624E-10, 2.4767901361685307E-10, 2.327727819162073E-10
240, Flight9, SELECTEE, 2.0051342533134353E-10, 1.8050621084006608E-9, 1.3535072356597785E-9, 0.20514671056805267, 0.6798889087727722, 0.044853284811796554, 0.07011108713456404, 5.414607435074225E-9
240, Flight9, UNKNOWN, 0.9999999997092403, 7.260908334778883E-11, 6.302775972038023E-11, 6.302961261484194E-11, 3.059675377735676E-11, 6.302902596273601E-11, 3.059673852640389E-11, 2.8746645188052888E-11
240, Flight9, LOWRISK1, 0.7720626169411, 0.051436451610929794, 5.639675895681364E-10, 0.08629509050622299, 9.399908070644618E-11, 0.09020584017008561, 9.399909210667323E-11, 8.057170597730242E-11
240, Flight9, LOWRISK2, 0.539704217366005, 0.1426620335176263, 3.383691306163947E-9, 0.1629514254366738, 5.639701950835317E-10, 0.15468231874552849, 5.639698678025913E-10, 4.8341070870524E-10
240, Flight9, LOWRISK3, 0.5397933361606934, 0.14185996762564346, 3.3837235678792553E-9, 0.15745408886841114, 5.639684057259425E-10, 0.1608926024110583, 5.639682228471586E-10, 4.834091872602497E-10
240, Flight9, LOWRISK4, 0.9999999802458203, 4.0820853754553415E-9, 3.5472130513937372E-9, 3.5471706589220967E-9, 1.7318230012919294E-9, 3.547219769205241E-9, 1.731840031774633E-9, 1.6277038365095036E-9
240, Flight10, SELECTEE, 4.638891785256164E-10, 3.752936183663369E-9, 1.8073062006834026E-9, 0.6013343772128249, 7.835008883651404E-10, 0.39866561462079786, 7.827745744548699E-10, 6.368461236607445E-10
240, Flight10, UNKNOWN, 0.9999999997827984, 5.733857185111866E-11, 4.983528080412729E-11, 4.983602683461979E-11, 2.42318668235152E-11, 4.9836143385681655E-11, 2.4231879554149194E-11, 2.276753482075434E-11
240, Flight10, LOWRISK1, 0.9999999996256032, 8.989009952284108E-11, 7.80116343128217E-11, 7.801133788649802E-11, 3.787898026951373E-11, 7.801193137857414E-11, 3.787901113224474E-11, 3.558963318672154E-11
240, Flight10, LOWRISK2, 0.9999999990642652, 2.0564493927357077E-10, 1.7852815080723425E-10, 1.7852805123980038E-10, 8.687330527895496E-11, 1.7852822707648393E-10, 8.687333744795766E-11, 8.163458413677605E-11
240, Flight10, LOWRISK3, 0.9999999802462701, 4.081986320769134E-9, 3.547123239061813E-9, 3.5470890106784663E-9, 1.731791066322643E-9, 3.5471343873763376E-9, 1.7318072184017283E-9, 1.6276747526656533E-9
240, Flight10, LOWRISK4, 0.9999999901494893, 2.042052390712615E-9, 1.774370910078925E-9, 1.7743622932428604E-9, 8.661015224702802E-10, 1.7743740921859033E-9, 8.661055824290241E-10, 8.140197527467634E-10
240, Flight11, SELECTEE, 4.2068041385586355E-11, 1.0863327364467162E-10, 1.0735147173530348E-10, 3.417324419905312E-10, 0.9999999815032051, 1.3546564821548305E-10, 2.2739599092624173E-10, 1.7595023841658874E-8
240, Flight11, UNKNOWN, 0.6963194695675265, 0.06645810297241134, 4.1017423311539557E-10, 0.10830313106679952, 6.836378076386873E-11, 0.1289192958486382, 6.836378558133316E-11, 5.859823681808305E-11
240, Flight11, LOWRISK1, 0.393629264954536, 0.12400328462417516, 5.524857975952609E-10, 0.2339817128905924, 9.208228206762788E-11, 0.24838573677599343, 9.208226159719143E-11, 7.892859430154402E-11
240, Flight11, LOWRISK2, 0.23995892103661168, 0.17370303829865097, 1.2305041774838471E-9, 0.32845203032986486, 2.0509200908605894E-10, 0.25788600857926514, 2.050916408544504E-10, 1.7579523718616073E-10
240, Flight11, LOWRISK3, 0.23695392374467075, 0.20074801333744882, 3.867008755099972E-9, 0.30479978817564674, 6.445582996627422E-10, 0.257498269094501, 6.445550373358854E-10, 5.524863788148372E-10
240, Flight11, LOWRISK4, 0.9999999929994289, 1.6022659702621148E-9, 1.2367357246443788E-9, 1.389000974281149E-9, 4.953160670995827E-10, 1.388985234738291E-9, 4.953174203230933E-10, 4.5382577167363727E-10
240, Flight12, SELECTEE, 1.6710711687793737E-10, 1.503841688351774E-9, 1.1278749800955452E-9, 0.31589933534826053, 0.500341768265056, 0.08410066148185204, 0.09965822765521645, 4.511666920618801E-9
240, Flight12, UNKNOWN, 0.9999999997747717, 5.900902704859963E-11, 5.1275610120912165E-11, 5.127735486969148E-11, 2.4923864357450108E-11, 5.127688115910818E-11, 2.4923854897341072E-11, 2.341749894386018E-11
240, Flight12, LOWRISK1, 0.9999999992633387, 1.6650757854955017E-10, 1.4279927871374672E-10, 1.444784322903558E-10, 6.785819040548628E-11, 1.4447836211597537E-10, 6.785819545645882E-11, 6.355722141203822E-11
240, Flight12, LOWRISK2, 0.7255472643313439, 0.07007461114781466, 1.804611611128092E-9, 0.10346636015674619, 3.00787123176901E-10, 0.10091176176096354, 3.0078715514053607E-10, 2.5782148906807456E-10
240, Flight12, LOWRISK3, 0.7224739965458703, 0.09773401279207639, 1.3569987342387867E-8, 0.08963212390221491, 2.2550085246457905E-9, 0.09015984680782267, 2.254993899635813E-9, 1.932901711449048E-9
240, Flight12, LOWRISK4, 0.9999999972244641, 5.846478603899128E-10, 5.078774764563705E-10, 5.078770150051299E-10, 2.476790897325336E-10, 5.078781514749912E-10, 2.4767941655890934E-10, 2.327730426223453E-10
240, Flight13, SELECTEE, 1.1139974536936641E-10, 1.0068509323016697E-9, 7.533640839430352E-10, 0.05270342240900242, 0.919152747583733, 0.009796575404961445, 0.018347249778810144, 3.012753983863247E-9
240, Flight13, UNKNOWN, 0.8282005220243094, 0.04619529698608149, 4.667333136545881E-10, 0.05794207028874902, 7.779234249011746E-11, 0.0676621100727378, 7.779235048181482E-11, 6.668002376292031E-11
240, Flight13, LOWRISK1, 0.4904867284162592, 0.08561944718813616, 5.524828508169931E-10, 0.2046112888640668, 9.20820658533797E-11, 0.2192825347768383, 9.20820584771626E-11, 7.892842545292115E-11
240, Flight13, LOWRISK2, 0.31203889534844004, 0.19164993334624847, 3.38365860322669E-9, 0.27052155966304525, 5.639859337816765E-10, 0.22578960670809012, 5.639841433482731E-10, 4.834234547253715E-10
240, Flight13, LOWRISK3, 0.31029521186705106, 0.20734308499666523, 5.413974151496534E-9, 0.25039893346616093, 9.0235271190169E-10, 0.23196276173886476, 9.023491441305966E-10, 7.73457811089668E-10
240, Flight13, LOWRISK4, 0.9999999960922086, 8.178869318352805E-10, 7.10561311852579E-10, 7.10568311432438E-10, 3.4664544036146236E-10, 7.105699697907226E-10, 3.4664591372070437E-10, 3.2578944391967325E-10
240, Flight14, SELECTEE, 1.253406110712755E-10, 1.1279472343595076E-9, 8.459833740877385E-10, 0.4526441789758811, 0.2806812867129664, 0.1723558197069542, 0.09431870918203251, 3.3837705012457348E-9
240, Flight14, UNKNOWN, 0.9999999999252331, 2.734671948682461E-11, 2.4254734417020798E-11, 2.4256152384436743E-11, 1.2085041739756804E-11, 2.4255936035608033E-11, 1.2085011308690012E-11, 1.1359070220977956E-11
240, Flight14, LOWRISK1, 0.9999999995605356, 1.0333526221264095E-10, 8.966912586486373E-11, 8.966896253385612E-11, 4.3542892591986444E-11, 8.966929345463458E-11, 4.3542912253196444E-11, 4.091172727455874E-11
240, Flight14, LOWRISK2, 0.99999999830776, 3.818787078992639E-10, 3.115656660329288E-10, 3.3123543204170023E-10, 1.357610302145356E-10, 3.312358232047532E-10, 1.3576109094972559E-10, 1.2567803223570468E-10
240, Flight14, LOWRISK3, 0.9999999962217035, 8.093223645002141E-10, 6.862440519797755E-10, 7.027554256558928E-10, 3.1975113983413387E-10, 7.027557553955998E-10, 3.19751326401898E-10, 2.985925894280712E-10
240, Flight14, LOWRISK4, 0.9999999960925574, 8.178065204612069E-10, 7.104976639341646E-10, 7.104968537836518E-10, 3.466238784248533E-10, 7.104986710748894E-10, 3.4662451104709745E-10, 3.25770116461433E-10
240, Flight15, SELECTEE, 1.2532042354922643E-10, 1.1284456916965203E-9, 8.460420203141951E-10, 0.11972163880118646, 0.8149110132771845, 0.023135501619654445, 0.04223184087805692, 3.3849853064803638E-9
240, Flight15, UNKNOWN, 0.999999999401781, 1.685846663784138E-10, 1.0471333595763414E-10, 1.4542957494247988E-10, 3.280663218891255E-11, 1.454296692233163E-10, 3.280663490918262E-11, 2.9324454248948724E-11
240, Flight15, LOWRISK1, 0.6079437857646647, 0.09993450254343753, 9.668018685410454E-10, 0.14141550544780074, 1.611414782851744E-10, 0.15070620487776493, 1.611414796543472E-10, 1.3812307670350726E-10
240, Flight15, LOWRISK2, 0.4111214388795374, 0.15704989964767174, 1.8046686087549612E-9, 0.2225529967282058, 3.0079642880416614E-10, 0.20927566214137072, 3.007961597267659E-10, 2.578289323067347E-10
240, Flight15, LOWRISK3, 0.40866182740889023, 0.17918640047763426, 6.7678036703102595E-9, 0.20918678231004562, 1.1279026429216602E-9, 0.20296497987390785, 1.1278998837451335E-9, 9.667915797104193E-10
240, Flight15, LOWRISK4, 0.99999999014896, 2.042165984564139E-9, 1.7744666786534842E-9, 1.774469542201254E-9, 8.661374525864821E-10, 1.7744826956156192E-9, 8.661409895932739E-10, 8.140523626154676E-10
240, Flight16, SELECTEE, 1.4323571126095212E-10, 1.2890086504928456E-9, 9.66761963680545E-10, 0.31580917613642556, 0.4997969958453794, 0.08419082146946752, 0.10020300034339306, 3.867203874333161E-9
240, Flight16, UNKNOWN, 0.9999999997428756, 6.562763709190002E-11, 5.699541651779611E-11, 5.699686590191267E-11, 2.7685854550085674E-11, 5.699653474007214E-11, 2.7685849852405193E-11, 2.6012233379726465E-11
240, Flight16, LOWRISK1, 0.9999999995777887, 1.0067014674779912E-10, 8.653917959239776E-11, 8.734325947188295E-11, 4.126087581253682E-11, 8.73438371551351E-11, 4.1260913373601615E-11, 3.866876305891345E-11
240, Flight16, LOWRISK2, 0.72413397094677, 0.08279425200701616, 1.4247209071482695E-9, 0.0950841660309144, 2.3746531330776334E-10, 0.0979876089729789, 2.374653346211699E-10, 2.035446507545349E-10
240, Flight16, LOWRISK3, 0.7224605459054745, 0.09785507567641087, 6.781268188464997E-9, 0.09020842476739409, 1.1277778699448242E-9, 0.08947594370810628, 1.1277756624856617E-9, 9.666683128761128E-10
240, Flight16, LOWRISK4, 0.9999999934509254, 1.3619783375824182E-9, 1.1833825970386941E-9, 1.1833797065736548E-9, 5.775189296100956E-10, 1.1833857605407277E-9, 5.775207195417844E-10, 5.427845567536763E-10
240, Flight17, SELECTEE, 1.1139974536936641E-10, 1.0068509323016697E-9, 7.533640839430352E-10, 0.05270342240900242, 0.919152747583733, 0.009796575404961445, 0.018347249778810144, 3.012753983863247E-9
240, Flight17, UNKNOWN, 0.8290590594474866, 0.038468460371039175, 2.8199297347638175E-10, 0.06052429321608794, 4.699998890482061E-11, 0.07194818660998308, 4.699999328415638E-11, 4.028620080378004E-11
240, Flight17, LOWRISK1, 0.48826920157889736, 0.10557718857599213, 6.941383125923989E-10, 0.1948082361014879, 1.1569257827441149E-10, 0.2113453727798089, 1.1569256396085304E-10, 9.916627009251091E-11
240, Flight17, LOWRISK2, 0.31203889534844004, 0.19164993334624847, 3.38365860322669E-9, 0.27052155966304525, 5.639859337816765E-10, 0.22578960670809012, 5.639841433482731E-10, 4.834234547253715E-10
240, Flight17, LOWRISK3, 0.3115751517178705, 0.19582362796013486, 3.86702140464547E-9, 0.25545079414177135, 6.445510816388109E-10, 0.23715042053249688, 6.445491618636536E-10, 5.524805808022235E-10
240, Flight17, LOWRISK4, 0.9999999951015089, 1.0219704873307203E-9, 8.879071544579136E-10, 8.879183792575149E-10, 4.3323692011018224E-10, 8.879212081959436E-10, 4.3323768894046476E-10, 4.0717504997578285E-10
240, Flight18, SELECTEE, 4.858357049489755E-10, 3.984890438234486E-9, 1.989666577956031E-9, 0.6013402884302612, 9.271631818357385E-10, 0.39865970256878114, 9.258932997329045E-10, 7.483841961826862E-10
240, Flight18, UNKNOWN, 0.9999999997827984, 5.733857185111866E-11, 4.983528080412729E-11, 4.983602683461979E-11, 2.42318668235152E-11, 4.9836143385681655E-11, 2.4231879554149194E-11, 2.276753482075434E-11
240, Flight18, LOWRISK1, 0.9999999993213047, 1.5267901127866972E-10, 1.3251031396833201E-10, 1.3251013731125714E-10, 6.44165057392556E-11, 1.3251033619767487E-10, 6.441652954654227E-11, 6.052838324017776E-11
240, Flight18, LOWRISK2, 0.9999999992294818, 1.71601916650142E-10, 1.489498192431626E-10, 1.4894966070758017E-10, 7.243770253476697E-11, 1.489498596790835E-10, 7.243772851285743E-11, 6.806710560095727E-11
240, Flight18, LOWRISK3, 0.9999999975783548, 5.117395529604845E-10, 4.445240397205066E-10, 4.4452400768415444E-10, 2.1675162421878662E-10, 4.445247180226848E-10, 2.1675182712581086E-10, 2.0370507348358665E-10
240, Flight18, LOWRISK4, 0.9999999901494893, 2.042052390712615E-9, 1.774370910078925E-9, 1.7743622932428604E-9, 8.661015224702802E-10, 1.7743740921859033E-9, 8.661055824290241E-10, 8.140197527467634E-10
240, Flight19, SELECTEE, 2.0051342533134353E-10, 1.8050621084006608E-9, 1.3535072356597785E-9, 0.20514671056805267, 0.6798889087727722, 0.044853284811796554, 0.07011108713456404, 5.414607435074225E-9
240, Flight19, UNKNOWN, 0.9999999998711093, 3.890584438933779E-11, 3.3984052796503464E-11, 3.398782272734108E-11, 1.6635129608999644E-11, 3.398659574388163E-11, 1.6635081477468926E-11, 1.563194238939364E-11
240, Flight19, LOWRISK1, 0.7716373287253259, 0.05526404539741148, 7.123672184797369E-10, 0.08460098855396586, 1.1873489740368274E-10, 0.08849763633256136, 1.187349127217495E-10, 1.0177417038948096E-10
240, Flight19, LOWRISK2, 0.5390534086106705, 0.1485193111333253, 4.511956815002455E-9, 0.16155894271022916, 7.519414364184062E-10, 0.15086833094627974, 7.51940854213663E-10, 6.445319271163743E-10
240, Flight19, LOWRISK3, 0.5378354522800227, 0.15948091189232141, 1.3553201338518468E-8, 0.15304667966666802, 2.2554031815182565E-9, 0.1496369362246199, 2.2553956960402754E-9, 1.9332435560475023E-9
240, Flight19, LOWRISK4, 0.9999999934509, 1.3619831722582067E-9, 1.1833863681459753E-9, 1.183385267895524E-9, 5.775211123261957E-10, 1.1833907408213268E-9, 5.775227210970828E-10, 5.42786524511807E-10
240, Flight20, SELECTEE, 3.7805547142820764E-11, 1.095614336932532E-10, 1.0614166077374826E-10, 4.132956897505555E-10, 0.9999999927184623, 1.4362898350833559E-10, 2.2769139115544727E-10, 6.3042886029309366E-9
240, Flight20, UNKNOWN, 0.6980839016860872, 0.05057821406237516, 2.6030696744806256E-10, 0.11029210974311326, 4.3384884369138355E-11, 0.14104577418503578, 4.338488746305878E-11, 3.7187480920935055E-11
240, Flight20, LOWRISK1, 0.39564558622966167, 0.10585639301781613, 6.767900197138586E-10, 0.24502832064119656, 1.1280056210743452E-10, 0.2534696991731229, 1.1280052723553165E-10, 9.66873455496887E-11
240, Flight20, LOWRISK2, 0.23942354910852742, 0.17852138552250607, 1.3535432210522434E-9, 0.3200172696114601, 2.256006905053569E-10, 0.26203779382026354, 2.256002397798842E-10, 1.9337435010130793E-10
240, Flight20, LOWRISK3, 0.23542624022391703, 0.21449716434893845, 4.511542164295834E-9, 0.29335066697416556, 7.519777719930401E-10, 0.25672592185379955, 7.519734432846208E-10, 6.445619370064738E-10
240, Flight20, LOWRISK4, 0.9999999935212834, 1.5598238484139751E-9, 1.1118550535153958E-9, 1.3504492206002102E-9, 4.0159826013138104E-10, 1.350446163884025E-9, 4.015984188010252E-10, 3.638214411098813E-10
240, Flight21, SELECTEE, 1.2532544726067714E-10, 1.133996701063916E-9, 8.479694893200647E-10, 0.05265863588361045, 0.919250096191418, 0.009841361474147612, 0.018249901013902097, 3.390506124917389E-9
240, Flight21, UNKNOWN, 0.8282626484240468, 0.0456361594124935, 4.437806975113688E-10, 0.0582026362343119, 7.396657883891876E-11, 0.06789855533490886, 7.396658636202268E-11, 6.340074882351388E-11
240, Flight21, LOWRISK1, 0.4870960533878991, 0.11613552213590231, 8.45972456866072E-10, 0.19358004333616294, 1.4099996918410288E-10, 0.20318837995208047, 1.409999449164408E-10, 1.2085861067095344E-10
240, Flight21, LOWRISK2, 0.31646625445234045, 0.15180370360560833, 1.2890908727949154E-9, 0.3019706560129142, 2.1485741750598537E-10, 0.22975938408704172, 2.148571575818049E-10, 1.8416575199350705E-10
240, Flight21, LOWRISK3, 0.30892008858063996, 0.21971917177944797, 2.716236704286406E-8, 0.24663300077765712, 4.5100647035970126E-9, 0.2247276988747457, 4.510022269075647E-9, 3.86593106651245E-9
240, Flight21, LOWRISK4, 0.9999999960922086, 8.178869318352805E-10, 7.10561311852579E-10, 7.10568311432438E-10, 3.4664544036146236E-10, 7.105699697907226E-10, 3.4664591372070437E-10, 3.2578944391967325E-10
240, Flight22, SELECTEE, 1.0021345725213733E-9, 9.04768778970749E-9, 6.773014536912996E-9, 0.3180587631986047, 0.49683228984876276, 0.08194120643630648, 0.10316769669894646, 2.705541837932908E-8
240, Flight22, UNKNOWN, 0.9999999998880731, 3.532494260697426E-11, 3.093521950052805E-11, 3.093726567941221E-11, 1.5194714814346287E-11, 3.0936701495781215E-11, 1.519468299475492E-11, 1.4279271024204216E-11
240, Flight22, LOWRISK1, 0.9999999992633387, 1.6650757854955017E-10, 1.4279927871374672E-10, 1.444784322903558E-10, 6.785819040548628E-11, 1.4447836211597537E-10, 6.785819545645882E-11, 6.355722141203822E-11
240, Flight22, LOWRISK2, 0.7230497594330757, 0.09255215144677657, 5.416511389462027E-9, 0.09215686343708876, 9.022577680436364E-10, 0.09224121774953113, 9.022573154233693E-10, 7.733773231793833E-10
240, Flight22, LOWRISK3, 0.7224530394882022, 0.09792261070104925, 2.8436432856623874E-8, 0.0900027579094765, 4.507520581855089E-9, 0.08962155064809213, 4.5072764857769055E-9, 3.862825640132703E-9
240, Flight22, LOWRISK4, 0.9999999901492219, 2.0421089924969716E-9, 1.7744223985077868E-9, 1.7744141966371642E-9, 8.661198283838389E-10, 1.7744281031971714E-9, 8.661239579530738E-10, 8.140365599409106E-10
240, Flight23, SELECTEE, 4.046440648792201E-11, 1.0932717366438793E-10, 1.0717804151470972E-10, 3.7057855421490866E-10, 0.999999988696244, 1.3891097581843407E-10, 2.270737022313535E-10, 1.0371099049808531E-8
240, Flight23, UNKNOWN, 0.696092272681874, 0.06850287490806616, 4.437935093912516E-10, 0.10668531657039516, 7.396729880332982E-11, 0.1287195352454111, 7.396730397006031E-11, 6.34013158336682E-11
240, Flight23, LOWRISK1, 0.3937147370245486, 0.12323403571343709, 8.203444920941285E-10, 0.24306537755905225, 1.3672769648281753E-10, 0.23998584855284144, 1.3672764202968513E-10, 1.1719658207317333E-10
240, Flight23, LOWRISK2, 0.23929065055087542, 0.17971747229114948, 1.5923870314678524E-9, 0.32167649624228417, 2.6541201140205126E-10, 0.25931537862585763, 2.6541137870078124E-10, 2.2749879449237906E-10
240, Flight23, LOWRISK3, 0.23321879463131495, 0.23436415094958687, 2.715827230724421E-8, 0.2863297388644242, 4.510286102511226E-9, 0.24608727557065643, 4.510203362045242E-9, 3.8661317900389806E-9
240, Flight23, LOWRISK4, 0.9999999929994289, 1.6022659702621148E-9, 1.2367357246443788E-9, 1.389000974281149E-9, 4.953160670995827E-10, 1.388985234738291E-9, 4.953174203230933E-10, 4.5382577167363727E-10
240, Flight24, SELECTEE, 1.4324512054889172E-10, 1.2890657495464148E-9, 9.66825789952351E-10, 0.4498635320638695, 0.2864209077567227, 0.17513646603712058, 0.08857908793700936, 3.867017131583207E-9
240, Flight24, UNKNOWN, 0.9999999998362572, 4.621729938298653E-11, 4.024451366709634E-11, 4.0246088746114354E-11, 1.9616608131815317E-11, 4.02456617313043E-11, 1.9616592790443414E-11, 1.8431962801149988E-11
240, Flight24, LOWRISK1, 0.9999999995953011, 9.615508519381039E-11, 8.344131354389101E-11, 8.344119187868572E-11, 4.0514724518971905E-11, 8.344154865220901E-11, 4.0514744639312175E-11, 3.806620036351766E-11
240, Flight24, LOWRISK2, 0.9999999977586209, 4.9286764363573E-10, 4.1065169951082415E-10, 4.277432135210318E-10, 1.8541187649119423E-10, 4.2774474575770024E-10, 1.8541206406570796E-10, 1.7242353204666395E-10
240, Flight24, LOWRISK3, 0.9999999943513563, 1.2018926197755366E-9, 1.0206549419191677E-9, 1.043773541640979E-9, 4.769375211359436E-10, 1.043778404537632E-9, 4.769385039074847E-10, 4.455438937627955E-10
240, Flight24, LOWRISK4, 0.9999999934511269, 1.3619306544278995E-9, 1.1833422290740511E-9, 1.1833398261487466E-9, 5.775076663859974E-10, 1.1833446541026887E-9, 5.775093365835508E-10, 5.427743590601185E-10
240, Flight25, SELECTEE, 1.074129693671901E-9, 9.630034507241796E-9, 5.630025212651842E-9, 0.6069179341468837, 4.235277894513634E-9, 0.3930820378835898, 4.235381184914084E-9, 3.225553908528696E-9
240, Flight25, UNKNOWN, 0.9999999998833043, 3.633505968131084E-11, 3.179248092087643E-11, 3.179327561338769E-11, 1.5599187147052443E-11, 3.179334211858593E-11, 1.5599181101875253E-11, 1.4659099895631105E-11
240, Flight25, LOWRISK1, 0.999999999520217, 1.1165493093911189E-10, 9.689011373281798E-11, 9.688979062945664E-11, 4.705898980941148E-11, 9.689023031687646E-11, 4.705901696637349E-11, 4.4215996006448234E-11
240, Flight25, LOWRISK2, 0.9999999985308079, 3.1553992411065977E-10, 2.740247051397023E-10, 2.740246481074382E-10, 1.3349848575639768E-10, 2.7402495932521094E-10, 1.3349855882576423E-10, 1.2545668715536678E-10
240, Flight25, LOWRISK3, 0.9999999934510413, 1.361948113335676E-9, 1.183357143478047E-9, 1.1833577872240106E-9, 5.775141835458681E-10, 1.1833617040350506E-9, 5.775155071197404E-10, 5.427803137321976E-10
240, Flight25, LOWRISK4, 0.9999999978535021, 4.5506218663426833E-10, 3.952702587327536E-10, 3.95269715213824E-10, 1.92700490169282E-10, 3.9527051050448713E-10, 1.9270071678422953E-10, 1.810997541507188E-10
240, Flight26, SELECTEE, 0.6554703565669016, 0.10076680276020823, 9.029709862076984E-9, 0.11820355218899735, 1.5036146546256287E-9, 0.12555927522163335, 1.5036131820790499E-9, 1.2888443244699942E-9
240, Flight26, UNKNOWN, 0.9999999999282682, 2.666074293426255E-11, 2.3708004380306603E-11, 2.3708214621046652E-11, 1.1844322156398733E-11, 2.370885691441217E-11, 1.1844307205071732E-11, 1.1133291097818931E-11
240, Flight26, LOWRISK1, 0.9999999993237421, 1.525532139353811E-10, 1.3241813417113446E-10, 1.3241781479908856E-10, 6.439569531020374E-11, 1.3241821129024416E-10, 6.439573285205163E-11, 6.051009335226615E-11
240, Flight26, LOWRISK2, 0.9999999992322273, 1.7146403938513277E-10, 1.488483430005582E-10, 1.4884796334755498E-10, 7.241463739577216E-11, 1.488484030822907E-10, 7.241468487167671E-11, 6.804681347955266E-11
240, Flight26, LOWRISK3, 0.9999999978571437, 4.5477303804353093E-10, 3.950589745465695E-10, 3.950571082091619E-10, 1.9265354419701613E-10, 3.950592395272427E-10, 1.926538985390001E-10, 1.810585965054184E-10
240, Flight26, LOWRISK4, 0.9999999901534701, 2.0418005179308908E-9, 1.7741136945860885E-9, 1.7741112583211693E-9, 8.659969543445689E-10, 1.7741307919538874E-9, 8.659977666726092E-10, 8.139247985164001E-10
240, Flight27, SELECTEE, 6.426805764194772E-10, 5.593600481528803E-9, 3.077525463056584E-9, 0.6026900554685598, 1.8667643924422133E-9, 0.39730993008456417, 1.8640776630523733E-9, 1.4631033146602008E-9
240, Flight27, UNKNOWN, 0.9999999998571677, 4.18475579847293E-11, 3.649046309592885E-11, 3.649130322849497E-11, 1.7821065162311393E-11, 3.6491309231098225E-11, 1.7821064258639923E-11, 1.674543166780304E-11
240, Flight27, LOWRISK1, 0.9999999994161968, 1.3311465454841444E-10, 1.1551896329617739E-10, 1.1551872258283424E-10, 5.6132377784565896E-11, 1.1551900440531227E-10, 5.6132401640413635E-11, 5.274284799458337E-11
240, Flight27, LOWRISK2, 0.9999999985308079, 3.1553992411065977E-10, 2.740247051397023E-10, 2.740246481074382E-10, 1.3349848575639768E-10, 2.7402495932521094E-10, 1.3349855882576423E-10, 1.2545668715536678E-10
240, Flight27, LOWRISK3, 0.9999999967529019, 6.817780373609069E-10, 5.922886634292919E-10, 5.922888563148081E-10, 2.889040061738613E-10, 5.922898938353306E-10, 2.8890435342925135E-10, 2.7152003203702324E-10
240, Flight27, LOWRISK4, 0.9999999960925621, 8.178057263509509E-10, 7.104969668065661E-10, 7.104958821102631E-10, 3.4662347506459087E-10, 7.104978474966217E-10, 3.466241580296267E-10, 3.257697484931333E-10
240, Flight28, SELECTEE, 9.859205578892227E-10, 9.09200142786499E-9, 6.436979322314101E-9, 0.05222732336162658, 0.9205506553350261, 0.010272646010184894, 0.01694933158668311, 2.725245403415804E-8
240, Flight28, UNKNOWN, 0.8300174172274454, 0.029843240448508987, 1.8931304061289106E-10, 0.06039833395409543, 3.155258334696296E-11, 0.07974100815136237, 3.1552586107036496E-11, 2.7045393747969942E-11
240, Flight28, LOWRISK1, 0.4859475503213427, 0.12647204948675933, 1.0828284545075266E-9, 0.1931692491076813, 1.8047922208230234E-10, 0.19441114954660713, 1.8047917722035235E-10, 1.5469844511646253E-10
240, Flight28, LOWRISK2, 0.3112997877801287, 0.19830190027928588, 4.511573177883389E-9, 0.2684349617780471, 7.519701904335621E-10, 0.22196334356334782, 7.519671419154794E-10, 6.445558171305075E-10
240, Flight28, LOWRISK3, 0.3099869376314059, 0.21011755169889926, 6.767826147909851E-9, 0.24984100030641207, 1.127920507159701E-9, 0.23005450043369083, 1.1279152074486165E-9, 9.668059590993983E-10
240, Flight28, LOWRISK4, 0.9999999960922086, 8.178869318352805E-10, 7.10561311852579E-10, 7.10568311432438E-10, 3.4664544036146236E-10, 7.105699697907226E-10, 3.4664591372070437E-10, 3.2578944391967325E-10
240, Flight29, SELECTEE, 1.43228857705604E-10, 1.289121324723786E-9, 9.667566866943754E-10, 0.20519431484804157, 0.6793132651568143, 0.04480568239426386, 0.07068673139503183, 3.867617536772955E-9
240, Flight29, UNKNOWN, 0.9999999999251783, 2.736303343558239E-11, 2.4264881031485175E-11, 2.4269050822495133E-11, 1.2086281547714212E-11, 2.426788759129927E-11, 1.2086221107584518E-11, 1.1360117498464835E-11
240, Flight29, LOWRISK1, 0.7717259953888711, 0.054466045462823916, 6.767516286029567E-10, 0.08493785861535645, 1.1279833183926788E-10, 0.08887009959479047, 1.1279834619731988E-10, 9.668560311793591E-11
240, Flight29, LOWRISK2, 0.5399799812994317, 0.14018015851076368, 3.007699821801216E-9, 0.1635859107391154, 5.013107951136616E-10, 0.15625394507154206, 5.0131053880425E-10, 4.2970162627751307E-10
240, Flight29, LOWRISK3, 0.5404860714771164, 0.13562532489493026, 2.7114120372141737E-8, 0.15409828836048298, 4.509307962360813E-9, 0.16979027533029264, 4.509264739963601E-9, 3.8653605876419615E-9
240, Flight29, LOWRISK4, 0.9999999802458203, 4.0820853754553415E-9, 3.5472130513937372E-9, 3.5471706589220967E-9, 1.7318230012919294E-9, 3.547219769205241E-9, 1.731840031774633E-9, 1.6277038365095036E-9
240, Flight30, SELECTEE, 5.014736200609356E-10, 4.993154076882172E-9, 3.502253332973544E-9, 0.05237614046865336, 0.920062953568396, 0.010123843782465693, 0.017437039221737158, 1.4022742373793288E-8
240, Flight30, UNKNOWN, 0.8289259407851802, 0.039666528315565955, 2.97486307765703E-10, 0.06032236086949449, 4.9582367154197486E-11, 0.0710851696514844, 4.9582371820417045E-11, 4.249969794993076E-11
240, Flight30, LOWRISK1, 0.48643719660383866, 0.12206523306583641, 9.66818105593514E-10, 0.1936700151901625, 1.61142488060814E-10, 0.1978275537738114, 1.6114245406259514E-10, 1.3812386598787318E-10
240, Flight30, LOWRISK2, 0.3156056445547913, 0.15954919261603134, 1.3535402331682443E-9, 0.2838986007815915, 2.2560005080432173E-10, 0.24094656011034782, 2.2559976807968717E-10, 1.933738522447142E-10
240, Flight30, LOWRISK3, 0.31000543173328715, 0.20995110241687567, 9.024932685879396E-9, 0.25115355273265105, 1.503848765879684E-9, 0.22888989985640218, 1.5038399656425343E-9, 1.2890385309000738E-9
240, Flight30, LOWRISK4, 0.9999999934503171, 1.362116975461345E-9, 1.183487591469726E-9, 1.183508223128218E-9, 5.775562979759861E-10, 1.1835143235605028E-9, 5.775577875396876E-10, 5.428178317478271E-10