TimeWindow, Flight, RiskCategory, O297, O298, O299, O300, O301, O302, O303, O304
240, Flight1, SELECTEE, 2.5964854979970615E-12, 2.3347755708985006E-11, 1.7510126379010707E-11, 0.48228217796102685, 0.2644400324591047, 0.1427178219559154, 0.11055996751041285, 7.015762878770037E-11
240, Flight1, UNKNOWN, 0.9999999999844194, 3.697596793231707E-12, 2.6789030413511833E-12, 3.2039556160654727E-12, 9.862373607838076E-13, 3.2039384650932287E-12, 9.862357316277839E-13, 8.957069307491395E-13
240, Flight1, LOWRISK1, 0.4099812290584696, 0.06016893852225786, 1.660194547893357E-11, 0.2727041213604283, 2.7664069761251752E-12, 0.25714571103440786, 2.766397947010346E-12, 2.37338861970664E-12
240, Flight1, LOWRISK2, 0.3208683173783357, 0.1121851439300803, 4.202817353842275E-11, 0.2948872132758495, 7.006857286167448E-12, 0.27205932535375377, 7.0067975818876484E-12, 6.010972725215522E-12
240, Flight1, LOWRISK3, 0.31025905096604767, 0.20766854071198637, 7.065854838803571E-10, 0.2520076613336912, 1.0423830658570808E-10, 0.23006474598391238, 1.0425072435738556E-10, 8.935987593542893E-11
240, Flight1, LOWRISK4, 0.9999999999423214, 1.1889973412193736E-11, 1.0340425649015327E-11, 1.0340143475409029E-11, 5.0468798459317625E-12, 1.0340779516866863E-11, 5.047007984281435E-12, 4.74538098100545E-12
240, Flight2, SELECTEE, 0.1462162109959255, 0.18405410090869884, 1.265803098515211E-10, 0.38040142924653736, 2.101373638597401E-11, 0.2893282586622797, 2.1010887526924343E-11, 1.8025689905309525E-11
240, Flight2, UNKNOWN, 0.9999999999918151, 1.7003111583329928E-12, 1.4785918651082765E-12, 1.4785905398361268E-12, 7.212894577429212E-13, 1.4786006169234185E-12, 7.212912203380509E-13, 6.781991038767293E-13
240, Flight2, LOWRISK1, 0.9999999999860637, 2.8842846910444748E-12, 2.508463151954089E-12, 2.5085193166854647E-12, 1.223869763702218E-12, 2.5085400167489216E-12, 1.2238733568998284E-12, 1.1507840991102097E-12
240, Flight2, LOWRISK2, 0.9999999999803221, 4.081562420607668E-12, 3.53594390931372E-12, 3.549310254692655E-12, 1.7125293466656216E-12, 3.5493334071721326E-12, 1.7125340679101488E-12, 1.6085148188122323E-12
240, Flight2, LOWRISK3, 0.9999999994827902, 1.0843863996456286E-10, 9.248142426886217E-11, 9.414115687427699E-11, 4.362445531680274E-11, 9.415313087167634E-11, 4.36307589364423E-11, 4.0812177239229844E-11
240, Flight2, LOWRISK4, 0.9999999999487396, 1.0568098002620419E-11, 9.191418846463952E-12, 9.190954384003478E-12, 4.4859720511740255E-12, 9.191618905864808E-12, 4.486106303210509E-12, 4.218045631692825E-12
240, Flight3, SELECTEE, 0.1481866961624986, 0.1663197344477095, 9.01573070350495E-11, 0.38896330297177734, 1.5013702478535028E-11, 0.2965302662850236, 1.5012068230549105E-11, 1.2879609066192206E-11
240, Flight3, UNKNOWN, 0.9999999999969644, 6.402059057145648E-13, 5.565072430335097E-13, 5.565081031554752E-13, 2.712878114334217E-13, 5.565079189402664E-13, 2.712882950930583E-13, 2.550613331873033E-13
240, Flight3, LOWRISK1, 0.9999999999906358, 1.9430709196518693E-12, 1.689772764216808E-12, 1.689799533266961E-12, 8.243305462494217E-13, 1.6898072783247819E-12, 8.243316135925268E-13, 7.750933868261781E-13
240, Flight3, LOWRISK2, 0.9999999999774372, 4.67973096981153E-12, 4.0523171104777455E-12, 4.069394966385095E-12, 1.961008499803838E-12, 4.069423262205619E-12, 1.96101410835505E-12, 1.841671113186656E-12
240, Flight3, LOWRISK3, 0.9999999994827902, 1.0843863996456286E-10, 9.248142426886217E-11, 9.414115687427699E-11, 4.362445531680274E-11, 9.415313087167634E-11, 4.36307589364423E-11, 4.0812177239229844E-11
240, Flight3, LOWRISK4, 0.9999999998846244, 2.376724097352352E-11, 2.067059213267289E-11, 2.066797401271784E-11, 1.0090938329457165E-11, 2.0671073331371688E-11, 1.0091631608585042E-11, 9.488126515625445E-12
240, Flight4, SELECTEE, 3.3886682799214565E-14, 1.627427729208972E-13, 1.6276513497943112E-13, 2.7793613170433506E-14, 0.9999999998414671, 2.371663405191619E-13, 7.114985018012271E-13, 1.5726905512448832E-10
240, Flight4, UNKNOWN, 0.25671213819087624, 0.022924089555064017, 5.442073691808512E-12, 0.3913719939407616, 9.062909152416793E-13, 0.32899177830533777, 9.062872267453289E-13, 7.776132554048537E-13
240, Flight4, LOWRISK1, 1.87152212971683E-12, 1.674203605073E-11, 7.937672751833547E-12, 0.6420115850210438, 3.566703961878813E-12, 0.35798841494246414, 3.5667144614451282E-12, 2.8844606384123717E-12
240, Flight4, LOWRISK2, 2.1266922225534548E-12, 1.9120838041895225E-11, 1.434493384457327E-11, 0.6009151108767729, 0.10034942501142263, 0.23241822247186034, 0.06631724154708149, 5.734220081434435E-11
240, Flight4, LOWRISK3, 2.99912072137093E-11, 2.4736398290205793E-10, 1.8017121953929952E-10, 0.594027235931315, 0.10051184198851147, 0.23930609653274737, 0.06615482226237993, 2.82759175971289E-9
240, Flight4, LOWRISK4, 0.8462617102765884, 0.050311272593344884, 8.726515161609426E-11, 0.05197095216790889, 1.3231087060132867E-11, 0.05145606483719136, 1.323025850191971E-11, 1.1311961634849293E-11
240, Flight5, SELECTEE, 3.8943757415483045E-12, 3.5050098922669654E-11, 2.6256775427966525E-11, 0.4794791816415596, 0.2669151811554653, 0.14552081823318824, 0.10808481879955165, 1.0510586534700831E-10
240, Flight5, UNKNOWN, 0.9999999999853417, 3.916066476412804E-12, 2.201534838149054E-12, 3.3889838286409944E-12, 6.35189801129817E-13, 3.3890078891972206E-12, 6.351905564516749E-13, 5.641806119853131E-13
240, Flight5, LOWRISK1, 0.41176176133631576, 0.04414414802497736, 1.342514646109022E-11, 0.2796136888712322, 2.236753334165647E-12, 0.26448040174772897, 2.2367472509941065E-12, 1.9189853499547177E-12
240, Flight5, LOWRISK2, 0.3198018101621296, 0.12178370886914631, 4.8491357252789174E-11, 0.2910006807429447, 8.084352542191707E-12, 0.267413800154256, 8.08427884205465E-12, 6.935163126186737E-12
240, Flight5, LOWRISK3, 0.3170829974081507, 0.1462530233960513, 7.892043596192597E-11, 0.2738375234090768, 1.3133615380384619E-11, 0.26282645567034085, 1.3133439316144437E-11, 1.1264673237650516E-11
240, Flight5, LOWRISK4, 0.9999999998846105, 2.377041872981398E-11, 2.067283957724169E-11, 2.0671197229404953E-11, 1.009187751616544E-11, 2.0673753577722462E-11, 1.0092443035821732E-11, 9.488968731277182E-12
240, Flight6, SELECTEE, 8.6386064579308E-12, 7.779359838096053E-11, 4.806848940374181E-11, 0.6348061220288862, 4.5431487915621604E-11, 0.3651938777122787, 4.5430771991994124E-11, 3.346417805876346E-11
240, Flight6, UNKNOWN, 0.9999999999957868, 8.824985885207919E-13, 7.674880871609117E-13, 7.674912130387359E-13, 3.7417641145729893E-13, 7.674943368930674E-13, 3.74177074301929E-13, 3.5183235538901613E-13
240, Flight6, LOWRISK1, 0.6614391802531092, 0.04704737779244706, 1.6594683954014833E-11, 0.14560057384214886, 2.765989951692909E-12, 0.14591286808786716, 2.765991919286942E-12, 2.3728333332843193E-12
240, Flight6, LOWRISK2, 0.5481213602303618, 0.06690775840079739, 3.001707027556712E-11, 0.1914032315968337, 5.0043553083519805E-12, 0.19356764972776042, 5.0043613280276315E-12, 4.292947921196599E-12
240, Flight6, LOWRISK3, 0.5391156341699739, 0.14795929226572496, 3.8710890237861025E-10, 0.15653737391575864, 5.2504553990276794E-11, 0.15638769911163425, 5.250062713031222E-11, 4.48660406518475E-11
240, Flight6, LOWRISK4, 0.9999999999340773, 1.3587092419327864E-11, 1.1816454308785651E-11, 1.181586217134671E-11, 5.767520408423397E-12, 1.181679877333891E-11, 5.767714864261739E-12, 5.422967391712958E-12
240, Flight7, SELECTEE, 3.3325761974616858E-12, 3.05320388817027E-11, 2.2613993437386998E-11, 0.20309666268965823, 0.6895053366641393, 0.046903337201961465, 0.06049466329707748, 9.075667044703486E-11
240, Flight7, UNKNOWN, 0.5527773528943443, 0.025003823861967974, 6.574602005891211E-12, 0.2108005765543468, 1.0950569831318214E-12, 0.2114182466797085, 1.0950574171376868E-12, 9.395518782075197E-13
240, Flight7, LOWRISK1, 0.16129940009869606, 0.04830539914037408, 1.4675220637403048E-11, 0.4501351357674996, 2.4448996216421286E-12, 0.34026006497183936, 2.4448570012947433E-12, 2.0977109631414003E-12
240, Flight7, LOWRISK2, 0.10083576962266134, 0.09247807361587564, 3.153559888746278E-11, 0.49158705255073076, 5.256422232006266E-12, 0.315099104164246, 5.2561623673634494E-12, 4.509963406825217E-12
240, Flight7, LOWRISK3, 0.09571455244463425, 0.13856902802649665, 7.008735897698377E-11, 0.47022763492730607, 1.1680279007652461E-11, 0.29548878449816757, 1.1678695512371494E-11, 1.0021114003809448E-11
240, Flight7, LOWRISK4, 0.9999999999340563, 1.3590938538235486E-11, 1.1820419891179585E-11, 1.1820739631588198E-11, 5.76885164864773E-12, 1.1821405929500117E-11, 5.768980986915669E-12, 5.424308418900902E-12
240, Flight8, SELECTEE, 1.1839101965824529E-11, 1.8049759709962217E-10, 1.0239133187463856E-10, 0.11768872814108013, 0.8208174501817993, 0.02516841418818203, 0.03632540683411163, 3.601707581012354E-10
240, Flight8, UNKNOWN, 0.42625050034001655, 0.020888354007306938, 4.855929390487621E-12, 0.2840367392220529, 8.086800271101862E-13, 0.2688244064235283, 8.086790116149109E-13, 6.938557281121877E-13
240, Flight8, LOWRISK1, 0.08994370853561463, 0.04764948034569053, 1.3717636914782155E-11, 0.5146062005148303, 2.2855239956646834E-12, 0.3478006105836867, 2.285464733634357E-12, 1.961025407962381E-12
240, Flight8, LOWRISK2, 0.040173320271984225, 0.06701154631157823, 2.7436435197798173E-11, 0.5955880374225853, 4.571016401807279E-12, 0.29722709595342395, 4.570614172684402E-12, 3.922235262032606E-12
240, Flight8, LOWRISK3, 0.034286870148163666, 0.11998959723043068, 9.055217352206222E-11, 0.5518902880673833, 1.5029946427309135E-11, 0.2938332444205908, 1.502341682370315E-11, 1.2897848138214872E-11
240, Flight8, LOWRISK4, 0.9999999999339838, 1.36057556721047E-11, 1.1833859457587664E-11, 1.1836507641499262E-11, 5.773120508972824E-12, 1.1837184862792915E-11, 5.7732431562720885E-12, 5.428411954212224E-12
240, Flight9, SELECTEE, 4.663891682464354E-12, 4.348924730120898E-11, 3.188427432724236E-11, 0.20321554995781035, 0.6891802398877542, 0.046784449888652054, 0.06081976005885773, 1.2696014122099313E-10
240, Flight9, UNKNOWN, 0.5515309443893207, 0.0362215004024696, 1.107011847806533E-11, 0.2067259171010933, 1.844252784503448E-12, 0.20552163809084745, 1.8442526215848877E-12, 1.5822962666030193E-12
240, Flight9, LOWRISK1, 0.16164144765721, 0.04522697111535099, 1.3147333539927745E-11, 0.4496222786903622, 2.1902214512606095E-12, 0.3435093025177418, 2.1901882409001523E-12, 1.879209882654452E-12
240, Flight9, LOWRISK2, 0.0946107204916509, 0.14850351574533374, 7.890849739023421E-11, 0.4608730479167086, 1.3138258337244016E-11, 0.29601271572992327, 1.3136407235243956E-11, 1.1272346381310346E-11
240, Flight9, LOWRISK3, 0.09522522604222874, 0.14297296563894418, 7.88799574749772E-11, 0.4689987942937021, 1.3139873237176808E-11, 0.2928030139087659, 1.3137863170379297E-11, 1.1273263589805945E-11
240, Flight9, LOWRISK4, 0.9999999995408982, 9.442408249611432E-11, 8.217856905829262E-11, 8.21273213516148E-11, 4.022242007164439E-11, 8.216177575877482E-11, 4.023199742176141E-11, 3.7827421578282345E-11
240, Flight10, SELECTEE, 5.7863453936228725E-12, 5.19003583440768E-11, 3.130898565837758E-11, 0.6385268677564265, 2.657667649545603E-11, 0.36147313208294246, 2.6582571874691076E-11, 1.988750251832245E-11
240, Flight10, UNKNOWN, 0.9999999999936481, 1.3228858044224822E-12, 1.1503805060893152E-12, 1.1503845371324295E-12, 5.610871271981399E-13, 1.1503898022188482E-12, 5.610877702017061E-13, 5.275688344945579E-13
240, Flight10, LOWRISK1, 0.6631171345965143, 0.03194578870482941, 1.3711423536653311E-11, 0.1385228652919202, 2.285024398333011E-12, 0.16641421138656629, 2.2850249003913702E-12, 1.9603121970840314E-12
240, Flight10, LOWRISK2, 0.5479531995782734, 0.06842120426801505, 3.1517308031427294E-11, 0.19018125680056314, 5.25437564516991E-12, 0.19344433930668686, 5.254379536819197E-12, 4.507414809479893E-12
240, Flight10, LOWRISK3, 0.5386557523173796, 0.15209822819975, 1.0998712574572322E-9, 0.154531073359523, 1.0478484619688785E-10, 0.15471494472482983, 1.0470587749910563E-10, 8.922724598838837E-11
240, Flight10, LOWRISK4, 0.9999999997694218, 4.7483227762770794E-11, 4.129190563709324E-11, 4.128235664150848E-11, 2.016818366401839E-11, 4.1290669609330273E-11, 2.0170529830947252E-11, 1.8962953379619084E-11
240, Flight11, SELECTEE, 2.086905298260099E-13, 4.5198989195457385E-13, 4.511105815327354E-13, 1.5831726442043531E-12, 0.9999999995780926, 5.248788987669765E-13, 7.115262133623516E-13, 4.180479284825131E-10
240, Flight11, UNKNOWN, 0.25520851189508476, 0.03645672621287118, 9.563124189705677E-12, 0.3849920185739676, 1.592861790988454E-12, 0.323342743304033, 1.5928523331203529E-12, 1.366683948424308E-12
240, Flight11, LOWRISK1, 1.7717826892800568E-12, 1.5838724296387254E-11, 7.121086568749387E-12, 0.6411338116375672, 2.939608613245675E-12, 0.358866188329508, 2.939604045366673E-12, 2.3950414996819764E-12
240, Flight11, LOWRISK2, 1.064175760283677E-12, 9.557297186238239E-12, 7.177709280162716E-12, 0.6089767226824228, 0.09155936407864324, 0.22435661070073862, 0.07510730249187718, 2.8591042717954313E-11
240, Flight11, LOWRISK3, 3.3517563823460947E-12, 3.003628684129984E-11, 2.2557143103757923E-11, 0.6031230836574852, 0.09685758844197709, 0.2302102496011541, 0.0698090781522087, 9.130165636449755E-11
240, Flight11, LOWRISK4, 0.8459152978934894, 0.05342898398137297, 1.43654024786281E-10, 0.05063262809895805, 2.115710157170132E-11, 0.050023089822212555, 2.115413774845168E-11, 1.8073745921957464E-11
240, Flight12, SELECTEE, 3.889629400025154E-12, 3.526015713242359E-11, 2.6286058498582183E-11, 0.3203723907367841, 0.5099201540888154, 0.07962760913745341, 0.09007984586619831, 1.05384667113136E-10
240, Flight12, UNKNOWN, 0.730337185764771, 0.026965328009155423, 9.012786891940094E-12, 0.12019748606275055, 1.5016810738747657E-12, 0.12250000015009037, 1.5016822798521028E-12, 1.288348081309367E-12
240, Flight12, LOWRISK1, 0.25817807340838816, 0.0763973393528279, 2.3363162381334825E-11, 0.35893057544711743, 3.893492271358656E-12, 0.3064940117572479, 3.893435497002208E-12, 3.340405946947841E-12
240, Flight12, LOWRISK2, 0.1873735869020776, 0.11363771814068042, 4.2035767167557754E-11, 0.394437330047266, 7.007647173784672E-12, 0.3045513648479851, 7.007432412979643E-12, 6.012080647871206E-12
240, Flight12, LOWRISK3, 0.17661454336022409, 0.21046910953301096, 3.307366232198112E-10, 0.3502324857015557, 5.2417693200217986E-11, 0.26268386092475937, 5.2419517819397803E-11, 4.4947876645241544E-11
240, Flight12, LOWRISK4, 0.9999999999340685, 1.3588458378429156E-11, 1.1818205553802795E-11, 1.1818048945160807E-11, 5.768101987532476E-12, 1.1818824759253764E-11, 5.768256956077294E-12, 5.4235869885083475E-12
240, Flight13, SELECTEE, 2.599729322186644E-12, 2.7330106349942358E-11, 1.8785887733658704E-11, 0.05182521933596958, 0.9217162983510456, 0.010674780572536164, 0.01578370161789268, 7.391208675907569E-11
240, Flight13, UNKNOWN, 0.3288967038481099, 0.039929665294089, 1.0881304662076726E-11, 0.33308502910912446, 1.8125390435143627E-12, 0.29808860173268703, 1.8125320056635868E-12, 1.555143578182748E-12
240, Flight13, LOWRISK1, 0.03689144401494747, 0.04297700388501225, 1.2875630352275601E-11, 0.5751781560106005, 2.145743881089353E-12, 0.34495339607050357, 2.1456655982253264E-12, 1.8411871238184562E-12
240, Flight13, LOWRISK2, 1.1274370546964591E-11, 9.984362327679727E-11, 4.418561747883601E-11, 0.6535138098642936, 1.779469876478568E-11, 0.34648618993036456, 1.7801045528197855E-11, 1.451437624745649E-11
240, Flight13, LOWRISK3, 1.0323294273629256E-11, 9.15756613037255E-11, 5.319116969460024E-11, 0.6540581016723023, 3.885576526109232E-11, 0.34594189806523956, 3.892310296254904E-11, 2.9661168148380266E-11
240, Flight13, LOWRISK4, 0.9999999997891554, 5.0125496820128307E-11, 3.5920178756160316E-11, 4.348875763327612E-11, 1.3033332301541495E-11, 4.3495228822264546E-11, 1.3033633069204639E-11, 1.1820056389037065E-11
240, Flight14, SELECTEE, 2.9210322320801E-12, 2.6270028050896204E-11, 1.969687238692742E-11, 0.4813851724199999, 0.2652163952377324, 0.14361482748639848, 0.10978360472815799, 7.889509871975858E-11
240, Flight14, UNKNOWN, 0.9999999999854177, 3.9976212919503186E-12, 2.0879657754560742E-12, 3.4591365078565818E-12, 5.721341218948624E-13, 3.459180956267971E-12, 5.7213449756125E-13, 5.061356152906001E-13
240, Flight14, LOWRISK1, 0.41028139182367024, 0.05746747363632329, 1.577243474567829E-11, 0.2738146745232729, 2.6281157810226886E-12, 0.2584364599935222, 2.6281075345816183E-12, 2.254742442231269E-12
240, Flight14, LOWRISK2, 0.32143013070951554, 0.1071288239522115, 3.940320123066883E-11, 0.29705483690521184, 6.569082350477563E-12, 0.27438620837495603, 6.5690284825354904E-12, 5.635476744747913E-12
240, Flight14, LOWRISK3, 0.315640313623306, 0.15923717743183852, 1.0539922197675882E-10, 0.28723432093950885, 1.750843951291966E-11, 0.23788818784998703, 1.750810305232301E-11, 1.501561318348347E-11
240, Flight14, LOWRISK4, 0.9999999999076891, 1.9019521004489397E-11, 1.654106129155219E-11, 1.6540115746731414E-11, 8.07419113455651E-12, 1.654177374961782E-11, 8.07454550752702E-12, 7.591834210134667E-12
240, Flight15, SELECTEE, 2.9157744290059896E-12, 2.7404977949099863E-11, 2.000385003873256E-11, 0.11736805167866149, 0.8216538955262123, 0.02548909108229588, 0.035488961582488744, 8.008911857095256E-11
240, Flight15, UNKNOWN, 0.4256933555241195, 0.025902657348719448, 6.441008487623553E-12, 0.28099437100057834, 1.0727304736272842E-12, 0.2674096161171479, 1.0727292180098539E-12, 9.20406036883417E-13
240, Flight15, LOWRISK1, 0.08759383995794309, 0.0687982975354992, 2.2528197974691526E-11, 0.510133516363932, 3.754878810789378E-12, 0.33347434610943794, 3.75469430851364E-12, 3.221695032376292E-12
240, Flight15, LOWRISK2, 0.037236739325166864, 0.09344077481757009, 4.2092658433978877E-11, 0.5664226768393986, 7.00880422102767E-12, 0.3028998089558125, 7.007747886120818E-12, 6.014415075717938E-12
240, Flight15, LOWRISK3, 0.03290062266824371, 0.13246582447584265, 1.614393271294507E-10, 0.5465746433079367, 2.63254606639241E-11, 0.2880589093113916, 2.6300581427886658E-11, 2.259162580854301E-11
240, Flight15, LOWRISK4, 0.999999999768874, 4.7570139147500107E-11, 4.1390585593860046E-11, 4.141143419466945E-11, 2.0200295842940375E-11, 4.14261783260243E-11, 2.0203082323044497E-11, 1.8995984533682117E-11
240, Flight16, SELECTEE, 3.334597253169885E-12, 3.015954624627497E-11, 2.2518769221556056E-11, 0.32062743313638836, 0.5094794120545597, 0.0793725667560796, 0.09052058790663361, 9.039781258917685E-11
240, Flight16, UNKNOWN, 0.7300780864199653, 0.0292972221113532, 1.0013428869286354E-11, 0.11931506039310175, 1.6685140700443162E-12, 0.12130963106086952, 1.6685153773073525E-12, 1.4314595922529428E-12
240, Flight16, LOWRISK1, 0.26181994877370013, 0.04362046107447799, 1.4341877657748864E-11, 0.3668977645157183, 2.3892408711842604E-12, 0.3276618256150053, 2.3892249023158527E-12, 2.049934553079411E-12
240, Flight16, LOWRISK2, 0.18918718111916838, 0.09731537019613333, 3.31918920757955E-11, 0.40211469981062287, 5.5326060526974775E-12, 0.31138274882514355, 5.53247533861657E-12, 4.746712398590703E-12
240, Flight16, LOWRISK3, 0.1788254290563596, 0.19057113844802007, 1.589267088472353E-10, 0.3600463672650036, 2.6256206649095334E-11, 0.27055706499673143, 2.6254207723240443E-11, 2.2520027991759032E-11
240, Flight16, LOWRISK4, 0.9999999998461476, 3.168676009640705E-11, 2.755867857368261E-11, 2.7556375034623426E-11, 1.3454932688828054E-11, 2.756052653612846E-11, 1.3455874732571412E-11, 1.265126147081192E-11
240, Flight17, SELECTEE, 2.599729322186644E-12, 2.7330106349942358E-11, 1.8785887733658704E-11, 0.05182521933596958, 0.9217162983510456, 0.010674780572536164, 0.01578370161789268, 7.391208675907569E-11
240, Flight17, UNKNOWN, 0.3303410503359375, 0.02693054690815205, 6.5754014092376175E-12, 0.33948955383473367, 1.0950905179368405E-12, 0.3032388489115434, 1.0950875819099511E-12, 9.395970579569713E-13
240, Flight17, LOWRISK1, 0.036099986121764495, 0.050100124920203694, 1.6174451003593003E-11, 0.57450580765423, 2.6960425400222204E-12, 0.339294081279994, 2.695904805348948E-12, 2.3133749838608006E-12
240, Flight17, LOWRISK2, 1.1274370546964591E-11, 9.984362327679727E-11, 4.418561747883601E-11, 0.6535138098642936, 1.779469876478568E-11, 0.34648618993036456, 1.7801045528197855E-11, 1.451437624745649E-11
240, Flight17, LOWRISK3, 7.986284475442278E-12, 7.051584106488095E-11, 3.971770004154972E-11, 0.6550681296227735, 2.6256385213280077E-11, 0.34493187018623267, 2.6286601779193706E-11, 2.0302992463358716E-11
240, Flight17, LOWRISK4, 0.9999999997796978, 5.058130027762344E-11, 3.8359493155430386E-11, 4.392406010839665E-11, 1.495456596043923E-11, 4.393053102023589E-11, 1.495518091708195E-11, 1.3668834050978487E-11
240, Flight18, SELECTEE, 6.5717163241640654E-12, 5.902517604067947E-11, 3.565392334717191E-11, 0.6375085792666382, 3.053202164913111E-11, 0.36249142054972006, 3.053740189316527E-11, 2.2823128888089383E-11
240, Flight18, UNKNOWN, 0.9999999999936481, 1.3228858044224822E-12, 1.1503805060893152E-12, 1.1503845371324295E-12, 5.610871271981399E-13, 1.1503898022188482E-12, 5.610877702017061E-13, 5.275688344945579E-13
240, Flight18, LOWRISK1, 0.661267196201538, 0.048595234249485336, 2.3352735280675404E-11, 0.1407998234053629, 3.892363947057165E-12, 0.14933774610920925, 3.8923660242790075E-12, 3.3389512014285748E-12
240, Flight18, LOWRISK2, 0.546338191200217, 0.08295627967604816, 2.626276895168161E-11, 0.1852200760355351, 4.379039675370304E-12, 0.18548545304949426, 4.3790474075732E-12, 3.756554846765144E-12
240, Flight18, LOWRISK3, 0.5445228448616147, 0.09929439636431428, 8.001615846728078E-11, 0.1738243959257947, 1.3134516126943703E-11, 0.18235836273080513, 1.3134502264329756E-11, 1.1257953474937178E-11
240, Flight18, LOWRISK4, 0.9999999997694218, 4.7483227762770794E-11, 4.129190563709324E-11, 4.128235664150848E-11, 2.016818366401839E-11, 4.1290669609330273E-11, 2.0170529830947252E-11, 1.8962953379619084E-11
240, Flight19, SELECTEE, 4.663891682464354E-12, 4.348924730120898E-11, 3.188427432724236E-11, 0.20321554995781035, 0.6891802398877542, 0.046784449888652054, 0.06081976005885773, 1.2696014122099313E-10
240, Flight19, UNKNOWN, 0.5529811442858122, 0.023169701339350878, 6.011289546986252E-12, 0.2058867800465382, 1.0011908835589955E-12, 0.21796237431949797, 1.0011909226447955E-12, 8.590255359757318E-13
240, Flight19, LOWRISK1, 0.16078093298947946, 0.05297160312130067, 1.6604911380607178E-11, 0.4496361599431074, 2.76660069588857E-12, 0.3366113039216727, 2.7665440496871698E-12, 2.3737081966667745E-12
240, Flight19, LOWRISK2, 0.09297971966659077, 0.16318252314306542, 1.0543947303303741E-10, 0.453050337471775, 1.7514715846802255E-11, 0.29078741956314774, 1.7511366931564938E-11, 1.5027232478297896E-11
240, Flight19, LOWRISK3, 0.08938326334857237, 0.1955506296146127, 3.3433590144291467E-10, 0.44241154841568886, 5.2452182507016566E-11, 0.27265455813698397, 5.242770831028385E-11, 4.4998304391475597E-11
240, Flight19, LOWRISK4, 0.9999999998460944, 3.1695954863559746E-11, 2.756852277314302E-11, 2.7568343639193486E-11, 1.3458349525187162E-11, 2.757244016994959E-11, 1.3459229588327566E-11, 1.265471059494065E-11
240, Flight20, SELECTEE, 3.3886682799214565E-14, 1.627427729208972E-13, 1.6276513497943112E-13, 2.7793613170433506E-14, 0.9999999998414671, 2.371663405191619E-13, 7.114985018012271E-13, 1.5726905512448832E-10
240, Flight20, UNKNOWN, 0.25645154320146446, 0.02526944445911454, 6.06983423298914E-12, 0.39026755289223664, 1.0108617570844081E-12, 0.32801145943829746, 1.0108573542369712E-12, 8.673350607851534E-13
240, Flight20, LOWRISK1, 1.907801697540118E-12, 1.7067277331799544E-11, 8.218045336733443E-12, 0.6423521924020634, 3.79338170315043E-12, 0.3576478075601703, 3.793408495418791E-12, 3.060117077399896E-12
240, Flight20, LOWRISK2, 1.1708373786974014E-12, 1.0514024554223004E-11, 7.896180495508605E-12, 0.61185262781361, 0.09172136945512888, 0.22148070556609145, 0.07494529711421473, 3.144580391408629E-11
240, Flight20, LOWRISK3, 3.906581444551588E-12, 3.504348111510842E-11, 2.6301636102236183E-11, 0.6024286828805137, 0.0973010588140275, 0.23090465036007066, 0.06936560777494691, 1.0526157034741443E-10
240, Flight20, LOWRISK4, 0.845963751838255, 0.0529928985263437, 9.843846462028892E-11, 0.05086432245700878, 1.5099735576584385E-11, 0.050179027036914174, 1.509864360401564E-11, 1.2913167065388671E-11
240, Flight21, SELECTEE, 2.9316857895513114E-12, 3.217591990283297E-11, 2.161911914495036E-11, 0.05192163992022548, 0.9214543301072294, 0.01057835997384485, 0.01604566985703125, 8.501426542914683E-11
240, Flight21, UNKNOWN, 0.3290673127553032, 0.03839418512990406, 1.0346403990215029E-11, 0.3339311227504143, 1.7234007461261451E-12, 0.29860737934917836, 1.7233943421469741E-12, 1.4786673619879765E-12
240, Flight21, LOWRISK1, 0.03537869523818075, 0.05659174286875626, 1.9709801451653343E-11, 0.5741944422529253, 3.2859342309862664E-12, 0.3338351196111086, 3.2857131921523743E-12, 2.8195440422471E-12
240, Flight21, LOWRISK2, 1.0266170291242905E-11, 8.887268935223718E-11, 2.2524004603393148E-11, 0.6776699407977125, 5.6404382387066416E-12, 0.3223300590650179, 5.640332784078668E-12, 4.752043683449879E-12
240, Flight21, LOWRISK3, 4.412144055889265E-11, 3.9340912370019736E-10, 2.3894403457367255E-10, 0.6486928478029573, 2.1760830088133405E-10, 0.35130715092216197, 2.1947484475367194E-10, 1.61394710350499E-10
240, Flight21, LOWRISK4, 0.9999999997891554, 5.0125496820128307E-11, 3.5920178756160316E-11, 4.348875763327612E-11, 1.3033332301541495E-11, 4.3495228822264546E-11, 1.3033633069204639E-11, 1.1820056389037065E-11
240, Flight22, SELECTEE, 2.313249131968312E-11, 2.562969246790911E-10, 1.7130762163742946E-10, 0.3187749215939048, 0.5108776574511279, 0.08122507756036274, 0.08912234232324755, 6.206919199334467E-10
240, Flight22, UNKNOWN, 0.7311842475928166, 0.019341771560439813, 5.487666673371578E-12, 0.12316916441280186, 9.141101080724054E-13, 0.12630481642591346, 9.141114381466889E-13, 7.842858537642408E-13
240, Flight22, LOWRISK1, 0.25817807340838816, 0.0763973393528279, 2.3363162381334825E-11, 0.35893057544711743, 3.893492271358656E-12, 0.3064940117572479, 3.893435497002208E-12, 3.340405946947841E-12
240, Flight22, LOWRISK2, 0.17970958250527927, 0.1826137576231661, 1.2658203799875775E-10, 0.36074517856433275, 2.1008299009805005E-11, 0.27693148112067534, 2.1007114859954664E-11, 1.8020935810583543E-11
240, Flight22, LOWRISK3, 0.1751962285586431, 0.22323394231404947, 7.421878282835763E-10, 0.3433927006977857, 1.0423936803539721E-10, 0.2581771273894873, 1.042730431304608E-10, 8.940600391613002E-11
240, Flight22, LOWRISK4, 0.9999999997693718, 4.7488939173902384E-11, 4.130100155429555E-11, 4.1293999947564035E-11, 2.017233158513724E-11, 4.130214079430008E-11, 2.0174434813246423E-11, 1.8967384678045585E-11
240, Flight23, SELECTEE, 2.628274336020496E-13, 5.453301751133087E-13, 5.43393439787492E-13, 2.104227966923042E-12, 0.9999999997452803, 6.20017547983909E-13, 7.114390607035486E-13, 2.500042535541637E-10
240, Flight23, UNKNOWN, 0.2549469012404765, 0.03881122210352711, 1.0346638813504027E-11, 0.38365038979693267, 1.7234212950106437E-12, 0.3225914868438637, 1.7234104087972573E-12, 1.4787006616964642E-12
240, Flight23, LOWRISK1, 2.080017519880487E-12, 1.860770203754389E-11, 9.45401557257486E-12, 0.6440610097352945, 4.837808731425201E-12, 0.355938990221082, 4.837920815870671E-12, 3.86309942154091E-12
240, Flight23, LOWRISK2, 1.3778519346025593E-12, 1.2371135281862795E-11, 9.290535258286795E-12, 0.6110814979724462, 0.09315961805040605, 0.22225183540054247, 0.07350704851664458, 3.699326467238406E-11
240, Flight23, LOWRISK3, 2.99912072137093E-11, 2.4736398290205793E-10, 1.8017121953929952E-10, 0.594027235931315, 0.10051184198851147, 0.23930609653274737, 0.06615482226237993, 2.82759175971289E-9
240, Flight23, LOWRISK4, 0.8459152978934894, 0.05342898398137297, 1.43654024786281E-10, 0.05063262809895805, 2.115710157170132E-11, 0.050023089822212555, 2.115413774845168E-11, 1.8073745921957464E-11
240, Flight24, SELECTEE, 3.33823645852436E-12, 3.003016270915698E-11, 2.2508197400975273E-11, 0.4804586349676637, 0.2660386698867435, 0.14454136492517472, 0.10896133007448432, 9.012902088998177E-11
240, Flight24, UNKNOWN, 0.9999999999850222, 3.753092877773232E-12, 2.456197355859252E-12, 3.2491665004795337E-12, 8.080545733311226E-13, 3.249191451854291E-12, 8.080546026769371E-13, 7.258317272854935E-13
240, Flight24, LOWRISK1, 0.4108506675332783, 0.052343992251005264, 1.4672868508381224E-11, 0.2759308449647789, 2.4447924252528405E-12, 0.26087449522934975, 2.444785220524098E-12, 2.0974633601823576E-12
240, Flight24, LOWRISK2, 0.3188379604885515, 0.13045835592209085, 5.731047538041124E-11, 0.287541020233571, 9.553440447325264E-12, 0.26316266327124616, 9.553349860022251E-12, 8.195183899572676E-12
240, Flight24, LOWRISK3, 0.31350749489129615, 0.17843254596316813, 1.5938561533777007E-10, 0.26364745227543407, 2.6251023800319643E-11, 0.24441250663577707, 2.6251046290550094E-11, 2.250865986674723E-11
240, Flight24, LOWRISK4, 0.9999999998461696, 3.168366652147097E-11, 2.755448998283252E-11, 2.7551205183731928E-11, 1.3453402106728533E-11, 2.755551762548133E-11, 1.3454416360682712E-11, 1.2649623415937008E-11
240, Flight25, SELECTEE, 2.1458888009548676E-11, 1.941556524183169E-10, 1.193029682318664E-10, 0.6282905178020532, 1.1391916125279364E-10, 0.37170948155143135, 1.13946472560859E-10, 8.378253993860693E-11
240, Flight25, UNKNOWN, 0.9999999999959396, 8.510513435505522E-13, 7.401096196426181E-13, 7.401120619491502E-13, 3.6082296991120766E-13, 7.401150392396097E-13, 3.608235248273785E-13, 3.3927337702722355E-13
240, Flight25, LOWRISK1, 0.6613171289908049, 0.048145839152712214, 1.7042860872958397E-11, 0.14513371798332447, 2.8407221303339373E-12, 0.14540331384806898, 2.8407242077717294E-12, 2.4369346361350394E-12
240, Flight25, LOWRISK2, 0.5472321382063836, 0.07491075659716995, 4.8496230047542046E-11, 0.1868494345060902, 8.081888973152631E-12, 0.191007670618836, 8.081896163697882E-12, 6.9321235427556065E-12
240, Flight25, LOWRISK3, 0.5435747170366043, 0.10782754663774193, 2.2382150615666781E-10, 0.16898563968125416, 3.4994839739379425E-11, 0.1796120963207006, 3.49919785174292E-11, 2.996258623416856E-11
240, Flight25, LOWRISK4, 0.9999999999487383, 1.0568889378920379E-11, 9.19150593333682E-12, 9.191176815607349E-12, 4.48605613942629E-12, 9.191739488083766E-12, 4.48616915207807E-12, 4.2180626906115726E-12
240, Flight26, SELECTEE, 0.6545453259995053, 0.10909206577975762, 2.2107916223776435E-10, 0.11844333121496742, 3.49408866037301E-11, 0.1179192766849622, 3.4937681302488476E-11, 2.9924796343105265E-11
240, Flight26, UNKNOWN, 0.9999999999969433, 6.44509937503854E-13, 5.602632336463905E-13, 5.602641857070138E-13, 2.7311789390722566E-13, 5.602640177531149E-13, 2.7311841914742196E-13, 2.5678343884047507E-13
240, Flight26, LOWRISK1, 0.9999999999829572, 3.524501130186836E-12, 3.064985031492111E-12, 3.064977655051175E-12, 1.4956200164414652E-12, 3.0650174220183866E-12, 1.4956290720767787E-12, 1.4062710936189889E-12
240, Flight26, LOWRISK2, 0.9999999999808186, 3.964783170352606E-12, 3.447955810784415E-12, 3.447951627077082E-12, 1.6825251611913727E-12, 3.4480025525053533E-12, 1.6825369547120532E-12, 1.582019973299328E-12
240, Flight26, LOWRISK3, 0.999999999948741, 1.0568770611152837E-11, 9.19159558853598E-12, 9.191305930134017E-12, 4.486085215530237E-12, 9.191858129471225E-12, 4.486196173264316E-12, 4.218114396675128E-12
240, Flight26, LOWRISK4, 0.9999999997694484, 4.748028193173274E-11, 4.128787149541784E-11, 4.1276908086058666E-11, 2.0166223895189542E-11, 4.128572466959317E-11, 2.0168833003338826E-11, 1.8960906181933682E-11
240, Flight27, SELECTEE, 1.080708305823831E-11, 9.745750476470307E-11, 6.009541110161974E-11, 0.6331415973227499, 5.672871121533308E-11, 0.366858402353731, 5.671999740802334E-11, 4.1799421699420695E-11
240, Flight27, UNKNOWN, 0.99999999999535, 9.72328009481433E-13, 8.456612528317627E-13, 8.45665380320743E-13, 4.1232134071736935E-13, 8.456692131480959E-13, 4.123222373831301E-13, 3.877042063759009E-13
240, Flight27, LOWRISK1, 0.6611552800062176, 0.049602480010533676, 2.0339956796039316E-11, 0.14408161278631224, 3.3903294435245E-12, 0.14516062716697925, 3.390331994765027E-12, 2.9083511316601094E-12
240, Flight27, LOWRISK2, 0.5472321382063836, 0.07491075659716995, 4.8496230047542046E-11, 0.1868494345060902, 8.081888973152631E-12, 0.191007670618836, 8.081896163697882E-12, 6.9321235427556065E-12
240, Flight27, LOWRISK3, 0.5410855511205507, 0.13023004000659, 1.0580016610716707E-10, 0.16410565567527524, 1.7498434248374477E-11, 0.1645787530418549, 1.7498269097024376E-11, 1.5003974792089265E-11
240, Flight27, LOWRISK4, 0.9999999999076946, 1.901839942515183E-11, 1.654001910783429E-11, 1.6538731046213756E-11, 8.073801777550213E-12, 1.654055457156884E-11, 8.074196326392554E-12, 7.591452698376965E-12
240, Flight28, SELECTEE, 1.050790407088325E-11, 2.1406094415520072E-9, 5.770752760356809E-10, 0.051853685690796514, 0.9220848231470529, 0.010646310112392938, 0.01541517741847788, 9.031589399839396E-10
240, Flight28, UNKNOWN, 0.3313601927281222, 0.017758265380755766, 4.414710643566612E-12, 0.3434990265472907, 7.351707350493644E-13, 0.3073825153373873, 7.351689226462823E-13, 6.307884077208682E-13
240, Flight28, LOWRISK1, 0.03431411411800132, 0.06617297294460085, 2.522449598874878E-11, 0.5724586744587131, 4.206257148348004E-12, 0.32705423844151066, 4.2058647573006564E-12, 3.60926618247104E-12
240, Flight28, LOWRISK2, 1.2531270739033838E-11, 1.1130921204290475E-10, 5.415802328972129E-11, 0.6498448643375216, 2.549843131682091E-11, 0.35015513541302623, 2.5516164834099663E-11, 2.0510925455314705E-11
240, Flight28, LOWRISK3, 1.2412949938487013E-11, 1.1038576319970721E-10, 6.500440463273408E-11, 0.6534652173692597, 5.003888555049162E-11, 0.34653478230489254, 5.0145243031761115E-11, 3.793231797385185E-11
240, Flight28, LOWRISK4, 0.9999999997891554, 5.0125496820128307E-11, 3.5920178756160316E-11, 4.348875763327612E-11, 1.3033332301541495E-11, 4.3495228822264546E-11, 1.3033633069204639E-11, 1.1820056389037065E-11
240, Flight29, SELECTEE, 3.3325761974616858E-12, 3.05320388817027E-11, 2.2613993437386998E-11, 0.20309666268965823, 0.6895053366641393, 0.046903337201961465, 0.06049466329707748, 9.075667044703486E-11
240, Flight29, UNKNOWN, 0.5534852581234831, 0.01863267680205015, 4.353451050424816E-12, 0.21377398805545597, 7.250149279458411E-13, 0.21410807701265705, 7.250147649130708E-13, 6.220684857605202E-13
240, Flight29, LOWRISK1, 0.16101993471933573, 0.050820587553464636, 1.5775183496145637E-11, 0.4500904963183477, 2.628268950474256E-12, 0.33806898138563723, 2.62821865577539E-12, 2.2550299762569457E-12
240, Flight29, LOWRISK2, 0.09534937918215768, 0.14185558753999344, 7.010928592807621E-11, 0.46438113201747516, 1.1679025301470935E-11, 0.2984139011569594, 1.1677579756215134E-11, 1.0020369880273817E-11
240, Flight29, LOWRISK3, 0.08819999234994619, 0.20620006812173367, 7.932625285816733E-10, 0.4365865898330966, 1.043974239252726E-10, 0.26901334860373854, 1.0429663627798457E-10, 8.960037182456444E-11
240, Flight29, LOWRISK4, 0.9999999995408982, 9.442408249611432E-11, 8.217856905829262E-11, 8.21273213516148E-11, 4.022242007164439E-11, 8.216177575877482E-11, 4.023199742176141E-11, 3.7827421578282345E-11
240, Flight30, SELECTEE, 1.2450425224314919E-11, 6.392157992367674E-10, 2.3081632370533002E-10, 0.05188046475290267, 0.9218302722419182, 0.010619533835439055, 0.015669727601108414, 6.862210586412044E-10
240, Flight30, UNKNOWN, 0.33021201180275067, 0.028091893706453538, 6.93657140546619E-12, 0.33901788144930073, 1.155258855980171E-12, 0.3026782130313285, 1.1552557055020203E-12, 9.912205868919169E-13
240, Flight30, LOWRISK1, 0.03482414770564585, 0.061582670658627985, 2.252341738199748E-11, 0.5735252022367392, 3.755472799518458E-12, 0.33006797936580234, 3.7551705599022316E-12, 3.222447826344538E-12
240, Flight30, LOWRISK2, 1.0256595989667104E-11, 8.89093430967277E-11, 2.336221293831589E-11, 0.6758316741502083, 5.959202037424705E-12, 0.324168325710743, 5.95909475784438E-12, 5.01555541609661E-12
240, Flight30, LOWRISK3, 1.593313334481084E-11, 1.4208134281488675E-10, 8.470170840435021E-11, 0.6525268852415796, 6.881144000831617E-11, 0.3474731143261905, 6.899374339617515E-11, 5.178052585297484E-11
240, Flight30, LOWRISK4, 0.9999999997568744, 5.391926699569793E-11, 4.296896256077905E-11, 4.684216666770898E-11, 1.8009131292021837E-11, 4.684899685258904E-11, 1.801006726775656E-11, 1.6598767082538533E-11