TimeWindow, Flight, RiskCategory, O313, O314, O315, O316, O317, O318, O319, O320
240, Flight1, SELECTEE, 8.997851504801576E-11, 8.097147270584808E-10, 6.073249583451378E-10, 0.47404052825283793, 0.26271603223325785, 0.1509594691377248, 0.1122839664460964, 2.4296069839106432E-9
240, Flight1, UNKNOWN, 0.9999999996241661, 8.463743317109152E-11, 6.762417668371613E-11, 7.340574916331554E-11, 2.850997522735883E-11, 7.340577191357619E-11, 2.8509977514360628E-11, 2.6282774356169222E-11
240, Flight1, LOWRISK1, 0.4103090045881844, 0.057218966817644046, 5.75388221122183E-10, 0.2789633547193146, 9.589715060216476E-11, 0.25350867303201574, 9.589714041773367E-11, 8.220056694679451E-11
240, Flight1, LOWRISK2, 0.4045785653042254, 0.10879285781283572, 1.4576263438751918E-9, 0.2588382975036882, 2.429393513856024E-10, 0.22779027723404704, 2.429389786795566E-10, 2.082410535876967E-10
240, Flight1, LOWRISK3, 0.3091782937717241, 0.21739535956634362, 2.1927317086225234E-8, 0.2444495095316038, 3.6417681420138166E-9, 0.228976804804246, 3.6418063314890023E-9, 3.1217329716120624E-9
240, Flight1, LOWRISK4, 0.9999999980057283, 4.121930905401522E-10, 3.5818559213335596E-10, 3.5818533133045173E-10, 1.7485854043027528E-10, 3.5818605469658745E-10, 1.7485871451236924E-10, 1.6434655422434839E-10
240, Flight2, SELECTEE, 0.14607802602011444, 0.18529776245888968, 4.372502752155139E-9, 0.3799463025922505, 7.288034649418433E-10, 0.2886779024804734, 7.287952787713775E-10, 6.247124392026186E-10
240, Flight2, UNKNOWN, 0.9999999997201242, 5.904009521154338E-11, 5.1286556274106776E-11, 5.128655068926091E-11, 2.5007703806202128E-11, 5.1286565524194945E-11, 2.5007707430641498E-11, 2.3502723470078184E-11
240, Flight2, LOWRISK1, 0.999999999520977, 1.0006280301653414E-10, 8.69364961608848E-11, 8.69365328767463E-11, 4.2414643774415405E-11, 8.693656011228503E-11, 4.241465030759798E-11, 3.986340645475115E-11
240, Flight2, LOWRISK2, 0.9999999993391308, 1.3752208472928314E-10, 1.1948940543181005E-10, 1.1948986928099676E-10, 5.830889540356804E-11, 1.1948989469665606E-10, 5.830890097397821E-11, 5.480227968615443E-11
240, Flight2, LOWRISK3, 0.9999999823922638, 3.681013590048219E-9, 3.1506116467576644E-9, 3.1977789428443134E-9, 1.4942039589610197E-9, 3.1978174756116894E-9, 1.494214905358699E-9, 1.3986378028463646E-9
240, Flight2, LOWRISK4, 0.9999999982279666, 3.6641286960978824E-10, 3.184024134908955E-10, 3.1840190492945495E-10, 1.5543320622094723E-10, 3.184027019985476E-10, 1.554333890634451E-10, 1.4608889863784642E-10
240, Flight3, SELECTEE, 0.14822167205164752, 0.16600494948392822, 3.1232543598083637E-9, 0.38967234439700815, 5.205796806754737E-10, 0.29610102946332073, 5.205756931731017E-10, 4.4622777796279984E-10
240, Flight3, UNKNOWN, 0.9999999998984667, 2.2303050366718278E-11, 1.9360907565340003E-11, 1.9360903194663644E-11, 9.41926750886997E-12, 1.936090840590001E-11, 9.419268043776257E-12, 8.851230975228957E-12
240, Flight3, LOWRISK1, 0.999999999679305, 6.744847563906953E-11, 5.859369761035884E-11, 5.859371368558413E-11, 2.8575597869586028E-11, 5.859372561015463E-11, 2.8575600796128346E-11, 2.6856167482675968E-11
240, Flight3, LOWRISK2, 0.9999999992438817, 1.5714280301485077E-10, 1.3654026688026404E-10, 1.3654087041580363E-10, 6.663424487510695E-11, 1.3654090446420423E-10, 6.663425227757362E-11, 6.262721299301385E-11
240, Flight3, LOWRISK3, 0.9999999823922638, 3.681013590048219E-9, 3.1506116467576644E-9, 3.1977789428443134E-9, 1.4942039589610197E-9, 3.1978174756116894E-9, 1.494214905358699E-9, 1.3986378028463646E-9
240, Flight3, LOWRISK4, 0.9999999960056366, 8.241945967473576E-10, 7.162283394468652E-10, 7.162252300227716E-10, 3.496822456765353E-10, 7.162293632922623E-10, 3.49683207970098E-10, 3.2866249944661855E-10
240, Flight4, SELECTEE, 4.935287322744865E-12, 1.2254180865114656E-11, 1.219950048960155E-11, 3.5872536741426474E-11, 0.999999994483447, 1.5042820060439874E-11, 2.6031859168275284E-11, 5.416758666845151E-9
240, Flight4, UNKNOWN, 0.2566540380531118, 0.023446989536774484, 1.884940017330838E-10, 0.3956046747136981, 3.141475708180173E-11, 0.3242942974247061, 3.141475121742387E-11, 2.6927916759940687E-11
240, Flight4, LOWRISK1, 2.0106106641185825E-10, 1.8078335286632138E-9, 4.0426551453383323E-10, 0.6586826758135685, 9.597077869615E-11, 0.3413173215068364, 9.597053011625216E-11, 8.10352489733376E-11
240, Flight4, LOWRISK2, 7.820431438385696E-11, 7.037252225118646E-10, 5.19764461297063E-10, 0.6895902240749702, 5.7435014490780716E-9, 0.3104097616493796, 5.765573176372391E-9, 1.4714235967153706E-9
240, Flight4, LOWRISK3, 8.107765020702211E-10, 7.2845771659160076E-9, 5.464412732167256E-9, 0.5943629665912691, 0.10431940375265691, 0.23897034632332204, 0.06234724764960341, 2.2129924053228152E-8
240, Flight4, LOWRISK4, 0.8461902876838375, 0.050954032273796426, 2.7357053928967524E-9, 0.05145490832923425, 4.555066105375386E-10, 0.051400767682518646, 4.555063715225155E-10, 3.9043703801619827E-10
240, Flight5, SELECTEE, 1.3496763646562463E-10, 1.2145443355733753E-9, 9.109597148133897E-10, 0.47445757780337, 0.26352237145751156, 0.15054241812521274, 0.1114776267158591, 3.644116743793678E-9
240, Flight5, UNKNOWN, 0.9999999996858823, 7.785377838935034E-11, 5.3745850035168524E-11, 6.736359766699228E-11, 1.8718334129660967E-11, 6.73636086289868E-11, 1.8718334976555006E-11, 1.6896229374202414E-11
240, Flight5, LOWRISK1, 0.41102494463057526, 0.05077550655155539, 4.652105831179935E-10, 0.28399491981856206, 7.75339701587857E-11, 0.2542046283191105, 7.753396424172247E-11, 6.646011976415553E-11
240, Flight5, LOWRISK2, 0.40358190316370496, 0.11776281684258412, 1.681867168787225E-9, 0.2540229269286997, 2.803142023570312E-10, 0.22463235058878026, 2.803136919509643E-10, 2.402777164147375E-10
240, Flight5, LOWRISK3, 0.3211826238241857, 0.10935640922209164, 2.7328325833640045E-9, 0.2920089196134404, 4.5549581283221924E-10, 0.2774520433125601, 4.5549549041345294E-10, 3.904402626398783E-10
240, Flight5, LOWRISK4, 0.9999999960056156, 8.242002562055355E-10, 7.16231423875015E-10, 7.162298410536281E-10, 3.4968367665956306E-10, 7.162329543696633E-10, 3.49684422488424E-10, 3.2866367660733297E-10
240, Flight6, SELECTEE, 3.1392984216468667E-10, 2.8244477085481467E-9, 1.7162073420027907E-9, 0.6396500908880656, 1.5055425646352887E-9, 0.36034990013283547, 1.5055133300385316E-9, 1.1200001253604964E-9
240, Flight6, UNKNOWN, 0.9999999998576989, 3.070085705591583E-11, 2.665886683117011E-11, 2.6658865904339648E-11, 1.2982675772011006E-11, 2.6658870724953014E-11, 1.2982676440484286E-11, 1.2200461286357134E-11
240, Flight6, LOWRISK1, 0.6609861650853543, 0.05112452524646426, 5.753707654592246E-10, 0.14478742644311007, 9.589627780401157E-11, 0.14310188238225022, 9.589628811718548E-11, 8.219983714518718E-11
240, Flight6, LOWRISK2, 0.659162575780294, 0.06753674632241653, 1.0412195088857546E-9, 0.13837038592234782, 1.7352929612485575E-10, 0.13493029044446134, 1.7352925894224016E-10, 1.4874427863397265E-10
240, Flight6, LOWRISK3, 0.5389423816430077, 0.1495185890708046, 1.0947824204882415E-8, 0.15514648109863263, 1.821271865781986E-9, 0.15639253204257325, 1.821274452450915E-9, 1.5611534651003636E-9
240, Flight6, LOWRISK4, 0.9999999977199999, 4.710507714090483E-10, 4.0933470918365976E-10, 4.093340906611203E-10, 1.998333669829224E-10, 4.0933518888235443E-10, 1.9983363029999417E-10, 1.8782026099184854E-10
240, Flight7, SELECTEE, 1.1567501221369292E-10, 1.0412202408693121E-9, 7.807946149863694E-10, 0.2032658343612434, 0.6864128708356615, 0.04673416209532248, 0.06358712765201556, 3.124609044317096E-9
240, Flight7, UNKNOWN, 0.552749809035614, 0.025251716757196428, 2.2776193102869826E-10, 0.21374852505305214, 3.795941260955854E-11, 0.20824994882446093, 3.795941311033963E-11, 3.253782690904314E-11
240, Flight7, LOWRISK1, 0.16063120215529414, 0.05431918588755547, 5.084880123909214E-10, 0.4567403845406593, 8.474672830437689E-11, 0.32830922667240886, 8.474665806893257E-11, 7.264270720513308E-11
240, Flight7, LOWRISK2, 0.15645264769706194, 0.09192613430830075, 1.0932121427640528E-9, 0.4662217655453825, 1.8220635690757856E-10, 0.28539945084199014, 1.8220561671413753E-10, 1.5618244076235673E-10
240, Flight7, LOWRISK3, 0.09529855492762464, 0.14231302078344837, 2.4292965699945783E-9, 0.48225634435676185, 4.048951469183424E-10, 0.28013207635255605, 4.0489300118149424E-10, 3.4706643354025707E-10
240, Flight7, LOWRISK4, 0.9999999977199678, 4.710576279499837E-10, 4.0934050878630286E-10, 4.093411610659757E-10, 1.9983541091788296E-10, 4.0934184237848034E-10, 1.9983556888601097E-10, 1.878221451633522E-10
240, Flight8, SELECTEE, 4.045853870562644E-10, 3.695123081507585E-9, 2.7473648956682944E-9, 0.11715153328317715, 0.8196878893512439, 0.02570559650589675, 0.037454963071694214, 1.0947456651110511E-8
240, Flight8, UNKNOWN, 0.42618914547962217, 0.021440546207494922, 1.681945417070385E-10, 0.28782747847303036, 2.8031610256020757E-11, 0.2645428295981089, 2.8031609350573775E-11, 2.402797108753838E-11
240, Flight8, LOWRISK1, 0.08959441797641103, 0.050793099844557724, 4.753255656216472E-10, 0.5282268317575333, 7.92199057339695E-11, 0.33138564972636964, 7.921980394101826E-11, 6.790525864271412E-11
240, Flight8, LOWRISK2, 0.08606544385011713, 0.08255383126266284, 9.506029945537694E-10, 0.543268415304448, 1.5844174986226547E-10, 0.2881123081860163, 1.584409199239818E-10, 1.3581195862149988E-10
240, Flight8, LOWRISK3, 0.0335103778954914, 0.12697803939116747, 3.123961147573812E-9, 0.5632964780574913, 5.20568961951665E-10, 0.2762151000510791, 5.205603300509687E-10, 4.4622238888693474E-10
240, Flight8, LOWRISK4, 0.9999999977198966, 4.710737986197554E-10, 4.0935323217782444E-10, 4.09355986854661E-10, 1.9983979589696932E-10, 4.0935649911556726E-10, 1.998399111937756E-10, 1.878260938600259E-10
240, Flight9, SELECTEE, 1.6193719980212247E-10, 1.4580925488516347E-9, 1.0931737053186074E-9, 0.2031299615226775, 0.6863717916286711, 0.046870033429415404, 0.06362820633817608, 4.374398400813922E-9
240, Flight9, UNKNOWN, 0.5510880491188677, 0.04020755584465227, 3.835948603726666E-10, 0.2083888468771235, 6.393149597805117E-11, 0.20031554759964015, 6.393149651344847E-11, 5.480042601555328E-11
240, Flight9, LOWRISK1, 0.16103915486783052, 0.05064761153021555, 4.5552164246086104E-10, 0.45807006130408884, 7.591895872296674E-11, 0.3302431716319717, 7.591890305726194E-11, 6.507577044543145E-11
240, Flight9, LOWRISK2, 0.1502108866548, 0.14810198197104077, 2.7328295420025377E-9, 0.44136003715502914, 4.555166694366184E-10, 0.26032709019135813, 4.5551142468705245E-10, 3.904563299410477E-10
240, Flight9, LOWRISK3, 0.09453536565427759, 0.1491817239254404, 2.7329461760607865E-9, 0.4768427630329729, 4.5550574204456104E-10, 0.27944014335944745, 4.555029342702966E-10, 3.9044877370615764E-10
240, Flight9, LOWRISK4, 0.9999999840070923, 3.295673299443284E-9, 2.8641011453055437E-9, 2.8640395597745148E-9, 1.3985229738712647E-9, 2.8641044063063863E-9, 1.3985374005383521E-9, 1.314470857936053E-9
240, Flight10, SELECTEE, 2.024768019581735E-10, 1.8216892673566796E-9, 1.0932395369516524E-9, 0.639129589582361, 9.109348884525054E-10, 0.36087040480167176, 9.109269018630681E-10, 6.832420837541394E-10
240, Flight10, UNKNOWN, 0.9999999997836215, 4.596009363883139E-11, 3.9919617236260737E-11, 3.9919619220137514E-11, 1.945763174942984E-11, 3.991962634596915E-11, 1.9457633324197095E-11, 1.828623798870284E-11
240, Flight10, LOWRISK1, 0.6616540807158369, 0.04511328467695734, 4.753114554148216E-10, 0.14728828008419007, 7.921889704830953E-11, 0.14594435382790422, 7.921890461271129E-11, 6.790440845007182E-11
240, Flight10, LOWRISK2, 0.6587500064849154, 0.07124986992627837, 1.0932831936746365E-9, 0.1366634239227816, 1.8220576526606866E-10, 0.13333669805869033, 1.8220572266663084E-10, 1.561814610218341E-10
240, Flight10, LOWRISK3, 0.5377256118243986, 0.160469505828718, 2.2000407708711136E-8, 0.1515377570867365, 3.640825352986411E-9, 0.15026709286386436, 3.6408364616467883E-9, 3.120755088071946E-9
240, Flight10, LOWRISK4, 0.9999999920056284, 1.6481567058562785E-9, 1.4322793676053781E-9, 1.4322658455578194E-9, 6.9932051519234E-10, 1.432281115731368E-9, 6.993242199020234E-10, 6.572860374906345E-10
240, Flight11, SELECTEE, 4.983768197644267E-12, 1.2194944379649095E-11, 1.2174579157183723E-11, 3.4757538721991116E-11, 0.9999999853762707, 1.4887626787592614E-11, 2.6088971711267316E-11, 1.452518401216256E-8
240, Flight11, UNKNOWN, 0.2549913401920028, 0.038411270137157644, 3.31290313886569E-10, 0.38969898382834506, 5.521377663013622E-11, 0.31689840535999075, 5.521375759731223E-11, 4.7327820754502496E-11
240, Flight11, LOWRISK1, 2.0148171649688607E-10, 1.8116632332130065E-9, 3.5808873780267274E-10, 0.6591676202718824, 8.101714984286256E-11, 0.3408323771328216, 8.101696567051323E-11, 6.857017058863834E-11
240, Flight11, LOWRISK2, 3.792414290949E-11, 3.4127612810381967E-10, 2.5405948161088126E-10, 0.6843959262350354, 5.745963156809045E-9, 0.3156040607859489, 5.761030138361286E-9, 8.453046010584904E-10
240, Flight11, LOWRISK3, 1.1572796785215805E-10, 1.0413893231617E-9, 7.810570028794911E-10, 0.6054743796005514, 0.13010469936843322, 0.22785895587166732, 0.03656196010519688, 3.1225191354937355E-9
240, Flight11, LOWRISK4, 0.8459287353345266, 0.05330800169031055, 4.383564203597913E-9, 0.05045477592674531, 7.287682537172352E-10, 0.05030848058921068, 7.287670013000083E-10, 6.246490919568001E-10
240, Flight12, SELECTEE, 1.3495950764021598E-10, 1.214577059444271E-9, 9.109121711602357E-10, 0.31913145019936096, 0.5053508534611696, 0.08086854567237126, 0.09464914476842891, 3.644762231640362E-9
240, Flight12, UNKNOWN, 0.7299820529178044, 0.030161521391310373, 3.1235311010493894E-10, 0.11957509298770193, 5.205836465253851E-11, 0.12028133224863251, 5.205836827074206E-11, 4.462308448708292E-11
240, Flight12, LOWRISK1, 0.25820762943613385, 0.0761313412070934, 8.098015191138995E-10, 0.36783233934709775, 1.3496648423486244E-10, 0.29782868882079283, 1.34966392179916E-10, 1.1568979390339584E-10
240, Flight12, LOWRISK2, 0.2546549686811703, 0.10810523801416508, 1.4576106162091704E-9, 0.37696862522579816, 2.4294033587851253E-10, 0.26027116593367583, 2.4293954683134477E-10, 2.082419849810185E-10
240, Flight12, LOWRISK3, 0.1762519202187946, 0.21373272778354047, 1.0935787892940427E-8, 0.35270956374536405, 1.821727124566581E-9, 0.2573057721180583, 1.8217092841686174E-9, 1.5615603447425548E-9
240, Flight12, LOWRISK4, 0.9999999977199857, 4.710534658849172E-10, 4.0933733784062097E-10, 4.0933733150069997E-10, 1.9983425526026383E-10, 4.093381874654593E-10, 1.9983445461974868E-10, 1.8782111133140103E-10
240, Flight13, SELECTEE, 8.994991154404663E-11, 8.127138284625272E-10, 6.081094286838489E-10, 0.05149999101571378, 0.9211141115569049, 0.011000006219032249, 0.016385887271563933, 2.4325538605521613E-9
240, Flight13, UNKNOWN, 0.3286181394666369, 0.04243674314359148, 3.769843355606293E-10, 0.3374415544098106, 6.282940622261789E-11, 0.29150356243000397, 6.282939167350076E-11, 5.3855742044965047E-11
240, Flight13, LOWRISK1, 0.03677271166072214, 0.04404559895048607, 4.4622281485224534E-10, 0.5926866189667127, 7.436986538214247E-11, 0.3264950697699108, 7.436972940036178E-11, 6.374794377866465E-11
240, Flight13, LOWRISK2, 0.029934700581103615, 0.10558766545664076, 2.7316904475504567E-9, 0.6005339547496047, 4.556142245018047E-10, 0.2639436751857548, 4.556030215227287E-10, 3.9053033506943006E-10
240, Flight13, LOWRISK3, 7.371952156874487E-10, 6.628831591341772E-9, 2.6352007000962507E-9, 0.6750439632463879, 9.34090732963194E-10, 0.32495602412105606, 9.34076418508781E-10, 7.697033320719476E-10
240, Flight13, LOWRISK4, 0.9999999937805208, 1.4362428458434915E-9, 1.0812251942627418E-9, 1.2448302993720552E-9, 4.1847610355211557E-10, 1.2448340413961412E-9, 4.1847646139430684E-10, 3.819361782987384E-10
240, Flight14, SELECTEE, 1.0122582543175448E-10, 9.109237934186376E-10, 6.832354977192514E-10, 0.4742426515230917, 0.2629554071233313, 0.15075734550196812, 0.1120445914295198, 2.7332458452232278E-9
240, Flight14, UNKNOWN, 0.9999999996905591, 7.866657411621208E-11, 5.1702100214422906E-11, 6.802460968040931E-11, 1.7102219767701027E-11, 6.802463673388154E-11, 1.71022207024122E-11, 1.5360578782798166E-11
240, Flight14, LOWRISK1, 0.4103789828211738, 0.0565891627508804, 5.466197768614912E-10, 0.2800205343421342, 9.110232598590488E-11, 0.2530113192854385, 9.110231710932801E-11, 7.809056613059136E-11
240, Flight14, LOWRISK2, 0.40514649795659735, 0.10368146403692367, 1.366527986690365E-9, 0.2618194287653192, 2.2775577031255888E-10, 0.2293526072304364, 2.2775544729633162E-10, 1.9522611491600753E-10
240, Flight14, LOWRISK3, 0.31381612156289324, 0.17565492861934945, 3.6436424799495556E-9, 0.27681798275174263, 6.073178903481954E-10, 0.23371096169370018, 6.073174637618554E-10, 5.205785771144077E-10
240, Flight14, LOWRISK4, 0.9999999968056558, 6.59398622228656E-10, 5.730140062687273E-10, 5.730131338783088E-10, 2.797538719184707E-10, 5.730150738807912E-10, 2.797543370428104E-10, 2.629370449273183E-10
240, Flight15, SELECTEE, 1.012095104014111E-10, 9.115286469830284E-10, 6.8329883591006E-10, 0.11708625434259184, 0.8200535533586641, 0.025770885410613842, 0.037089302463971976, 2.734663447545152E-9
240, Flight15, UNKNOWN, 0.42559299730749545, 0.026805879699099266, 2.231145345452345E-10, 0.28393458790865733, 3.718476965925539E-11, 0.26366653476193197, 3.718476786839464E-11, 3.1873822696780453E-11
240, Flight15, LOWRISK1, 0.08713945998452592, 0.07288772145142133, 7.808801988382435E-10, 0.5193941897627207, 1.3014697790729835E-10, 0.32057862765514183, 1.3014668687762252E-10, 1.1155863931618018E-10
240, Flight15, LOWRISK2, 0.08357571458828307, 0.10496139408815125, 1.4575336892130844E-9, 0.5345439758008652, 2.4294576376439677E-10, 0.2769189133775732, 2.4294370079788884E-10, 2.0824631125082551E-10
240, Flight15, LOWRISK3, 0.031963653407195224, 0.14089855732793385, 5.468944392145973E-9, 0.5540244839962284, 9.109844974492448E-10, 0.2731132972034232, 9.109494651950297E-10, 7.80882882287992E-10
240, Flight15, LOWRISK4, 0.9999999920050554, 1.6482746555102068E-9, 1.4323804870645183E-9, 1.4323947926398995E-9, 6.993549469845416E-10, 1.4324063646581588E-9, 6.993573289415841E-10, 6.57318101631861E-10
240, Flight16, SELECTEE, 1.1568077044108429E-10, 1.0410543630746938E-9, 7.807915983066002E-10, 0.31921694684945, 0.5052027624111759, 0.08078304964885279, 0.09479723603538444, 3.124152076085529E-9
240, Flight16, UNKNOWN, 0.7297548897833375, 0.03220598956515551, 3.4705764382187823E-10, 0.1186829359438759, 5.784256984999734E-11, 0.11935618420184942, 5.784257415080297E-11, 4.958115573193875E-11
240, Flight16, LOWRISK1, 0.26102383833714726, 0.05078546142574957, 4.969312715870816E-10, 0.3820175235227854, 8.282053728074012E-11, 0.30617317598729565, 8.282050474514132E-11, 7.099162673374899E-11
240, Flight16, LOWRISK2, 0.25638462670158235, 0.09253831615192612, 1.1507593444624868E-9, 0.3769066946269148, 1.9179519266459414E-10, 0.27417036082736773, 1.9179470840480944E-10, 1.6440176102412286E-10
240, Flight16, LOWRISK3, 0.17854397858124285, 0.19310420825404093, 5.46568683541855E-9, 0.36472453643836844, 9.109672391880162E-10, 0.2636272686644121, 9.109622188637988E-10, 7.808614820644316E-10
240, Flight16, LOWRISK4, 0.9999999946721968, 1.0988716951781542E-9, 9.54930483888188E-10, 9.549287229071635E-10, 4.662347984400712E-10, 9.549340325910336E-10, 4.662360262298081E-10, 4.3820954237442887E-10
240, Flight17, SELECTEE, 8.994991154404663E-11, 8.127138284625272E-10, 6.081094286838489E-10, 0.05149999101571378, 0.9211141115569049, 0.011000006219032249, 0.016385887271563933, 2.4325538605521613E-9
240, Flight17, UNKNOWN, 0.33025023279058285, 0.027747903384417072, 2.2776303507939944E-10, 0.3435090407324, 3.795947348640149E-11, 0.29849282276292216, 3.795946853240526E-11, 3.253787856182145E-11
240, Flight17, LOWRISK1, 0.03589312881517456, 0.05196184444055266, 5.6063549487716E-10, 0.5887193553313568, 9.343912125321307E-11, 0.3234256705918509, 9.343890002905321E-11, 8.009362873031058E-11
240, Flight17, LOWRISK2, 0.029934700581103615, 0.10558766545664076, 2.7316904475504567E-9, 0.6005339547496047, 4.556142245018047E-10, 0.2639436751857548, 4.556030215227287E-10, 3.9053033506943006E-10
240, Flight17, LOWRISK3, 6.96719935760834E-10, 6.335904074581399E-9, 2.092147301642038E-9, 0.6776206659755935, 6.235531347595561E-10, 0.3223793231393054, 6.235269891930871E-10, 5.197916775379271E-10
240, Flight17, LOWRISK4, 0.9999999933398293, 1.4941442926034365E-9, 1.1734556124698109E-9, 1.2959023218968058E-9, 4.821244021209954E-10, 1.295905237965092E-9, 4.821248256359697E-10, 4.430558517037398E-10
240, Flight18, SELECTEE, 2.2895986877500416E-10, 2.060006080211875E-9, 1.2414680961012274E-9, 0.6396146537686043, 1.052275344743861E-9, 0.36038533981582777, 1.0522622881847752E-9, 7.87138243578007E-10
240, Flight18, UNKNOWN, 0.9999999997836215, 4.596009363883139E-11, 3.9919617236260737E-11, 3.9919619220137514E-11, 1.945763174942984E-11, 3.991962634596915E-11, 1.9457633324197095E-11, 1.828623798870284E-11
240, Flight18, LOWRISK1, 0.6595844799659597, 0.06373969107544002, 8.097610818703818E-10, 0.13951790040825776, 1.349641297790933E-10, 0.1371579273615072, 1.3496414732602284E-10, 1.1568781693355662E-10
240, Flight18, LOWRISK2, 0.6598349825942081, 0.06148508513354832, 9.110626360168111E-10, 0.13853396188206624, 1.518381448996353E-10, 0.1401459690518291, 1.5183811808950764E-10, 1.3015132483527062E-10
240, Flight18, LOWRISK3, 0.5437405473012669, 0.10633510676131461, 2.7325990288401984E-9, 0.1715948345949116, 4.5547775681251985E-10, 0.17832950731506922, 4.554779584530407E-10, 3.904250315035884E-10
240, Flight18, LOWRISK4, 0.9999999920056284, 1.6481567058562785E-9, 1.4322793676053781E-9, 1.4322658455578194E-9, 6.9932051519234E-10, 1.432281115731368E-9, 6.993242199020234E-10, 6.572860374906345E-10
240, Flight19, SELECTEE, 1.6193719980212247E-10, 1.4580925488516347E-9, 1.0931737053186074E-9, 0.2031299615226775, 0.6863717916286711, 0.046870033429415404, 0.06362820633817608, 4.374398400813922E-9
240, Flight19, UNKNOWN, 0.5529323832826738, 0.023608548554110015, 2.08239764911935E-10, 0.21283247804397673, 3.470575834354069E-11, 0.21062658981838106, 3.470575881108041E-11, 2.974887852832153E-11
240, Flight19, LOWRISK1, 0.16004903161179118, 0.059558720708990355, 5.753925287222189E-10, 0.4549989372934809, 9.589758936506167E-11, 0.3253933095428909, 9.589749826424586E-11, 8.220093839722959E-11
240, Flight19, LOWRISK2, 0.14858033423149541, 0.16277695282663318, 3.643684815129748E-9, 0.43295469826577115, 6.07355108758023E-10, 0.2556880093036492, 6.073454092232655E-10, 5.206078090275007E-10
240, Flight19, LOWRISK3, 0.08901766268690042, 0.1988410420329088, 1.0939189879209488E-8, 0.4453246083827603, 1.8218089218695827E-9, 0.2668166707595968, 1.8217407436377143E-9, 1.5616360080297553E-9
240, Flight19, LOWRISK4, 0.9999999946721198, 1.0988884517371554E-9, 9.549440750243878E-10, 9.549454435674423E-10, 4.662396087828828E-10, 9.54949984935372E-10, 4.662406368890682E-10, 4.3821393241504263E-10
240, Flight20, SELECTEE, 4.935287322744865E-12, 1.2254180865114656E-11, 1.219950048960155E-11, 3.5872536741426474E-11, 0.999999994483447, 1.5042820060439874E-11, 2.6031859168275284E-11, 5.416758666845151E-9
240, Flight20, UNKNOWN, 0.2563790307225268, 0.02592205548925439, 2.1024310149051703E-10, 0.3949432600591926, 3.5039533122994575E-11, 0.3227556534252109, 3.5039525760103315E-11, 3.003498100757261E-11
240, Flight20, LOWRISK1, 2.0101722961370853E-10, 1.8074575467794003E-9, 4.197674244588974E-10, 0.6586204425634974, 1.0130920050787313E-10, 0.3413795547267127, 1.0130892645771568E-10, 8.547158706356168E-11
240, Flight20, LOWRISK2, 4.184414090672104E-11, 3.765500865052389E-10, 2.80100463045887E-10, 0.684794729869751, 5.740796638782794E-9, 0.3152052570246761, 5.756773936654547E-9, 9.160494275386148E-10
240, Flight20, LOWRISK3, 1.3504826722669058E-10, 1.2151731733858723E-9, 9.113621420633756E-10, 0.6133468721326226, 0.09954608584401795, 0.21998646271202996, 0.06712057340876766, 3.6475202494440642E-9
240, Flight20, LOWRISK4, 0.8461136592982634, 0.05164368733342093, 3.1274424456077215E-9, 0.051173355901821524, 5.205733748454552E-10, 0.05106929285824057, 5.205729829652726E-10, 4.46206670261782E-10
240, Flight21, SELECTEE, 1.0118946195448507E-10, 9.152936966511846E-10, 6.844252212684374E-10, 0.05153401846301553, 0.92103821684282, 0.010965978403631657, 0.0164617818590561, 2.7371102882162827E-9
240, Flight21, UNKNOWN, 0.32881489452212503, 0.040665947663628695, 3.584444501874502E-10, 0.3381035165584398, 5.973944359000835E-11, 0.29241564073321813, 5.973943052703117E-11, 5.1207105923701255E-11
240, Flight21, LOWRISK1, 0.03508562695958673, 0.05922936101237237, 6.832702460864149E-10, 0.5861338192785498, 1.1387901307448538E-10, 0.31955119174739105, 1.1387867386582874E-10, 9.761419114646096E-11
240, Flight21, LOWRISK2, 0.03333151680938456, 0.0750163211715927, 1.0409805438717628E-9, 0.6074559716897983, 1.7354112720529063E-10, 0.28419618879895114, 1.7353972700014412E-10, 1.4875377883104616E-10
240, Flight21, LOWRISK3, 1.7702476710213415E-9, 1.5949314454727706E-8, 9.21268178564735E-9, 0.6556329387305107, 6.700330505420648E-9, 0.3443670158150471, 6.698837368031909E-9, 5.12957225687999E-9
240, Flight21, LOWRISK4, 0.9999999937805208, 1.4362428458434915E-9, 1.0812251942627418E-9, 1.2448302993720552E-9, 4.1847610355211557E-10, 1.2448340413961412E-9, 4.1847646139430684E-10, 3.819361782987384E-10
240, Flight22, SELECTEE, 8.091502585601361E-10, 7.315625786421421E-9, 5.4711615320571175E-9, 0.31783255337735017, 0.506073962653406, 0.0821674205180445, 0.09392602801233606, 2.1849467787148792E-8
240, Flight22, UNKNOWN, 0.7310501177690266, 0.020548937858359977, 1.9013061382480488E-10, 0.12262328901718254, 3.168780564691501E-11, 0.12577765508130467, 3.1687807221289454E-11, 2.7161967686036627E-11
240, Flight22, LOWRISK1, 0.25820762943613385, 0.0761313412070934, 8.098015191138995E-10, 0.36783233934709775, 1.3496648423486244E-10, 0.29782868882079283, 1.34966392179916E-10, 1.1568979390339584E-10
240, Flight22, LOWRISK2, 0.24732459768976786, 0.17407857388293488, 4.372593974251202E-9, 0.3374313935452383, 7.288079194717097E-10, 0.2411654284336853, 7.287997584056028E-10, 6.247139690844864E-10
240, Flight22, LOWRISK3, 0.17488364937172682, 0.22604715389071103, 2.1918997927954192E-8, 0.3457733079680337, 3.642248512944396E-9, 0.2532958564504436, 3.64219257312955E-9, 3.122187702195603E-9
240, Flight22, LOWRISK4, 0.9999999920055124, 1.648178504211168E-9, 1.4322998457200265E-9, 1.4322923468598505E-9, 6.993284006580726E-10, 1.4323055848915164E-9, 6.993314483995269E-10, 6.572934771216498E-10
240, Flight23, SELECTEE, 4.96491666510226E-12, 1.2219527902076797E-11, 1.2185487466358614E-11, 3.5201334720030356E-11, 0.99999999120467, 1.4950189891310368E-11, 2.6065353349250114E-11, 8.696285194147481E-9
240, Flight23, UNKNOWN, 0.25469646258338685, 0.04106516858625041, 3.5844480541903957E-10, 0.38864902965997383, 5.97394876392023E-11, 0.31558933864780003, 5.97394651956756E-11, 5.120714321114748E-11
240, Flight23, LOWRISK1, 2.0142175416515646E-10, 1.8111739472897225E-9, 4.851981323963818E-10, 0.6586253153286973, 1.2575291721049645E-10, 0.34137468182284897, 1.257525147496378E-10, 1.0569642847261785E-10
240, Flight23, LOWRISK2, 4.952180681133453E-11, 4.456363186144617E-10, 3.3098693799226875E-10, 0.68575148527906, 5.734263071352897E-9, 0.31424850136773747, 5.751721915547085E-9, 1.0476144134703437E-9
240, Flight23, LOWRISK3, 8.107765020702211E-10, 7.2845771659160076E-9, 5.464412732167256E-9, 0.5943629665912691, 0.10431940375265691, 0.23897034632332204, 0.06234724764960341, 2.2129924053228152E-8
240, Flight23, LOWRISK4, 0.8459287353345266, 0.05330800169031055, 4.383564203597913E-9, 0.05045477592674531, 7.287682537172352E-10, 0.05030848058921068, 7.287670013000083E-10, 6.246490919568001E-10
240, Flight24, SELECTEE, 1.156866281966924E-10, 1.0410480746806366E-9, 7.808329657123795E-10, 0.4743970264205894, 0.26322370995850025, 0.15060297013454763, 0.11177628843171068, 3.1236262142244604E-9
240, Flight24, UNKNOWN, 0.9999999996649288, 7.847428116039204E-11, 5.947778419825052E-11, 6.799611885852004E-11, 2.322482579097315E-11, 6.799613884203757E-11, 2.3224826806872827E-11, 2.1219240899308012E-11
240, Flight24, LOWRISK1, 0.410586006139259, 0.05472595292806524, 5.084846863913541E-10, 0.2816020707854327, 8.474638927277845E-11, 0.2530859694031651, 8.474638191430628E-11, 7.264242020380143E-11
240, Flight24, LOWRISK2, 0.40258190204136235, 0.12676282662331523, 1.987648762303085E-9, 0.24951000285176908, 3.312796356911181E-10, 0.2211452655559244, 3.3127890151137104E-10, 2.83963820630319E-10
240, Flight24, LOWRISK3, 0.31229151713135533, 0.18937636659404977, 5.465507562179961E-9, 0.2561600654603548, 9.109402276221147E-10, 0.24217204275255658, 9.109397145858055E-10, 7.808379552003836E-10
240, Flight24, LOWRISK4, 0.9999999946722357, 1.0988645284889885E-9, 9.5492331010491E-10, 9.549198395032923E-10, 4.662322651926366E-10, 9.549256013319473E-10, 4.662336459555551E-10, 4.3820711283537556E-10
240, Flight25, SELECTEE, 7.612309879004978E-10, 6.849204461340445E-9, 4.210487696635685E-9, 0.6306613158455113, 3.890934658157724E-9, 0.36933866168897095, 3.8903258200982986E-9, 2.869876060575803E-9
240, Flight25, UNKNOWN, 0.99999999986299, 2.961084721496202E-11, 2.5711617139243937E-11, 2.5711615928143237E-11, 1.2520168818210857E-11, 2.5711620772472385E-11, 1.2520169439007067E-11, 1.1765753423667047E-11
240, Flight25, LOWRISK1, 0.6608931142887023, 0.051961982400041774, 5.909203264303628E-10, 0.1444337540249576, 9.848802250792204E-11, 0.14271114842052254, 9.848803326771864E-11, 8.442141525628583E-11
240, Flight25, LOWRISK2, 0.6567604648000273, 0.0891557444734632, 1.6820340236980155E-9, 0.12835661499207324, 2.8031603566147073E-10, 0.1257271732580341, 2.8031590241628515E-10, 2.4027812876571585E-10
240, Flight25, LOWRISK3, 0.5394524286170467, 0.14492817014148685, 7.290183152147133E-9, 0.1570037458694558, 1.2143857488073653E-9, 0.158615644618651, 1.2143871322676962E-9, 1.0409457080278301E-9
240, Flight25, LOWRISK4, 0.999999998227967, 3.6641333587641357E-10, 3.1840194870476354E-10, 3.1840160029114255E-10, 1.5543323960785917E-10, 3.1840225374216887E-10, 1.5543339646983985E-10, 1.4608885367331164E-10
240, Flight26, SELECTEE, 0.6539930774850378, 0.1140622974276759, 7.295192322490341E-9, 0.1161105064977066, 1.214361805995789E-9, 0.11583410783157913, 1.2143604440346254E-9, 1.0409124426444023E-9
240, Flight26, UNKNOWN, 0.9999999998977392, 2.245291096560106E-11, 1.949110914736393E-11, 1.9491104286119486E-11, 9.4827505950705E-12, 1.9491109479630393E-11, 9.482751227589575E-12, 8.910897167550403E-12
240, Flight26, LOWRISK1, 0.9999999994134712, 1.2225022484249495E-10, 1.0621870113626444E-10, 1.0621866995231794E-10, 5.1831290217166775E-11, 1.0621873759699713E-10, 5.1831306896383455E-11, 4.871411892694974E-11
240, Flight26, LOWRISK2, 0.9999999993394236, 1.3750903089255305E-10, 1.194791435403607E-10, 1.1947911941929837E-10, 5.830617392008726E-11, 1.1947919755902156E-10, 5.830619285127217E-11, 5.479983307483093E-11
240, Flight26, LOWRISK3, 0.999999998228283, 3.664030842798725E-10, 3.1839439955338E-10, 3.1839403561716546E-10, 1.5543141606509112E-10, 3.183947068282197E-10, 1.5543157562625194E-10, 1.4608726312715905E-10
240, Flight26, LOWRISK4, 0.999999992006009, 1.6481346467114475E-9, 1.432262505503582E-9, 1.4322448696658813E-9, 6.993148380051661E-10, 1.43226267702555E-9, 6.993191878760558E-10, 6.572809321627671E-10
240, Flight27, SELECTEE, 3.8841467001242325E-10, 3.4944513483137262E-9, 2.1318421281473476E-9, 0.6386415815811429, 1.902753208425152E-9, 0.3613584071937395, 1.9027085974269946E-9, 1.411489739723735E-9
240, Flight27, UNKNOWN, 0.9999999998425807, 3.381507667454013E-11, 2.9365219830796255E-11, 2.93652196440897E-11, 1.4304109417021302E-11, 2.9365224583871194E-11, 1.4304110239119334E-11, 1.3442470139468285E-11
240, Flight27, LOWRISK1, 0.6601971590098408, 0.058225579789974835, 7.052833666973511E-10, 0.14180555953680013, 1.1754980078573616E-10, 0.1397717006287825, 1.1754981499124447E-10, 1.0076069128486573E-10
240, Flight27, LOWRISK2, 0.6567604648000273, 0.0891557444734632, 1.6820340236980155E-9, 0.12835661499207324, 2.8031603566147073E-10, 0.1257271732580341, 2.8031590241628515E-10, 2.4027812876571585E-10
240, Flight27, LOWRISK3, 0.5409260149109608, 0.13166589731947284, 3.6434438773271614E-9, 0.16363978345500835, 6.072834689929022E-10, 0.1637682989425386, 6.072838313064269E-10, 5.205498742021265E-10
240, Flight27, LOWRISK4, 0.9999999968056648, 6.593966529407664E-10, 5.730125604430566E-10, 5.730111959773492E-10, 2.797532842011127E-10, 5.730134048113383E-10, 2.797538135908044E-10, 2.629365218433734E-10
240, Flight28, SELECTEE, 8.009275410440215E-10, 9.42108704757585E-9, 5.797526140969701E-9, 0.05149493492435519, 0.9211918287150104, 0.011005035297485158, 0.01630816309935858, 2.1950792141978272E-8
240, Flight28, UNKNOWN, 0.3311937653225864, 0.019256110674805947, 1.5290440768222566E-10, 0.34789443373763373, 2.548329584117128E-11, 0.30165569004580123, 2.548329373579408E-11, 2.1843621750776303E-11
240, Flight28, LOWRISK1, 0.03401768862643697, 0.06884080581030076, 8.745780914636286E-10, 0.5829565846151861, 1.457653237258523E-10, 0.3141849196635637, 1.457647407616674E-10, 1.2494634142196248E-10
240, Flight28, LOWRISK2, 0.02915458563145541, 0.1126086990515248, 3.641868969978E-9, 0.5977198745744653, 6.075369647303904E-10, 0.26051683537142967, 6.075155955645869E-10, 5.207454285095668E-10
240, Flight28, LOWRISK3, 7.806169401188649E-10, 7.014818950173082E-9, 3.0733798651066903E-9, 0.6725696865227287, 1.2303361887938467E-9, 0.32743029915004457, 1.230346489380615E-9, 1.0042703381347362E-9
240, Flight28, LOWRISK4, 0.9999999937805208, 1.4362428458434915E-9, 1.0812251942627418E-9, 1.2448302993720552E-9, 4.1847610355211557E-10, 1.2448340413961412E-9, 4.1847646139430684E-10, 3.819361782987384E-10
240, Flight29, SELECTEE, 1.1567501221369292E-10, 1.0412202408693121E-9, 7.807946149863694E-10, 0.2032658343612434, 0.6864128708356615, 0.04673416209532248, 0.06358712765201556, 3.124609044317096E-9
240, Flight29, UNKNOWN, 0.5534317409108412, 0.019114329960784694, 1.507949184668229E-10, 0.2152696230866128, 2.5131776319522053E-11, 0.21218430582570239, 2.5131776673294755E-11, 2.154230856260136E-11
240, Flight29, LOWRISK1, 0.160304846672076, 0.05725638519656538, 5.466236375882253E-10, 0.4558010154533694, 9.110271991811634E-11, 0.3266377518776113, 9.110263813244752E-11, 7.80908996447105E-11
240, Flight29, LOWRISK2, 0.1509414734721387, 0.14152670093305078, 2.4292087119721756E-9, 0.44492930269995395, 4.04903700995526E-10, 0.262602519315314, 4.0489962787083134E-10, 3.47072352052558E-10
240, Flight29, LOWRISK3, 0.08772224106654437, 0.2104998250749732, 2.1946985797587958E-8, 0.43764564718669624, 3.642640623236947E-9, 0.26413225432385323, 3.6423033039027E-9, 3.12254518800949E-9
240, Flight29, LOWRISK4, 0.9999999840070923, 3.295673299443284E-9, 2.8641011453055437E-9, 2.8640395597745148E-9, 1.3985229738712647E-9, 2.8641044063063863E-9, 1.3985374005383521E-9, 1.314470857936053E-9
240, Flight30, SELECTEE, 4.049206415387217E-10, 3.978966893190812E-9, 2.8160749037853175E-9, 0.051492959932097855, 0.9209762740026574, 0.011007026447823798, 0.016523721336517447, 1.1087483069514312E-8
240, Flight30, UNKNOWN, 0.3301097864806308, 0.029011920160872787, 2.4027734131354494E-10, 0.34278306075714626, 4.004515536533544E-11, 0.2980952322531989, 4.004514980901725E-11, 3.43256711383289E-11
240, Flight30, LOWRISK1, 0.034514341809178666, 0.0643709272637864, 7.808766167396477E-10, 0.5844292681795252, 1.3014752587896863E-10, 0.3166854616013214, 1.3014707176385865E-10, 1.1155915397576845E-10
240, Flight30, LOWRISK2, 0.03312322235195695, 0.07689097123396449, 1.0930166057865157E-9, 0.6066707253519025, 1.8221895274648804E-10, 0.28331507945507306, 1.8221740049911496E-10, 1.5619204834095901E-10
240, Flight30, LOWRISK3, 8.681972285982197E-10, 7.794680067068713E-9, 3.770169589431481E-9, 0.6683975346099299, 1.763812266416232E-9, 0.33160244801602684, 1.7638241053428103E-9, 1.4199020154726936E-9
240, Flight30, LOWRISK4, 0.9999999923429299, 1.6728373991875628E-9, 1.3605981453056483E-9, 1.4517810822237698E-9, 5.902756854722169E-10, 1.45178358780613E-9, 5.902762951070827E-10, 5.460598919500795E-10