TimeWindow, Flight, RiskCategory, O241, O242, O243, O244, O245, O246, O247, O248
240, Flight1, SELECTEE, 2.4996858105898604E-10, 2.2119723505696723E-9, 1.6696517856517223E-9, 0.47116886266345004, 0.2629885076539636, 0.1538311299480659, 0.11201148889261828, 6.713971806120363E-9
240, Flight1, UNKNOWN, 0.6640810692318257, 0.02327037299037492, 9.302902141287455E-10, 0.15404295637914225, 1.549017318022543E-10, 0.15860560002873272, 1.549047185147405E-10, 1.3348993618109787E-10
240, Flight1, LOWRISK1, 0.3286702211329648, 0.0419680228942769, 1.5921707502473927E-9, 0.3259732080920979, 2.649469692606924E-10, 0.3033885455339732, 2.649133089227793E-10, 2.2831845738225278E-10
240, Flight1, LOWRISK2, 0.3242686986010786, 0.08158169334155933, 4.006701817221113E-9, 0.3047452461325886, 6.702091654062039E-10, 0.2894043560041469, 6.700405870989767E-10, 5.773371068924912E-10
240, Flight1, LOWRISK3, 0.22554750558396205, 0.22007239654540572, 6.115707370686138E-8, 0.29566445567616456, 9.853919580991667E-9, 0.2587155528677755, 9.852482338443331E-9, 8.466878847965567E-9
240, Flight1, LOWRISK4, 0.999999994449291, 1.1401180842646915E-9, 9.955544639122609E-10, 9.952539218475966E-10, 4.852411487439067E-10, 9.957151079816163E-10, 4.853686186865586E-10, 4.571198957060476E-10
240, Flight2, SELECTEE, 0.14943902322903035, 0.1550487809456317, 1.1917188028665457E-8, 0.38217111592882674, 2.004378415272433E-9, 0.3133410622501748, 2.0029279240830686E-9, 1.7255043308953001E-9
240, Flight2, UNKNOWN, 0.999999999206402, 1.6359548347217464E-10, 1.4295428734588948E-10, 1.4294181092254673E-10, 6.959901484579958E-11, 1.4297622782188108E-10, 6.960895917394129E-11, 6.558449135872492E-11
240, Flight2, LOWRISK1, 0.9999999985962112, 2.9048606038282143E-10, 2.5227682440602554E-10, 2.537989753724123E-10, 1.214134766769132E-10, 2.538330796305022E-10, 1.214249351744329E-10, 1.1421759223099391E-10
240, Flight2, LOWRISK2, 0.9999999961435966, 8.987047089682941E-10, 6.660383664105061E-10, 7.828800057385549E-10, 2.5045917908197164E-10, 7.829669703733772E-10, 2.5048667003582947E-10, 2.285298323320662E-10
240, Flight2, LOWRISK3, 0.8264619811451456, 0.06184208145160562, 9.550369100050184E-8, 0.05549104693295536, 8.859479579237486E-9, 0.05620476959500286, 8.844388384054753E-9, 7.671393511549079E-9
240, Flight2, LOWRISK4, 0.9999999950667546, 1.0133051804393129E-9, 8.849043773364986E-10, 8.845620578493103E-10, 4.3133316882492305E-10, 8.85000844461591E-10, 4.314577846989328E-10, 4.063441671502977E-10
240, Flight3, SELECTEE, 0.1518900637246937, 0.13298942003587766, 8.536479845900846E-9, 0.39172974434170177, 1.433541662926693E-9, 0.32339075926414057, 1.4328047599761296E-9, 1.2344222614079672E-9
240, Flight3, UNKNOWN, 0.9999999997035421, 6.161652888259941E-11, 5.380246661029982E-11, 5.3801598788336117E-11, 2.619818694253449E-11, 5.3807181961236353E-11, 2.6205506528800842E-11, 2.4688750408692825E-11
240, Flight3, LOWRISK1, 0.9999999990648786, 1.934667230830884E-10, 1.6830069768751746E-10, 1.690740049652461E-10, 8.120996289222308E-11, 1.69084333218651E-10, 8.121778575656548E-11, 7.643048290738991E-11
240, Flight3, LOWRISK2, 0.9999999960224418, 9.088066303052598E-10, 6.945912649113594E-10, 7.921588100370931E-10, 2.7204774750887715E-10, 7.922047767054053E-10, 2.7207909292755875E-10, 2.493323531607414E-10
240, Flight3, LOWRISK3, 0.8264619811451456, 0.06184208145160562, 9.550369100050184E-8, 0.05549104693295536, 8.859479579237486E-9, 0.05620476959500286, 8.844388384054753E-9, 7.671393511549079E-9
240, Flight3, LOWRISK4, 0.9999999889404503, 2.271254558725296E-9, 1.9820530806704248E-9, 1.9808634624149482E-9, 9.675694977348695E-10, 1.9821803011062523E-9, 9.679944085963079E-10, 9.112966624397436E-10
240, Flight4, SELECTEE, 1.0065549151675333E-11, 2.4840988953858438E-11, 2.476997723214689E-11, 7.057281608689812E-11, 0.9999999849405482, 3.048232752983758E-11, 5.3313108042161614E-11, 1.4849069089352718E-8
240, Flight4, UNKNOWN, 0.10938396803670904, 0.015544285822457983, 5.240514462931523E-10, 0.5051859892285155, 8.717456173509597E-11, 0.3698857561424137, 8.715202608092874E-11, 7.51878847456739E-11
240, Flight4, LOWRISK1, 5.4463998652344054E-11, 4.792542062556997E-10, 3.632326296079758E-10, 0.5481416297355726, 0.15074768398577088, 0.28519170514159053, 0.015918978770519183, 1.4732583434155818E-9
240, Flight4, LOWRISK2, 2.0510565723174563E-10, 1.8149762682329685E-9, 1.3719045381266613E-9, 0.5768229116002359, 0.09629682565705269, 0.2565104118051744, 0.07036984207080052, 5.478412357260748E-9
240, Flight4, LOWRISK3, 2.2058489719249907E-9, 1.9595278125676942E-8, 1.4689870340612477E-8, 0.5013187894212447, 0.22741197533629293, 0.16534780892253473, 0.10592132994648583, 5.988610677851476E-8
240, Flight4, LOWRISK4, 0.8470224845453959, 0.043463542502050145, 7.753198476855614E-9, 0.05494102221332262, 1.2641555373563065E-9, 0.05457293937499685, 1.2640724002298742E-9, 1.0864703453624375E-9
240, Flight5, SELECTEE, 3.7346995569922023E-10, 3.309517530230134E-9, 2.494998558071461E-9, 0.4707238692223423, 0.2626006838419037, 0.154276119406541, 0.11239931128966325, 1.0065225707992693E-8
240, Flight5, UNKNOWN, 0.6653604778276114, 0.011755696104074616, 4.79850501560911E-10, 0.15600245329317813, 8.019059654347689E-11, 0.16688137206941095, 8.01982717398783E-11, 6.914785108739538E-11
240, Flight5, LOWRISK1, 0.32978869854576076, 0.031901726516231216, 1.285750132965552E-9, 0.3289742628835709, 2.1410430379578942E-10, 0.30933531015965765, 2.1409396213459118E-10, 1.8449337898797904E-10
240, Flight5, LOWRISK2, 0.3235154041692011, 0.08836134256968337, 4.616448163079549E-9, 0.3019737844409511, 7.729204044088215E-10, 0.28614946199599967, 7.727117725635048E-10, 6.657466998813994E-10
240, Flight5, LOWRISK3, 0.23493560344238668, 0.13557957346558483, 7.493528043269106E-9, 0.3273327182800375, 1.2514111521317384E-9, 0.30215209374257446, 1.251105628589148E-9, 1.0770336142432681E-9
240, Flight5, LOWRISK4, 0.999999988934201, 2.2725381640912227E-9, 1.983149862938539E-9, 1.9823529327749415E-9, 9.679656613296517E-10, 1.98344686477639E-9, 9.683294738717105E-10, 9.11678130200288E-10
240, Flight6, SELECTEE, 8.556476338622119E-10, 7.590342227485348E-9, 4.664829203927632E-9, 0.6195929049644756, 4.182531712506208E-9, 0.3804070704536669, 4.164770126997018E-9, 3.1273986210131894E-9
240, Flight6, UNKNOWN, 0.9999999993923641, 1.3351964644248306E-10, 1.0856676204400479E-10, 1.1660444586979105E-10, 4.646613409336489E-11, 1.1660675766980095E-10, 4.647466629762284E-11, 4.305952553334936E-11
240, Flight6, LOWRISK1, 0.5517440200089941, 0.03430383788829147, 1.5826129359289068E-9, 0.2072429969217055, 2.6466267636044024E-10, 0.20670914284472527, 2.6464914041411113E-10, 2.2802130643898214E-10
240, Flight6, LOWRISK2, 0.5496855042113771, 0.052830438989546744, 2.8572981957883585E-9, 0.19747195357593186, 4.784645699456379E-10, 0.2000120990004694, 4.784443034953789E-10, 4.12130337277396E-10
240, Flight6, LOWRISK3, 0.4263481606424464, 0.16286653803648937, 2.9611568442685152E-8, 0.21249978960735, 4.9625094153056946E-9, 0.198285467913302, 4.96254607984995E-9, 4.267450726667654E-9
240, Flight6, LOWRISK4, 0.9999999936605001, 1.3020790338173835E-9, 1.1368722710420979E-9, 1.1363778780671521E-9, 5.542672376569209E-10, 1.1370041203726226E-9, 5.544345159812509E-10, 5.221271692340801E-10
240, Flight7, SELECTEE, 3.1669363005820157E-10, 2.8266329820543455E-9, 2.1213833252181674E-9, 0.20239652131911523, 0.6872095219606794, 0.04760346888254265, 0.06279047402612818, 8.550486779142854E-9
240, Flight7, UNKNOWN, 0.331305578291163, 0.018249792761771955, 6.328330263486737E-10, 0.33275032504547103, 1.0523536988341203E-10, 0.31769430297121737, 1.0522659444962287E-10, 9.07438530222415E-11
240, Flight7, LOWRISK1, 0.107142274831896, 0.03571953487987652, 1.407074851936696E-9, 0.49224849588976743, 2.3467170430965825E-10, 0.36488969232347196, 2.3458788400407734E-10, 2.0231605960407673E-10
240, Flight7, LOWRISK2, 0.10351955233772915, 0.06832401579676686, 3.0131263314431286E-9, 0.47968435126140685, 5.043403155810988E-10, 0.3484720761517298, 5.038303065588412E-10, 4.3473261869584316E-10
240, Flight7, LOWRISK3, 0.045393711460686464, 0.09145659799071552, 6.644669990888157E-9, 0.5360448426809906, 1.1169009148513591E-9, 0.3271048380314525, 1.1161662503807828E-9, 9.620801367686874E-10
240, Flight7, LOWRISK4, 0.9999999936480668, 1.304402498922293E-9, 1.1391404551458904E-9, 1.1392740406848275E-9, 5.550477965425069E-10, 1.139678180904804E-9, 5.55152064612414E-10, 5.229004127066452E-10
240, Flight8, SELECTEE, 1.0903247128658891E-9, 1.1598716781956034E-8, 7.886862004581755E-9, 0.11787071301105265, 0.8186894591150796, 0.024986391308776675, 0.03845338582522358, 3.016762630671167E-8
240, Flight8, UNKNOWN, 0.23653731973626185, 0.014021263066331544, 4.677496294294613E-10, 0.4012818769983327, 7.772608663888612E-11, 0.3481595395125026, 7.772638025454867E-11, 6.70316759730754E-11
240, Flight8, LOWRISK1, 0.04391784062588046, 0.03331087000268922, 1.3164330980083163E-9, 0.5590287556885025, 2.1963236268203347E-10, 0.36374253174164434, 2.1948714280770325E-10, 1.8939296313682078E-10
240, Flight8, LOWRISK2, 0.04186221073495615, 0.051811520660590034, 2.611780516946028E-9, 0.5592231569523756, 4.390971669970864E-10, 0.34710310778767806, 4.3861614243728985E-10, 3.785685925113758E-10
240, Flight8, LOWRISK3, 7.60828368106587E-10, 6.761319253939312E-9, 3.8006038665266855E-9, 0.6351106214444994, 2.5622696401628435E-9, 0.36488936013913265, 2.549704186721416E-9, 1.9853049862426428E-9
240, Flight8, LOWRISK4, 0.9999999936459789, 1.3042011828049845E-9, 1.1397150437977598E-9, 1.140001862481306E-9, 5.551598087713977E-10, 1.1402658655620325E-9, 5.552238637158956E-10, 5.231159024239976E-10
240, Flight9, SELECTEE, 4.4189281459861964E-10, 3.96157920285862E-9, 2.9645050341199233E-9, 0.20277718636499487, 0.6863840760512033, 0.04722279975544519, 0.06361591829892888, 1.2165112828087017E-8
240, Flight9, UNKNOWN, 0.3301013835799512, 0.02908754470829126, 1.0635878936160843E-9, 0.32929425182030087, 1.7703917713902608E-10, 0.31151681832484246, 1.7701698618353724E-10, 1.5263239814642296E-10
240, Flight9, LOWRISK1, 0.1074147674178983, 0.033267101759582134, 1.261898595119012E-9, 0.4921815983622927, 2.103467961740003E-10, 0.36713653060001866, 2.102629495732595E-10, 1.8136228211520692E-10
240, Flight9, LOWRISK2, 0.0979156574731668, 0.11875906491979159, 7.4714026716165E-9, 0.45862067538851814, 1.2589556691149088E-9, 0.32470459115048556, 1.256624073111999E-9, 1.0847178613327176E-9
240, Flight9, LOWRISK3, 0.04477211054457818, 0.0970510053837778, 7.46992652383024E-9, 0.5328459531288912, 1.2562143247105758E-9, 0.3253309198830896, 1.2551784379104174E-9, 1.0820063430959262E-9
240, Flight9, LOWRISK4, 0.9999999563032983, 8.974596788371083E-9, 7.814641753071485E-9, 7.814235937728305E-9, 3.834914186950594E-9, 7.81605847826882E-9, 3.836427051785906E-9, 3.6094900254869378E-9
240, Flight10, SELECTEE, 5.502572632342513E-10, 4.856837325098492E-9, 2.971377242092135E-9, 0.6209633722275435, 2.557757463724841E-9, 0.37903661236527375, 2.5515729243219235E-9, 1.923042622279194E-9
240, Flight10, UNKNOWN, 0.9999999992006144, 1.714596221902188E-10, 1.4339703724841542E-10, 1.4982397399765865E-10, 6.429505204400398E-11, 1.4984274478115293E-10, 6.43024602403724E-11, 5.992668329860898E-11
240, Flight10, LOWRISK1, 0.5525728440102311, 0.026844422133179377, 1.307039693617384E-9, 0.20375031013282374, 2.1912864493165628E-10, 0.21683242179325748, 2.1913205940706564E-10, 1.8887032716925522E-10
240, Flight10, LOWRISK2, 0.5500207446456779, 0.04981327490675589, 2.9942616064469663E-9, 0.19496413029964416, 5.031277291525229E-10, 0.20520184571756606, 5.031361530610813E-10, 4.3349276312537405E-10
240, Flight10, LOWRISK3, 0.42419973803224126, 0.1822023043760644, 6.594973899742205E-8, 0.19789003645133613, 9.797005195406524E-9, 0.1957078271947667, 9.797534825658453E-9, 8.404974954370304E-9
240, Flight10, LOWRISK4, 0.9999999779871247, 4.52163152774899E-9, 3.942218316875748E-9, 3.939080926493689E-9, 1.9276733988078177E-9, 3.942219466408748E-9, 1.928712024322886E-9, 1.8150019819398545E-9
240, Flight11, SELECTEE, 1.0135127324223848E-11, 2.474919778968075E-11, 2.4722616720241463E-11, 6.896112592073028E-11, 0.9999999599852694, 3.0229544635536627E-11, 5.34043450354858E-11, 3.9806190899201336E-8
240, Flight11, UNKNOWN, 0.10827446761884792, 0.02552978916766861, 9.189752820717199E-10, 0.49999810653461385, 1.5324047740091207E-10, 0.36619763532500643, 1.5313907843331319E-10, 1.3217071839489027E-10
240, Flight11, LOWRISK1, 4.675265949505039E-11, 4.1082034257376674E-10, 3.1137551132739877E-10, 0.5491641773470195, 0.14702070696316116, 0.28416915777911095, 0.019645955863576033, 1.2818463281887382E-9
240, Flight11, LOWRISK2, 1.0242809978058858E-10, 9.098983051998078E-10, 6.885607731244888E-10, 0.5793321588044438, 0.09538861916956383, 0.2540011678893776, 0.07127804966901946, 2.7703702622355124E-9
240, Flight11, LOWRISK3, 3.233898828290295E-10, 2.8499872824063965E-9, 2.1535097541737034E-9, 0.498101481026023, 0.23734415511157103, 0.16856517799667695, 0.09598917210330891, 8.439195455702597E-9
240, Flight11, LOWRISK4, 0.8461466546528547, 0.05134600648196774, 1.2754470958560408E-8, 0.051519377827015295, 2.0241976246762744E-9, 0.05098794250163194, 2.0240476791801286E-9, 1.7374764878513766E-9
240, Flight12, SELECTEE, 3.709149812431952E-10, 3.2993799779E-9, 2.4816013977423543E-9, 0.31795812494311637, 0.5055472962415448, 0.08204186361499739, 0.09445269895035695, 1.010175046163668E-8
240, Flight12, UNKNOWN, 0.4641516894062857, 0.02263479208613775, 8.651737871622834E-10, 0.2555704833005858, 1.4412865952238943E-10, 0.2576430339329741, 1.4412500857714117E-10, 1.2425145715720406E-10
240, Flight12, LOWRISK1, 0.19384843115080763, 0.05536412909905577, 2.237343052215275E-9, 0.4093197719245782, 3.732756228715245E-10, 0.3414676645237613, 3.7312032644326437E-10, 3.2172030715664464E-10
240, Flight12, LOWRISK2, 0.1905233570382111, 0.08528977041971122, 4.010619124383953E-9, 0.3957370662221977, 6.713506411854874E-10, 0.3284498003922046, 6.708715399341683E-10, 5.78496319486724E-10
240, Flight12, LOWRISK3, 0.11233722141537326, 0.1889649855168144, 2.9776670349341537E-8, 0.4115636199405576, 4.976431094846951E-9, 0.28713412912726094, 4.971578685393262E-9, 4.2789762817008215E-9
240, Flight12, LOWRISK4, 0.9999999936552907, 1.3030155247787945E-9, 1.1377888893174805E-9, 1.1376140120237756E-9, 5.546273413969435E-10, 1.1380899841457848E-9, 5.547540527762105E-10, 5.224815377084375E-10
240, Flight13, SELECTEE, 2.4399057029638296E-10, 2.25726262747362E-9, 1.658334909092757E-9, 0.051683147263187186, 0.9215851731027417, 0.010816845025083444, 0.015914823620610186, 6.832451721287357E-9
240, Flight13, UNKNOWN, 0.1634204973857723, 0.029215520966792145, 1.0458489855491069E-9, 0.44746897856278844, 1.7422925673359367E-10, 0.3598950015438313, 1.741487516885025E-10, 1.5025100467100714E-10
240, Flight13, LOWRISK1, 3.9122762687975137E-10, 3.3809758973686243E-9, 9.110041749668081E-10, 0.6281178399089687, 2.342265493521912E-10, 0.3718821547450127, 2.3396691285031907E-10, 1.9827979982370403E-10
240, Flight13, LOWRISK2, 4.2102210344896623E-10, 3.7219649973519428E-9, 2.506611841833654E-9, 0.6311384583192644, 3.755174198213931E-9, 0.3688615250113177, 3.7436066906536075E-9, 2.5247003658561494E-9
240, Flight13, LOWRISK3, 4.550097220546069E-10, 3.986132896325938E-9, 3.0119598897284405E-9, 0.5692976108639551, 0.1161125304359734, 0.2432023776764054, 0.07138746167950766, 1.1894718281284171E-8
240, Flight13, LOWRISK4, 0.9999999008495658, 3.114815967274126E-8, 6.9595476737981935E-9, 2.8124223420165266E-8, 1.7004418816644422E-9, 2.802966356829882E-8, 1.7004609992206468E-9, 1.4915997188933762E-9
240, Flight14, SELECTEE, 2.8087267546070347E-10, 2.4866946852902328E-9, 1.876369541627739E-9, 0.4711566357864388, 0.26263004896548253, 0.15384335582808098, 0.11236994722202213, 7.55770103790098E-9
240, Flight14, UNKNOWN, 0.6654555583704402, 0.010899971284067781, 4.17708707678477E-10, 0.15932092522982297, 6.973937720141901E-11, 0.1643235445019912, 6.974794421279553E-11, 6.014399861552733E-11
240, Flight14, LOWRISK1, 0.328866355377574, 0.040202814785705476, 1.5130018421043623E-9, 0.3266069063766036, 2.5163654743213965E-10, 0.30432392123069224, 2.5160883271698436E-10, 2.1683965765758375E-10
240, Flight14, LOWRISK2, 0.3246245920817006, 0.07837865228184011, 3.758500128876981E-9, 0.3060376245768193, 6.284510351876024E-10, 0.2909591255066626, 6.28299254303511E-10, 5.413894112349512E-10
240, Flight14, LOWRISK3, 0.23590079142436252, 0.12689287854119194, 9.914308391773715E-9, 0.3429811863738441, 1.6720746968211011E-9, 0.294225128966236, 1.671856849261118E-9, 1.439787871489313E-9
240, Flight14, LOWRISK4, 0.9999999911365864, 1.8202582131007535E-9, 1.588828693944194E-9, 1.588160180783009E-9, 7.751759258400706E-10, 1.5890441347906683E-9, 7.754496697495982E-10, 7.301591155858531E-10
240, Flight15, SELECTEE, 2.760315263012658E-10, 2.4797415648057555E-9, 1.8529694345447696E-9, 0.11716231491194938, 0.8208564468090992, 0.02569481936895414, 0.03628640682650763, 7.478409416121362E-9
240, Flight15, UNKNOWN, 0.23606746634742887, 0.01824994340667708, 6.20193793400051E-10, 0.39697162326747765, 1.0310453781121502E-10, 0.348710966066778, 1.0309002499935212E-10, 8.891250428796235E-11
240, Flight15, LOWRISK1, 0.042208678445518316, 0.04869332874773327, 2.156652696309826E-9, 0.5550929609782639, 3.605072260610755E-10, 0.35400502864398453, 3.601858945757256E-10, 3.1081655905347713E-10
240, Flight15, LOWRISK2, 0.03978272514295096, 0.07052688956550753, 3.9924876424394925E-9, 0.5481342365937005, 6.743897748070119E-10, 0.3415561427802074, 6.729167146742068E-10, 5.815018807632344E-10
240, Flight15, LOWRISK3, 1.1825998979399187E-9, 1.0444518392779323E-8, 6.173745677596837E-9, 0.6327413001543307, 4.806471967772345E-9, 0.3672586687994041, 4.779841324015198E-9, 3.66275019567349E-9
240, Flight15, LOWRISK4, 0.9999999778786305, 4.542987240644011E-9, 3.960084324849261E-9, 3.964575062859165E-9, 1.9347707546842805E-9, 3.965569212443134E-9, 1.935216009784484E-9, 1.821829104278787E-9
240, Flight16, SELECTEE, 3.1840695574992393E-10, 2.8300178989859132E-9, 2.1300967807023467E-9, 0.3177145556706362, 0.5062320535921631, 0.08228543458596536, 0.0937679422570797, 8.619296376857124E-9
240, Flight16, UNKNOWN, 0.4638953135275024, 0.024942174894289258, 9.60965587779374E-10, 0.25509836257708274, 1.6007595937504463E-10, 0.25606414758568535, 1.600710178784764E-10, 1.3798984891276289E-10
240, Flight16, LOWRISK1, 0.1963474664630988, 0.03287281220119764, 1.372706534985408E-9, 0.41864253736739776, 2.291318742061026E-10, 0.35213718194352295, 2.2909943691793008E-10, 1.9750736204998124E-10
240, Flight16, LOWRISK2, 0.19193000867205123, 0.07262990658762361, 3.1725139272077676E-9, 0.4012291916069101, 5.303965496677431E-10, 0.33421088844699104, 5.300655158713558E-10, 4.5711015826116696E-10
240, Flight16, LOWRISK3, 0.11561002394996651, 0.15950977847847794, 1.4872195471320535E-8, 0.4214488442035741, 2.501783386451357E-9, 0.303431331345018, 2.4995826637210414E-9, 2.153064251296514E-9
240, Flight16, LOWRISK4, 0.9999999852579039, 3.027421581839832E-9, 2.6412117353723663E-9, 2.640720121499284E-9, 1.2897013260317033E-9, 2.641984252179593E-9, 1.2901189343040909E-9, 1.214600459810145E-9
240, Flight17, SELECTEE, 2.4399057029638296E-10, 2.25726262747362E-9, 1.658334909092757E-9, 0.051683147263187186, 0.9215851731027417, 0.010816845025083444, 0.015914823620610186, 6.832451721287357E-9
240, Flight17, UNKNOWN, 0.16459992637808388, 0.01860066047065559, 6.330321590342125E-10, 0.4528798409631034, 1.0527978188260477E-10, 0.36391957125745933, 1.0525450855443151E-10, 9.079368718099952E-11
240, Flight17, LOWRISK1, 3.9687645507488353E-10, 3.3987001592318E-9, 1.0735085541669578E-9, 0.6291301192659122, 3.0422193736239717E-10, 0.3708698750044506, 3.038761792489455E-10, 2.561159891745477E-10
240, Flight17, LOWRISK2, 4.2102210344896623E-10, 3.7219649973519428E-9, 2.506611841833654E-9, 0.6311384583192644, 3.755174198213931E-9, 0.3688615250113177, 3.7436066906536075E-9, 2.5247003658561494E-9
240, Flight17, LOWRISK3, 3.270573352077397E-10, 2.859443583712144E-9, 2.1624946312876433E-9, 0.5703973141140901, 0.11767523590510028, 0.24210267852731404, 0.06982475755076938, 8.557393091578097E-9
240, Flight17, LOWRISK4, 0.9999999006348208, 3.072853707485511E-8, 1.0119851104010138E-8, 2.6037503269302987E-8, 2.2374122668567174E-9, 2.6056920933357126E-8, 2.237448611625864E-9, 1.9511683444844807E-9
240, Flight18, SELECTEE, 6.230151971603854E-10, 5.508087160421705E-9, 3.3754188704913627E-9, 0.6208053257550954, 2.944607478261825E-9, 0.37919465665124924, 2.9361851113086422E-9, 2.2100037295739332E-9
240, Flight18, UNKNOWN, 0.9999999992006144, 1.714596221902188E-10, 1.4339703724841542E-10, 1.4982397399765865E-10, 6.429505204400398E-11, 1.4984274478115293E-10, 6.43024602403724E-11, 5.992668329860898E-11
240, Flight18, LOWRISK1, 0.5511368667829465, 0.039768216225390514, 2.2180050294413676E-9, 0.20295112067644092, 3.7223840177279545E-10, 0.20614379303576372, 3.7222358729938786E-10, 3.206537082476851E-10
240, Flight18, LOWRISK2, 0.54895994819174, 0.0593604436240931, 2.514358038006838E-9, 0.19519448470733428, 4.184884065628055E-10, 0.19648511976877253, 4.184497425802331E-10, 3.6042620667959873E-10
240, Flight18, LOWRISK3, 0.43414829853370385, 0.09266532169588428, 7.44269444903828E-9, 0.23387256533422673, 1.2472683657235231E-9, 0.2393138034301923, 1.2472361909755722E-9, 1.0724560542857954E-9
240, Flight18, LOWRISK4, 0.9999999779871247, 4.521631528728242E-9, 3.942218317630123E-9, 3.939080927249659E-9, 1.9276733989896333E-9, 3.942219467166313E-9, 1.928712024505499E-9, 1.815001982103329E-9
240, Flight19, SELECTEE, 4.4189281459861964E-10, 3.96157920285862E-9, 2.9645050341199233E-9, 0.20277718636499487, 0.6863840760512033, 0.04722279975544519, 0.06361591829892888, 1.2165112828087017E-8
240, Flight19, UNKNOWN, 0.3314615775272163, 0.016845799694636468, 5.787455418397488E-10, 0.3338630380179186, 9.621807967147734E-11, 0.31782958390974475, 9.621225899855029E-11, 8.297027113983382E-11
240, Flight19, LOWRISK1, 0.10665781168983939, 0.04007970296835601, 1.5917163838101438E-9, 0.49103128097845916, 2.6542574643991765E-10, 0.36223120201572706, 2.6532802703336597E-10, 2.2881057177613833E-10
240, Flight19, LOWRISK2, 0.09603053678305581, 0.13572514855894507, 9.937221848685878E-9, 0.4511337996825178, 1.677306061057471E-9, 0.3171105002461464, 1.673590054591117E-9, 1.4448792293013783E-9
240, Flight19, LOWRISK3, 0.039852802890499986, 0.14132475053864443, 3.019300807328703E-8, 0.5190493525191923, 5.003145042681775E-9, 0.2997730495646513, 4.991192208309928E-9, 4.3033290624347336E-9
240, Flight19, LOWRISK4, 0.999999985236752, 3.031660171932531E-9, 2.6449262014415656E-9, 2.6453103241977807E-9, 1.2911661875573958E-9, 2.646321211087366E-9, 1.2915161285885803E-9, 1.2160099807861718E-9
240, Flight20, SELECTEE, 1.0065549151675333E-11, 2.4840988953858438E-11, 2.476997723214689E-11, 7.057281608689812E-11, 0.9999999849405482, 3.048232752983758E-11, 5.3313108042161614E-11, 1.4849069089352718E-8
240, Flight20, UNKNOWN, 0.1092128926475024, 0.01708396426149081, 5.842380216116317E-10, 0.5044047729939458, 9.722440017270489E-11, 0.3692983692382122, 9.71940726609073E-11, 8.385459940025388E-11
240, Flight20, LOWRISK1, 5.716367961058857E-11, 5.031956091172104E-10, 3.813726888422675E-10, 0.5481372231780498, 0.1512105573384618, 0.2851961116120227, 0.015456105392900571, 1.5404954644835684E-9
240, Flight20, LOWRISK2, 1.1289183881657236E-10, 1.0005881733492221E-9, 7.571012338848626E-10, 0.5790040989921598, 0.09554169994552165, 0.25432922737225183, 0.07112496878581175, 3.0373359729950918E-9
240, Flight20, LOWRISK3, 3.7666957767233996E-10, 3.3212307697564896E-9, 2.508291403797467E-9, 0.5010710160993708, 0.23026509554900526, 0.16559564121062847, 0.10306823102509537, 9.913370810338227E-9
240, Flight20, LOWRISK4, 0.8465129229943263, 0.04804959531400943, 8.947152290413871E-9, 0.053091225563791505, 1.4443573900697712E-9, 0.05234624305501591, 1.4442138081193426E-9, 1.2407956641508275E-9
240, Flight21, SELECTEE, 2.7395981052225086E-10, 2.5571469474849684E-9, 1.8696827269948765E-9, 0.051546959439607104, 0.92195862117071, 0.010953031815304286, 0.015541375270322741, 7.60692860818798E-9
240, Flight21, UNKNOWN, 0.16356128155614935, 0.027948463487239197, 9.94628831262095E-10, 0.44802664382324603, 1.656701564768772E-10, 0.36046360966826113, 1.6559668797987023E-10, 1.4287078429741285E-10
240, Flight21, LOWRISK1, 4.060010924868347E-10, 3.4479085434572428E-9, 1.2316110671787351E-9, 0.6296999215977661, 3.8390208464759487E-10, 0.37030007223176425, 3.8342322937484375E-10, 3.2128583014799607E-10
240, Flight21, LOWRISK2, 1.3852914158089358E-10, 1.2047147284683074E-9, 8.59237551343075E-10, 0.6356335845927129, 2.2850003787890133E-9, 0.364366407366804, 2.285282647780821E-9, 1.2713809156605565E-9
240, Flight21, LOWRISK3, 2.245412895951117E-9, 1.9530200177943233E-8, 1.4752281812940287E-8, 0.5692284906668923, 0.11197327891056126, 0.2432714410343701, 0.0755266876509983, 6.521294553384195E-8
240, Flight21, LOWRISK4, 0.9999999008495658, 3.114815967274126E-8, 6.9595476737981935E-9, 2.8124223420165266E-8, 1.7004418816644422E-9, 2.802966356829882E-8, 1.7004609992206468E-9, 1.4915997188933762E-9
240, Flight22, SELECTEE, 2.177194910550486E-9, 2.0687867423956974E-8, 1.496989457416075E-8, 0.31807048969907264, 0.505060795348847, 0.08192943797056497, 0.09493918050365277, 5.864656795138328E-8
240, Flight22, UNKNOWN, 0.465021725704136, 0.01480446576345124, 5.279416565844432E-10, 0.258061294312534, 8.784125488116069E-11, 0.2621125134441752, 8.78402730478984E-11, 7.574245551009396E-11
240, Flight22, LOWRISK1, 0.19384843115080763, 0.05536412909905577, 2.237343052215275E-9, 0.4093197719245782, 3.732756228715245E-10, 0.3414676645237613, 3.7312032644326437E-10, 3.2172030715664464E-10
240, Flight22, LOWRISK2, 0.18287093845629465, 0.15416152933124216, 1.1914425861622833E-8, 0.3650627221487295, 2.0061181806148994E-9, 0.2979047924161546, 2.0035074872967E-9, 1.727189915789523E-9
240, Flight22, LOWRISK3, 0.10989518174638443, 0.21094330903518876, 6.156676746570366E-8, 0.40049221380566263, 9.885665213776667E-9, 0.27866920559499, 9.872196476010611E-9, 8.49680744378621E-9
240, Flight22, LOWRISK4, 0.9999999779670515, 4.525126812042968E-9, 3.945130008789246E-9, 3.943917920408225E-9, 1.9295073030551087E-9, 3.945915294641025E-9, 1.9302484095367323E-9, 1.8167649799745798E-9
240, Flight23, SELECTEE, 1.0108227586093607E-11, 2.478701965661748E-11, 2.4742681458662964E-11, 6.959977445123425E-11, 0.999999975905739, 3.0330818539271405E-11, 5.3366272113676684E-11, 2.388498863076784E-8
240, Flight23, UNKNOWN, 0.10807291146211546, 0.027343794499675493, 9.93955590880335E-10, 0.49911642235320103, 1.6580100465255927E-10, 0.3654668702202278, 1.65680867692641E-10, 1.4300505273250844E-10
240, Flight23, LOWRISK1, 6.92036465753144E-11, 6.098272738142509E-10, 4.621907505809698E-10, 0.548783241467773, 0.15129929844545056, 0.284550092934284, 0.015367364183702575, 1.8312304287239918E-9
240, Flight23, LOWRISK2, 1.3295153071756484E-10, 1.176472721944688E-9, 8.899750594737801E-10, 0.5781829005460342, 0.09581998754640979, 0.2551504251794328, 0.07084668097213237, 3.5602538042435486E-9
240, Flight23, LOWRISK3, 2.2058489719249907E-9, 1.9595278125676942E-8, 1.4689870340612477E-8, 0.5013187894212447, 0.22741197533629293, 0.16534780892253473, 0.10592132994648583, 5.988610677851476E-8
240, Flight23, LOWRISK4, 0.8461466546528547, 0.05134600648196774, 1.2754470958560408E-8, 0.051519377827015295, 2.0241976246762744E-9, 0.05098794250163194, 2.0240476791801286E-9, 1.7374764878513766E-9
240, Flight24, SELECTEE, 3.205789093305382E-10, 2.8395640037423633E-9, 2.141758212523185E-9, 0.47102833793937837, 0.26247459053615263, 0.15397165239465235, 0.1125254051943076, 8.637270161168105E-9
240, Flight24, UNKNOWN, 0.6648700307459234, 0.016169719630132872, 6.787850258960238E-10, 0.15539856087658035, 1.1324818074070082E-10, 0.16356168774812502, 1.1325387408150633E-10, 9.76135180055258E-11
240, Flight24, LOWRISK1, 0.3292197274399729, 0.037022466342306666, 1.4072450759150174E-9, 0.3275969251791418, 2.3402746636367424E-10, 0.30616087896530125, 2.3400748876982903E-10, 2.0165936286576545E-10
240, Flight24, LOWRISK2, 0.3224480801788056, 0.09796725759956197, 5.448078610871644E-9, 0.2979012884862933, 9.127559742300827E-10, 0.28168336567960767, 9.124865942260046E-10, 7.86072618908888E-10
240, Flight24, LOWRISK3, 0.2320001674297971, 0.16199848960020755, 1.4861668460041483E-8, 0.31916064517266923, 2.494405938711522E-9, 0.2868406758053892, 2.493929814004879E-9, 2.145595018628514E-9
240, Flight24, LOWRISK4, 0.9999999852690122, 3.025452177093486E-9, 2.6393714992311962E-9, 2.638057438425666E-9, 1.2888572064170945E-9, 2.6397551521364033E-9, 1.2893820903630094E-9, 1.213774600066836E-9
240, Flight25, SELECTEE, 2.0677856023832275E-9, 1.8442228174579013E-8, 1.1373383271263706E-8, 0.6204734604070593, 1.0641279979350216E-8, 0.3795264785987686, 1.0576605910503878E-8, 7.896551405761816E-9
240, Flight25, UNKNOWN, 0.9999999994040181, 1.3136548181080492E-10, 1.064026537626038E-10, 1.1472033372742106E-10, 4.5258197787935727E-11, 1.1472181005610852E-10, 4.526678634078046E-11, 4.1908957687988636E-11
240, Flight25, LOWRISK1, 0.5516471885516177, 0.035175320962526214, 1.6251684013871682E-9, 0.2068489369193485, 2.7178960847418137E-10, 0.2063285511672811, 2.7177468607276714E-10, 2.3415622859177076E-10
240, Flight25, LOWRISK2, 0.5472149058793893, 0.07506582217220412, 4.602481047508354E-9, 0.18849701986086037, 7.706512246971528E-10, 0.1892222452840693, 7.705837459650845E-10, 6.634233637956876E-10
240, Flight25, LOWRISK3, 0.43156960784861126, 0.11587352431390231, 1.973663633055781E-8, 0.23787435877230617, 3.3097022672475878E-9, 0.21468247986579786, 3.3099827429839916E-9, 2.8467233742374624E-9
240, Flight25, LOWRISK4, 0.9999999950659548, 1.0135097038075664E-9, 8.850424637576987E-10, 8.847590587023854E-10, 4.3137248891029574E-10, 8.851568184666116E-10, 4.3148686750042954E-10, 4.0637986194673586E-10
240, Flight26, SELECTEE, 0.6547554021249375, 0.1072013639725248, 1.9775688185449034E-8, 0.11788116665641894, 3.3059975283164057E-9, 0.12016203801903441, 3.306418635104908E-9, 2.8428014055304938E-9
240, Flight26, UNKNOWN, 0.9999999997015708, 6.201762234262001E-11, 5.4157779124801134E-11, 5.4152579889698766E-11, 2.6371552488774823E-11, 5.416104291422265E-11, 2.6379196641458178E-11, 2.485206145468717E-11
240, Flight26, LOWRISK1, 0.9999999983524492, 3.388351072376195E-10, 2.9601942868645194E-10, 2.9595377731673226E-10, 1.442589448737767E-10, 2.9604359885328805E-10, 1.4428847276180036E-10, 1.3593267413019613E-10
240, Flight26, LOWRISK2, 0.9999999981472439, 3.809296177007393E-10, 3.3277175400456345E-10, 3.326967299835356E-10, 1.6222987825691934E-10, 3.327973137269167E-10, 1.622656404320321E-10, 1.5286214152392252E-10
240, Flight26, LOWRISK3, 0.9999999950647598, 1.013719327776362E-9, 8.852843670629883E-10, 8.850874403164572E-10, 4.3146138092729834E-10, 8.854651477278916E-10, 4.3156905226355234E-10, 4.0647122466671825E-10
240, Flight26, LOWRISK4, 0.9999999779950457, 4.520237321448399E-9, 3.940963888303529E-9, 3.937124315748459E-9, 1.927035414534896E-9, 3.94080122658979E-9, 1.9282371207941016E-9, 1.814377930391004E-9
240, Flight27, SELECTEE, 1.0586818739536059E-9, 9.409255632815834E-9, 5.789454197446542E-9, 0.6186970276334846, 5.26435267723146E-9, 0.38130294168328993, 5.2371062500135905E-9, 3.928037069490282E-9
240, Flight27, UNKNOWN, 0.999999999357085, 1.4022698668589237E-10, 1.1505512507850259E-10, 1.2247189351798574E-10, 4.997296544772874E-11, 1.2247740551850834E-10, 4.99812478523038E-11, 4.639176778162234E-11
240, Flight27, LOWRISK1, 0.5512333208999941, 0.03890012949252987, 1.935997727243206E-9, 0.20469218353455165, 3.242605590242478E-10, 0.20517436321275154, 3.2424253838460757E-10, 2.7933457688917817E-10
240, Flight27, LOWRISK2, 0.5472149058793893, 0.07506582217220412, 4.602481047508354E-9, 0.18849701986086037, 7.706512246971528E-10, 0.1892222452840693, 7.705837459650845E-10, 6.634233637956876E-10
240, Flight27, LOWRISK3, 0.42952033150499835, 0.1343170224054866, 9.989417980614065E-9, 0.21805221272084388, 1.6613281009140175E-9, 0.21811041863258745, 1.6612544325626511E-9, 1.4277452879211339E-9
240, Flight27, LOWRISK4, 0.9999999911392456, 1.8197390900509008E-9, 1.5883555248710575E-9, 1.5875386619186646E-9, 7.750031640812269E-10, 1.5884957781385502E-9, 7.752939420494962E-10, 7.299906619884782E-10
240, Flight28, SELECTEE, 2.306653661707942E-9, 3.042492328643735E-8, 2.2273182292957008E-8, 0.05193091719634244, 0.9212180487168126, 0.010568984234262389, 0.016281927623769864, 6.722771581633163E-8
240, Flight28, UNKNOWN, 0.16521725372560592, 0.013044714561563345, 4.256154932794912E-10, 0.4560073497057843, 7.075598503586168E-11, 0.36573068138257275, 7.074092123834223E-11, 6.102349761675599E-11
240, Flight28, LOWRISK1, 4.245350641255858E-10, 3.574786353499441E-9, 1.457012807316753E-9, 0.6296637261192115, 5.171588021696781E-10, 0.3703362669656607, 5.163618279828175E-10, 4.289353781560153E-10
240, Flight28, LOWRISK2, 5.833483190904994E-10, 5.169412076917848E-9, 3.42558184821296E-9, 0.6301293937245234, 4.617305224022411E-9, 0.36987058469876377, 4.596463679598434E-9, 3.188264076600939E-9
240, Flight28, LOWRISK3, 5.66972926986915E-10, 4.9718348596791126E-9, 3.75286786746291E-9, 0.5704755242889444, 0.1118393147457983, 0.2420244606647924, 0.07566067611084801, 1.4901603386799686E-8
240, Flight28, LOWRISK4, 0.9999999008495658, 3.114815967274126E-8, 6.9595476737981935E-9, 2.8124223420165266E-8, 1.7004418816644422E-9, 2.802966356829882E-8, 1.7004609992206468E-9, 1.4915997188933762E-9
240, Flight29, SELECTEE, 3.1669363005820157E-10, 2.8266329820543455E-9, 2.1213833252181674E-9, 0.20239652131911523, 0.6872095219606794, 0.04760346888254265, 0.06279047402612818, 8.550486779142854E-9
240, Flight29, UNKNOWN, 0.3319856503922749, 0.012129144079229449, 4.190881561078817E-10, 0.3416666035309335, 6.965850640742685E-11, 0.31421860138275276, 6.965878683698333E-11, 6.006613420328383E-11
240, Flight29, LOWRISK1, 0.10687315954119957, 0.03814157238785776, 1.512259179579886E-9, 0.4916673929806439, 2.521924743507136E-10, 0.3633178728599974, 2.521031362636462E-10, 2.17409056598605E-10
240, Flight29, LOWRISK2, 0.09869077579047446, 0.1117830009226547, 6.648372118807458E-9, 0.4615806760869353, 1.1193818907663922E-9, 0.32794553735385806, 1.1174508188614523E-9, 9.645349245888132E-10
240, Flight29, LOWRISK3, 0.03824974107557663, 0.15575226897404465, 6.555613782748504E-8, 0.5119305595948105, 9.989611911913094E-9, 0.2940673362885378, 9.9407570525056E-9, 8.58418589018896E-9
240, Flight29, LOWRISK4, 0.9999999563032983, 8.974596788371083E-9, 7.814641753071485E-9, 7.814235937728305E-9, 3.834914186950594E-9, 7.81605847826882E-9, 3.836427051785906E-9, 3.6094900254869378E-9
240, Flight30, SELECTEE, 1.083469807420084E-9, 1.834660004248034E-8, 9.902846717554483E-9, 0.05208450616762824, 0.9206618057389244, 0.010415442219144437, 0.016838184260278034, 3.228477058576822E-8
240, Flight30, UNKNOWN, 0.16449705770072398, 0.019526478530296328, 6.677091073913722E-10, 0.45222905964277005, 1.1106800284721904E-10, 0.3637474031442719, 1.1103779229648642E-10, 9.578498295552625E-11
240, Flight30, LOWRISK1, 4.148991260008197E-10, 3.506030657724833E-9, 1.349124129506309E-9, 0.6297752814020193, 4.505973737229922E-10, 0.3702247120556636, 4.499700527889606E-10, 3.753579411468412E-10
240, Flight30, LOWRISK2, 1.465666017748661E-10, 1.2753516213958066E-9, 9.072805110259759E-10, 0.6349173107643633, 2.324171349117196E-9, 0.36508268094943713, 2.324414760125553E-9, 1.3120768892943284E-9
240, Flight30, LOWRISK3, 7.530894995384265E-10, 6.6159027289050555E-9, 4.9874430073676944E-9, 0.5716525701442627, 0.11048148932694767, 0.2408474088331911, 0.07701849942498377, 1.99178416427866E-8
240, Flight30, LOWRISK4, 0.999999900998504, 2.8452509010025544E-8, 1.668500487288245E-8, 2.2007643908094738E-8, 3.4196166766909263E-9, 2.207094346260863E-8, 3.4196095570991314E-9, 2.9498306195385765E-9