TimeWindow, Flight, RiskCategory, O393, O394, O395, O396, O397, O398, O399, O400
240, Flight1, SELECTEE, 1.916881378207646E-12, 1.722033531695074E-11, 1.2920429477134634E-11, 0.47838894627001183, 0.2620856138751334, 0.1466110536763857, 0.1129143860953353, 5.169350073738643E-11
240, Flight1, UNKNOWN, 0.9999999999952356, 1.1146803645835776E-12, 9.648826515462091E-13, 9.668255321666616E-13, 4.657820187674266E-13, 9.668283746747396E-13, 4.657835711857068E-13, 4.374107185526063E-13
240, Flight1, LOWRISK1, 0.6612487362191347, 0.048761373946880564, 1.2238374241513558E-11, 0.149687136392344, 2.0409005114182964E-12, 0.14030275342418813, 2.0409044063708037E-12, 1.7498086062069436E-12
240, Flight1, LOWRISK2, 0.40406311883213014, 0.11343193110786468, 3.0999784467183604E-11, 0.2556390593333736, 5.168579538679289E-12, 0.22686589068148075, 5.168573421261621E-12, 4.431295902446726E-12
240, Flight1, LOWRISK3, 0.39758642425876545, 0.17172218188177754, 4.654300020859935E-10, 0.22847199725444609, 7.717798172437412E-11, 0.2022193959196652, 7.71795706115513E-11, 6.61757621918455E-11
240, Flight1, LOWRISK4, 0.9999999999579776, 8.785628466728446E-12, 7.634562183743767E-12, 7.634180103568543E-12, 3.7247450615990766E-12, 7.63458800936834E-12, 3.724889659054814E-12, 3.5010503868782846E-12
240, Flight2, SELECTEE, 0.14575488444779924, 0.1882060399032091, 9.294664506690138E-11, 0.3798972365515722, 1.5502716237011016E-11, 0.28614183896079537, 1.5501574287163222E-11, 1.3290682982437686E-11
240, Flight2, UNKNOWN, 0.9999999999944637, 1.2713912964799243E-12, 1.1030974493910377E-12, 1.103088104915714E-12, 5.351354190843462E-13, 1.103106625173763E-12, 5.351403163765435E-13, 5.02849299603018E-13
240, Flight2, LOWRISK1, 0.9999999999902244, 2.144283869818375E-12, 1.861949322407846E-12, 1.861948373505707E-12, 9.057498508152036E-13, 1.8619760206540886E-12, 9.05758343295478E-13, 8.512360211129896E-13
240, Flight2, LOWRISK2, 0.9999999999863559, 2.9408791315420436E-12, 2.5544794610375293E-12, 2.554405442186381E-12, 1.2439893122596477E-12, 2.5544599821177248E-12, 1.2440069039790222E-12, 1.1691934502314011E-12
240, Flight2, LOWRISK3, 0.9999999996654304, 6.889500741928849E-11, 6.000696985687682E-11, 5.986682354843472E-11, 2.9430666208375196E-11, 5.987748454567948E-11, 2.9431939761418665E-11, 2.7678210130285996E-11
240, Flight2, LOWRISK4, 0.999999999962707, 7.811575803305346E-12, 6.788015915590769E-12, 6.787620619075534E-12, 3.311338095883816E-12, 6.788024317208952E-12, 3.311471556397184E-12, 3.1124631062805276E-12
240, Flight3, SELECTEE, 0.14773276314988915, 0.17040513161224324, 6.641194597058174E-11, 0.3891025683949253, 1.107496417819962E-11, 0.29275953674550376, 1.1074416987996553E-11, 9.494838455201219E-12
240, Flight3, UNKNOWN, 0.9999999999982535, 4.914465995687286E-13, 4.24806510528361E-13, 4.2480704738218404E-13, 2.0350072953533245E-13, 4.2480890046388637E-13, 2.035039818904506E-13, 1.9108894429818416E-13
240, Flight3, LOWRISK1, 0.9999999999935949, 1.4503054009175786E-12, 1.258647215142609E-12, 1.25864696151275E-12, 6.111047779669429E-13, 1.2586626690283343E-12, 6.111092982376711E-13, 5.742632878751552E-13
240, Flight3, LOWRISK2, 0.9999999999843292, 3.3582351408022525E-12, 2.917285771518618E-12, 2.9171890863354096E-12, 1.4211825071492276E-12, 2.9172537385649975E-12, 1.4212035457640524E-12, 1.3357585341224215E-12
240, Flight3, LOWRISK3, 0.9999999996654304, 6.889500741928849E-11, 6.000696985687682E-11, 5.986682354843472E-11, 2.9430666208375196E-11, 5.987748454567948E-11, 2.9431939761418665E-11, 2.7678210130285996E-11
240, Flight3, LOWRISK4, 0.999999999915432, 1.7548695616038567E-11, 1.5250856918637774E-11, 1.5249935894502626E-11, 7.444034582939413E-12, 1.5250826387064858E-11, 7.444397363984126E-12, 6.997027366961533E-12
240, Flight4, SELECTEE, 1.5060365107588344E-13, 3.720138970335865E-13, 3.696735950212977E-13, 1.140150790043579E-12, 0.9999999998824052, 4.558597876202463E-13, 7.635840327486621E-13, 1.1496044741164156E-10
240, Flight4, UNKNOWN, 0.25663472328361703, 0.023620823973830342, 4.012938980448032E-12, 0.41206412410873916, 6.688376187145458E-13, 0.3076803286285069, 6.688342459266196E-13, 5.734804786240815E-13
240, Flight4, LOWRISK1, 0.10511793826029223, 0.053938555616183825, 1.1078306387902681E-11, 0.5529667825089389, 1.847276138726323E-12, 0.2879767235988461, 1.8471243576026465E-12, 1.5838915563788305E-12
240, Flight4, LOWRISK2, 1.4445746911352425E-11, 1.3151155978197185E-10, 3.19577638659163E-11, 0.7045380162610015, 7.904083847582762E-12, 0.29546198353923364, 7.900754914736636E-12, 6.662529879285016E-12
240, Flight4, LOWRISK3, 3.839869405304542E-11, 3.4399648024593665E-10, 1.9714398427066702E-10, 0.6550537615321343, 1.3949272478248166E-10, 0.3449462375026232, 1.3950194921266053E-10, 1.0732617311365772E-10
240, Flight4, LOWRISK4, 0.8462876574530565, 0.05007774930339558, 5.805144023591146E-11, 0.05165422541996915, 9.681168470775305E-12, 0.05198036773848268, 9.681252736959092E-12, 8.29988432276241E-12
240, Flight5, SELECTEE, 2.8738739814293058E-12, 2.582290738704092E-11, 1.9373662243593175E-11, 0.47662009873690137, 0.26420466388402875, 0.14837990117841968, 0.11079533607569873, 7.749855931498414E-11
240, Flight5, UNKNOWN, 0.9999999999978195, 5.812876626525238E-13, 5.024387021930974E-13, 5.029934941159669E-13, 2.4105113356145233E-13, 5.029927357537596E-13, 2.410537313402256E-13, 2.2632580237478278E-13
240, Flight5, LOWRISK1, 0.6611078914500594, 0.05002897687102822, 9.899296009897405E-12, 0.14645810399977094, 1.6500102994818611E-12, 0.14240502766514518, 1.6500187193962837E-12, 1.4146416917654118E-12
240, Flight5, LOWRISK2, 0.4032712879501886, 0.12055840904033953, 3.5752514186582197E-11, 0.2511096431705618, 5.963469359626458E-12, 0.22506065978673526, 5.963460544587512E-12, 5.11281766931966E-12
240, Flight5, LOWRISK3, 0.40477278100295805, 0.10704497161422334, 5.8065839919101615E-11, 0.24512461882931344, 9.687848918467772E-12, 0.24305762846837492, 9.68796486383125E-12, 8.306223707848598E-12
240, Flight5, LOWRISK4, 0.9999999999154299, 1.7549137527944274E-11, 1.5251136256726003E-11, 1.525039851468387E-11, 7.444145731682599E-12, 1.525115293829573E-11, 7.444476256148265E-12, 6.997125347140587E-12
240, Flight6, SELECTEE, 6.754320761357092E-12, 6.070995143802469E-11, 3.673901952615789E-11, 0.6367480324890368, 3.1647914274411345E-11, 0.3632519673204744, 3.163336284829022E-11, 2.3621960689928235E-11
240, Flight6, UNKNOWN, 0.9999999999973891, 6.690749157548953E-13, 5.793667330295724E-13, 5.793695630399868E-13, 2.792100200387543E-13, 5.793722529529015E-13, 2.7921256879849997E-13, 2.6226709566446867E-13
240, Flight6, LOWRISK1, 0.9999999999865253, 3.1259299860777645E-12, 2.4914403901632578E-12, 2.71066683906014E-12, 1.045044243286729E-12, 2.7106919384512055E-12, 1.0450508378973167E-12, 9.630793312055164E-13
240, Flight6, LOWRISK2, 0.6585337555899923, 0.07319620050607917, 2.211649800623778E-11, 0.13463955887877752, 3.690579699675578E-12, 0.13363048499310654, 3.690606939404083E-12, 3.1641947361869836E-12
240, Flight6, LOWRISK3, 0.6580770892667489, 0.07730619728977893, 2.3248995552004036E-10, 0.12948589520968112, 3.861272210854565E-11, 0.1351308178915878, 3.861244370850016E-11, 3.3105762416619886E-11
240, Flight6, LOWRISK4, 0.999999999951899, 1.0037675715981334E-11, 8.722775015092407E-12, 8.722297082717851E-12, 4.2561636493524626E-12, 8.722789260347896E-12, 4.256341633446183E-12, 4.0005664932747015E-12
240, Flight7, SELECTEE, 2.460465120504828E-12, 2.2120586761668153E-11, 1.6592227941803263E-11, 0.2037513758728188, 0.6867327395737863, 0.046248624053628604, 0.06326726039267613, 6.65342383883008E-11
240, Flight7, UNKNOWN, 0.552662011460863, 0.026041897142839953, 4.847494231639063E-12, 0.21406402780316455, 8.081100133345009E-13, 0.20723206358659327, 8.081127727747958E-13, 6.928888596077673E-13
240, Flight7, LOWRISK1, 0.32703722573831034, 0.0566649682992951, 1.082148913485992E-11, 0.35384825342755694, 1.803894049629449E-12, 0.26244955251947893, 1.8038710760170197E-12, 1.5466528309485439E-12
240, Flight7, LOWRISK2, 0.1559165864670426, 0.0967507221927567, 2.3257412054591343E-11, 0.47083805405784734, 3.878226027542919E-12, 0.27649463724863205, 3.8780024076924E-12, 3.325176663242864E-12
240, Flight7, LOWRISK3, 0.15177920776142365, 0.13398713056136954, 5.1640066040894467E-11, 0.44840606528006216, 8.616089895995144E-12, 0.2658275963215031, 8.615662111012617E-12, 7.387231206534872E-12
240, Flight7, LOWRISK4, 0.999999999951897, 1.0038029135399902E-11, 8.723107285750604E-12, 8.722775204565261E-12, 4.256289298841346E-12, 8.723180812072728E-12, 4.2564433301224875E-12, 4.0006885997276984E-12
240, Flight8, SELECTEE, 8.577632381318495E-12, 7.788558241255566E-11, 5.804195237971336E-11, 0.11735525932561101, 0.8188661079674817, 0.025501883257036822, 0.03827674907634486, 2.2963788114003998E-10
240, Flight8, UNKNOWN, 0.4263037689162389, 0.020408937146460138, 3.5806472738940786E-12, 0.2902316152795041, 5.968128847614888E-13, 0.26305567865312873, 5.968187535104873E-13, 5.117282589541232E-13
240, Flight8, LOWRISK1, 0.23257034021374512, 0.04972408088469695, 1.0115281911554114E-11, 0.44428342821215516, 1.6864492597679365E-12, 0.2734221506750862, 1.6863973566884377E-12, 1.4459831121693342E-12
240, Flight8, LOWRISK2, 0.08627832460886678, 0.08063793600236945, 2.0226096634605598E-11, 0.5609968040384624, 3.372500346766131E-12, 0.2720869353210564, 3.3722700289559187E-12, 2.891610299226792E-12
240, Flight8, LOWRISK3, 0.07957784648287104, 0.14094223912890116, 6.640262182944346E-11, 0.5117155091177287, 1.1076702149773619E-11, 0.2677644051730656, 1.107561169066457E-11, 9.496191342925904E-12
240, Flight8, LOWRISK4, 0.9999999999518997, 1.0037305105558095E-11, 8.7225982885776E-12, 8.722259072029552E-12, 4.256091085770263E-12, 8.722611499216387E-12, 4.256232158099983E-12, 4.000519708186159E-12
240, Flight9, SELECTEE, 3.443180782086005E-12, 3.096016808133995E-11, 2.3218968089578465E-11, 0.20350538642288327, 0.6868779144160546, 0.04649461347164034, 0.06312208553933094, 9.308603664030006E-11
240, Flight9, UNKNOWN, 0.5509531758298075, 0.04142141781885937, 8.161971112023758E-12, 0.2059713946706746, 1.360805987154102E-12, 0.20165401166922564, 1.3608055071014447E-12, 1.1667507056949964E-12
240, Flight9, LOWRISK1, 0.32742614417129084, 0.05316470240365803, 9.6952133814284E-12, 0.35602553027382117, 1.6159078812024964E-12, 0.26338362313753494, 1.615894425849235E-12, 1.3854692883631114E-12
240, Flight9, LOWRISK2, 0.1504775406894701, 0.1457021341543557, 5.810958714398798E-11, 0.45097070689265406, 9.690980716692607E-12, 0.252849618178338, 9.690254656570678E-12, 8.308604485069113E-12
240, Flight9, LOWRISK3, 0.15129228594766714, 0.13836942687836282, 5.809698432330935E-11, 0.44795258863785176, 9.690017149160091E-12, 0.26238569845095167, 9.68981272405052E-12, 8.307243449415426E-12
240, Flight9, LOWRISK4, 0.9999999996608203, 6.997415960939667E-11, 6.082845262042109E-11, 6.081168765980862E-11, 2.971635624605881E-11, 6.081568298000503E-11, 2.971739770459162E-11, 2.7933195992632684E-11
240, Flight10, SELECTEE, 4.393543527509093E-12, 3.943147849129124E-11, 2.350755136917311E-11, 0.6389237115947672, 1.9036318311397134E-11, 0.3610762882861035, 1.903342983804446E-11, 1.4344452893471698E-11
240, Flight10, UNKNOWN, 0.9999999999958148, 9.931880436516398E-13, 8.612137806006291E-13, 8.61216044801993E-13, 4.169851657340963E-13, 8.612233684449804E-13, 4.1698785575082866E-13, 3.9178364123206884E-13
240, Flight10, LOWRISK1, 0.9999999999875486, 2.9593477192425784E-12, 2.292377889209554E-12, 2.566142132915822E-12, 9.2055629454094E-13, 2.5661993501217116E-12, 9.205650534271048E-13, 8.440612004586026E-13
240, Flight10, LOWRISK2, 0.6583851151669157, 0.07453396431260238, 2.3220169310672432E-11, 0.13406343303162205, 3.874980396710785E-12, 0.13301748745518513, 3.87500847242285E-12, 3.3223093785834573E-12
240, Flight10, LOWRISK3, 0.6532018044897644, 0.12118375999224974, 5.013271845952491E-10, 0.11338029380103955, 7.606401253818274E-11, 0.11223414099883174, 7.606713876341101E-11, 6.527367809309546E-11
240, Flight10, LOWRISK4, 0.9999999998303802, 3.506677946709274E-11, 3.0476367800719755E-11, 3.0474130994508076E-11, 1.487892445569132E-11, 3.047581998266425E-11, 1.4879602696625192E-11, 1.3985442637306436E-11
240, Flight11, SELECTEE, 1.5280739977443238E-13, 3.6942823059616397E-13, 3.685593481149179E-13, 1.0882188699622735E-12, 0.9999999996890457, 4.4903291285464316E-13, 7.654759714505998E-13, 3.0837825410386924E-10
240, Flight11, UNKNOWN, 0.2549986977829374, 0.03834505347676351, 7.05147769533952E-12, 0.3957564710559757, 1.17548367792274E-12, 0.3108997776745308, 1.1754626379464972E-12, 1.0078818601793064E-12
240, Flight11, LOWRISK1, 0.10579954678966107, 0.04780407885352181, 9.496510739846788E-12, 0.5503549731608471, 1.583465980095173E-12, 0.2960414011825665, 1.5833335519289691E-12, 1.3577028857596926E-12
240, Flight11, LOWRISK2, 1.457780662961837E-11, 1.3404552364489454E-10, 1.824458417525098E-11, 0.7068656248460831, 3.724178712940272E-12, 0.293134374977051, 3.723399328056606E-12, 3.168021952273757E-12
240, Flight11, LOWRISK3, 1.64485633753758E-11, 1.4784024243446842E-10, 4.557510108271915E-11, 0.6819841963951622, 1.3120918322436638E-11, 0.31801580335839597, 1.3114138660405635E-11, 1.0960673496888044E-11
240, Flight11, LOWRISK4, 0.8460237088423277, 0.052453286762949455, 9.28901864436802E-11, 0.05071565880234092, 1.5476183697045458E-11, 0.050807345455888685, 1.5476263914180974E-11, 1.326822705619727E-11
240, Flight12, SELECTEE, 2.8715479617753246E-12, 2.5811508504523745E-11, 1.9363154641891548E-11, 0.32070609795683946, 0.5057543927637688, 0.07929390195737501, 0.09424560719701024, 7.757768148130281E-11
240, Flight12, UNKNOWN, 0.7296407670174706, 0.03323309719053051, 6.644119915824059E-12, 0.1184078144392437, 1.1079256528782751E-12, 0.11871832134356256, 1.1079289273376089E-12, 9.499155910061308E-13
240, Flight12, LOWRISK1, 0.45853659365772664, 0.07317065700883227, 1.7226738790730804E-11, 0.2555643263185742, 2.872452942795507E-12, 0.21272842299005, 2.872426920609581E-12, 2.4627778073818285E-12
240, Flight12, LOWRISK2, 0.25405631355777886, 0.11349317845204102, 3.099891577063172E-11, 0.3738628050605274, 5.169708756608436E-12, 0.25858770288449984, 5.169552859396927E-12, 4.432371775997549E-12
240, Flight12, LOWRISK3, 0.24408178314013226, 0.20326395205713046, 2.3197333083846193E-10, 0.3155302929565987, 3.871635867685367E-11, 0.23712397150416095, 3.87123432839737E-11, 3.319307536977398E-11
240, Flight12, LOWRISK4, 0.9999999999518976, 1.0037921579984443E-11, 8.723006787900807E-12, 8.722616287306143E-12, 4.2562564991797994E-12, 8.72305860522163E-12, 4.2564195984650076E-12, 4.000655605728701E-12
240, Flight13, SELECTEE, 1.911697766948826E-12, 1.7230193269172142E-11, 1.2901909055009607E-11, 0.05153537805559948, 0.920908975992469, 0.01096462188720323, 0.0165910239817147, 5.158726999238546E-11
240, Flight13, UNKNOWN, 0.3286050247920065, 0.04255477708539432, 8.023266891091878E-12, 0.3386799376350345, 1.3375461325689802E-12, 0.29016026047633725, 1.3375301003773011E-12, 1.1468293230243269E-12
240, Flight13, LOWRISK1, 0.16132654307377253, 0.048061112292770915, 9.496809132515337E-12, 0.49307123663240876, 1.5834690766133944E-12, 0.2975411079876442, 1.5833447290552205E-12, 1.3577056289299036E-12
240, Flight13, LOWRISK2, 0.030882812718031297, 0.09705468579197524, 5.823074656266881E-11, 0.6174969120974032, 9.685683561507912E-12, 0.25456558930730244, 9.68396200564536E-12, 8.304966429951322E-12
240, Flight13, LOWRISK3, 0.028744379685137718, 0.11630058308787777, 9.294248498213348E-11, 0.5849908762412951, 1.551987699457461E-11, 0.2699641608490249, 1.5514949927917056E-11, 1.330458337540348E-11
240, Flight13, LOWRISK4, 0.9999999999184654, 1.7413960819748805E-11, 1.46726685267743E-11, 1.5124794732456665E-11, 6.757297548353758E-12, 1.5125207301795502E-11, 6.757526371019929E-12, 6.300703329128269E-12
240, Flight14, SELECTEE, 2.156171126675296E-12, 1.9371292269191154E-11, 1.4533993953445983E-11, 0.4779132754133365, 0.2627394015127531, 0.14708672452529103, 0.11226059845502809, 5.8147104024801004E-11
240, Flight14, UNKNOWN, 0.9999999999981766, 5.07711073422292E-13, 4.385419311657404E-13, 4.389679504494337E-13, 2.0986947015988878E-13, 4.3896702585544803E-13, 2.098724619149169E-13, 1.9702622194617947E-13
240, Flight14, LOWRISK1, 0.6614034929749263, 0.047368563145399806, 1.1626856441790383E-11, 0.15024624197513967, 1.9389082702224553E-12, 0.14098170188798473, 1.938912170202321E-12, 1.662368095930101E-12
240, Flight14, LOWRISK2, 0.4046248537327285, 0.10837631700443988, 2.9069992056745732E-11, 0.25854386558089565, 4.845531259298783E-12, 0.22845496363963783, 4.845527523008495E-12, 4.154325818573612E-12
240, Flight14, LOWRISK3, 0.39876095583825366, 0.16115139807593543, 7.749017092928243E-11, 0.22402793776537028, 1.2916175512802499E-11, 0.21605970820666356, 1.2916013843745279E-11, 1.1072173657931503E-11
240, Flight14, LOWRISK4, 0.9999999999324471, 1.4044100642771893E-11, 1.22048513021625E-11, 1.2204242672216527E-11, 5.956579815375467E-12, 1.2204877355908981E-11, 5.956838649470806E-12, 5.598887241454864E-12
240, Flight15, SELECTEE, 2.1520853059689047E-12, 1.935510513124866E-11, 1.4513617801479957E-11, 0.11720585318810033, 0.8200451697246685, 0.025651289604699742, 0.03709768738890505, 5.822301304319356E-11
240, Flight15, UNKNOWN, 0.42559175018834194, 0.026817105696301018, 4.7493126101819814E-12, 0.2876393741737396, 7.916469136542094E-13, 0.2599517699352235, 7.916487711993086E-13, 6.787772440956562E-13
240, Flight15, LOWRISK1, 0.22969911008407426, 0.07556515204491426, 1.6614580530948645E-11, 0.4263677897609751, 2.7703136984304073E-12, 0.26836794808612335, 2.7701921674357948E-12, 2.3752615382797165E-12
240, Flight15, LOWRISK2, 0.08384526111411539, 0.10253550744383111, 3.10074891008469E-11, 0.5501493527935635, 5.1704603705642205E-12, 0.2634698786033265, 5.169951948174215E-12, 4.4331295874193276E-12
240, Flight15, LOWRISK3, 0.07693027961036986, 0.16477034092931198, 1.1614816287114345E-10, 0.4957713643809796, 1.938298815192785E-11, 0.2625280149084288, 1.9378637393970636E-11, 1.6617297765538548E-11
240, Flight15, LOWRISK4, 0.9999999998305968, 3.501536510418647E-11, 3.043750568737211E-11, 3.04307220592009E-11, 1.4865750279914002E-11, 3.0431428368438894E-11, 1.486610968481288E-11, 1.3973764939290772E-11
240, Flight16, SELECTEE, 2.46174504862532E-12, 2.2127086392665988E-11, 1.659968405255208E-11, 0.32101126692439813, 0.5053993036694997, 0.07898873300312871, 0.09460069629589325, 6.650927329919625E-11
240, Flight16, UNKNOWN, 0.7293548597006025, 0.03580626304157163, 7.381749763237843E-12, 0.1171497778145241, 1.2309761512923395E-12, 0.11768909943302028, 1.2309793311460641E-12, 1.055412136416732E-12
240, Flight16, LOWRISK1, 0.46111491810951827, 0.049965736949685244, 1.057398799662007E-11, 0.26685456738531704, 1.763185106966137E-12, 0.22206477754048493, 1.7631489232959946E-12, 1.5117715222448615E-12
240, Flight16, LOWRISK2, 0.25576725008347934, 0.09809474972757089, 2.447479784415271E-11, 0.3774528028491689, 4.082521836909105E-12, 0.26868519730425855, 4.0822767034717024E-12, 3.500376394173438E-12
240, Flight16, LOWRISK3, 0.24604796051616667, 0.1855683557945197, 1.1612880555462714E-10, 0.32415094265844885, 1.937372873023821E-11, 0.24423274085999785, 1.937251646617469E-11, 1.6609536088340636E-11
240, Flight16, LOWRISK4, 0.9999999998870701, 2.3390382929655088E-11, 2.032799065344669E-11, 2.0327315517543325E-11, 9.923102769463236E-12, 2.0328054133083305E-11, 9.92349669606053E-12, 9.327218073286785E-12
240, Flight17, SELECTEE, 1.911697766948826E-12, 1.7230193269172142E-11, 1.2901909055009607E-11, 0.05153537805559948, 0.920908975992469, 0.01096462188720323, 0.0165910239817147, 5.158726999238546E-11
240, Flight17, UNKNOWN, 0.3302643220811963, 0.027621101486014054, 4.848524801841123E-12, 0.3488746718937809, 8.081645736696192E-13, 0.2932399045324683, 8.081622589634568E-13, 6.929417365550698E-13
240, Flight17, LOWRISK1, 0.16024973568769654, 0.05775237876490052, 1.1930263764394755E-11, 0.4964807440941386, 1.9892476142927404E-12, 0.2855171414362675, 1.989124541336525E-12, 1.7056108996577839E-12
240, Flight17, LOWRISK2, 0.030882812718031297, 0.09705468579197524, 5.823074656266881E-11, 0.6174969120974032, 9.685683561507912E-12, 0.25456558930730244, 9.68396200564536E-12, 8.304966429951322E-12
240, Flight17, LOWRISK3, 0.02980388675923918, 0.10676501944869204, 6.640089440404777E-11, 0.5909838152693633, 1.1082344890653987E-11, 0.2724472784252586, 1.1080269726131225E-11, 9.500839508280659E-12
240, Flight17, LOWRISK4, 0.9999999998995176, 2.137739091416941E-11, 1.806242395548225E-11, 1.8568419418441474E-11, 8.360888115854234E-12, 1.8568729027428375E-11, 8.361159311191414E-12, 7.801161556649406E-12
240, Flight18, SELECTEE, 4.953814584619691E-12, 4.448846585858495E-11, 2.6656431841651206E-11, 0.6384307605104746, 2.2031289139146873E-11, 0.36156923935343643, 2.2026500257572795E-11, 1.654993135289589E-11
240, Flight18, UNKNOWN, 0.9999999999958148, 9.93188028518606E-13, 8.612137691959026E-13, 8.612160333980272E-13, 4.1698516308123303E-13, 8.61223357040254E-13, 4.1698785309758505E-13, 3.9178363888723576E-13
240, Flight18, LOWRISK1, 0.9999999999833943, 3.72807956698543E-12, 3.065792000809989E-12, 3.2340699769492646E-12, 1.3531416057573493E-12, 3.2340727354038627E-12, 1.3531451117854886E-12, 1.2547917757204442E-12
240, Flight18, LOWRISK2, 0.659127344994013, 0.06785389587288516, 1.935452166606006E-11, 0.13691810612226246, 3.2288714386490793E-12, 0.1361006529828763, 3.228891545898956E-12, 2.7681624387711027E-12
240, Flight18, LOWRISK3, 0.6571220260013128, 0.08590176686281109, 5.805806778615397E-11, 0.12826137468251556, 9.679214169038949E-12, 0.12871483236826428, 9.679245755344086E-12, 8.297235515180199E-12
240, Flight18, LOWRISK4, 0.9999999998303802, 3.506677946709274E-11, 3.0476367800719755E-11, 3.0474130994508076E-11, 1.487892445569132E-11, 3.047581998266425E-11, 1.4879602696625192E-11, 1.3985442637306436E-11
240, Flight19, SELECTEE, 3.4431807820799208E-12, 3.0960168081291274E-11, 2.3218968089602802E-11, 0.20350538642644952, 0.6868779144226531, 0.0464946134680749, 0.06312208553273152, 9.308603664030006E-11
240, Flight19, UNKNOWN, 0.5528831609059972, 0.024051552137064922, 4.43221852997004E-12, 0.21463986267514215, 7.388620053603029E-13, 0.20842542427586971, 7.388661351908498E-13, 6.335173909730863E-13
240, Flight19, LOWRISK1, 0.32654743909835365, 0.061073048057414835, 1.2244215020369944E-11, 0.3526703279079846, 2.0412720960964695E-12, 0.2597091849187874, 2.041237243101968E-12, 1.7501806131299956E-12
240, Flight19, LOWRISK2, 0.14899388711187644, 0.15905501633238484, 7.746032380503578E-11, 0.44323395000488164, 1.2919114956762336E-11, 0.24871714643710094, 1.2918028344597182E-11, 1.1076073704630034E-11
240, Flight19, LOWRISK3, 0.14427176317791118, 0.2015541316237521, 2.3201669445259263E-10, 0.4002988578168881, 3.8730805509359556E-11, 0.2538752470393913, 3.872205604471702E-11, 3.320515630316269E-11
240, Flight19, LOWRISK4, 0.9999999998870726, 2.338958379517133E-11, 2.0327454879049997E-11, 2.0326889094124652E-11, 9.922905352902199E-12, 2.0327472718558066E-11, 9.923262792175375E-12, 9.327053640140675E-12
240, Flight20, SELECTEE, 1.5060365107588344E-13, 3.720138970335865E-13, 3.696735950212977E-13, 1.140150790043579E-12, 0.9999999998824052, 4.558597876202463E-13, 7.635840327486621E-13, 1.1496044741164156E-10
240, Flight20, UNKNOWN, 0.2563772704943809, 0.02593789907646951, 4.475819402178667E-12, 0.40721437135841243, 7.460116374682501E-13, 0.31047045906474713, 7.460064887465189E-13, 6.39651384339243E-13
240, Flight20, LOWRISK1, 0.10488869936219992, 0.05600170569843232, 1.1631917826496337E-11, 0.553563056660162, 1.939609704644579E-12, 0.28554653826264914, 1.9394498070277237E-12, 1.6630573964778083E-12
240, Flight20, LOWRISK2, 1.4542678291492285E-11, 1.335286689668796E-10, 1.9785751231652842E-11, 0.7067584599594339, 4.12058298121152E-12, 0.2932415398615841, 4.11963816119952E-12, 3.5021531350542553E-12
240, Flight20, LOWRISK3, 1.669344712283521E-11, 1.501642395812929E-10, 5.0761851360139637E-11, 0.6815226607841203, 1.5758317026033E-11, 0.31847733895427405, 1.5745724763409706E-11, 1.309978104038373E-11
240, Flight20, LOWRISK4, 0.8461318004573386, 0.051480462256046015, 6.634546507700318E-11, 0.05112794136857816, 1.106272270946335E-11, 0.05125979582069984, 1.1062814617889276E-11, 9.484251702924658E-12
240, Flight21, SELECTEE, 2.150110402550704E-12, 1.939283416616689E-11, 1.4514742310308962E-11, 0.0515508440056567, 0.9208596458164461, 0.010949155929365332, 0.016640354155125266, 5.796641234642716E-11
240, Flight21, UNKNOWN, 0.3287983609822613, 0.040814751373515035, 7.628878821033516E-12, 0.3398388426437131, 1.2717782523213379E-12, 0.2905480449898653, 1.2717636917995099E-12, 1.0904405489418024E-12
240, Flight21, LOWRISK1, 0.15914611654783528, 0.06768495102091879, 1.4538671075132614E-11, 0.4951948619679172, 2.4242425298667895E-12, 0.27797407044248074, 2.424088403377669E-12, 2.0785650095399585E-12
240, Flight21, LOWRISK2, 0.033963268066306666, 0.0693305876954772, 2.2168728537225194E-11, 0.6305639335388822, 3.692749175683402E-12, 0.2661422106672311, 3.692346142469491E-12, 3.1663295893438067E-12
240, Flight21, LOWRISK3, 0.02716030333649184, 0.1305572698493671, 4.6071589349210915E-10, 0.5650945168512578, 7.790430357312555E-11, 0.2771879092803994, 7.77415971110203E-11, 6.673960048044146E-11
240, Flight21, LOWRISK4, 0.9999999999184654, 1.7413960819748805E-11, 1.46726685267743E-11, 1.5124794732456665E-11, 6.757297548353758E-12, 1.5125207301795502E-11, 6.757526371019929E-12, 6.300703329128269E-12
240, Flight22, SELECTEE, 1.715254953684875E-11, 1.5444015029955762E-10, 1.1563274335977463E-10, 0.3178553806515608, 0.5071412088664908, 0.0821446187984636, 0.09285879093549683, 4.613801322962163E-10
240, Flight22, UNKNOWN, 0.7307867546791882, 0.022919208237812363, 4.045822673111727E-12, 0.12334041443027445, 6.74476894937144E-13, 0.12295362264736959, 6.744834018412405E-13, 5.782960943622566E-13
240, Flight22, LOWRISK1, 0.45853659365772664, 0.07317065700883227, 1.7226738790730804E-11, 0.2555643263185742, 2.872452942795507E-12, 0.21272842299005, 2.872426920609581E-12, 2.4627778073818285E-12
240, Flight22, LOWRISK2, 0.24762799694435847, 0.17134802790779283, 9.290534834104133E-11, 0.3452432397646939, 1.549844314634956E-11, 0.2357807352465835, 1.5497753322892676E-11, 1.3287221652964614E-11
240, Flight22, LOWRISK3, 0.24395329799551627, 0.20442031811348466, 4.6414913608448845E-10, 0.31700143319565915, 7.725871735049121E-11, 0.2346249500110447, 7.725656618498726E-11, 6.624840330171225E-11
240, Flight22, LOWRISK4, 0.9999999998303785, 3.506669830909125E-11, 3.04765837103546E-11, 3.047511843310117E-11, 1.4879090152196666E-11, 3.0476171689428326E-11, 1.4879628553414826E-11, 1.3985629589964442E-11
240, Flight23, SELECTEE, 1.5181215785285771E-13, 3.702761881177761E-13, 3.6882366018138137E-13, 1.1074254894770215E-12, 0.9999999998127389, 4.5154939039198885E-13, 7.646394367717618E-13, 1.8466402778527796E-10
240, Flight23, UNKNOWN, 0.25470593078743753, 0.04097995643565278, 7.629179588909179E-12, 0.39407810478099736, 1.2718181081673552E-12, 0.31023600798526646, 1.271793664360578E-12, 1.0904788720716893E-12
240, Flight23, LOWRISK1, 0.10392560379574219, 0.06466956579396628, 1.4097876072458739E-11, 0.5537473476320158, 2.3509212843741323E-12, 0.27765748275807783, 2.3507156312717672E-12, 2.0157109860049965E-12
240, Flight23, LOWRISK2, 1.4487146675544002E-11, 1.3273022918907776E-10, 2.2657755164055347E-11, 0.7063653697408266, 4.903375474835128E-12, 0.29363463007595, 4.902047100516854E-12, 4.160268549483949E-12
240, Flight23, LOWRISK3, 3.839869405304542E-11, 3.4399648024593665E-10, 1.9714398427066702E-10, 0.6550537615321343, 1.3949272478248166E-10, 0.3449462375026232, 1.3950194921266053E-10, 1.0732617311365772E-10
240, Flight23, LOWRISK4, 0.8460237088423277, 0.052453286762949455, 9.28901864436802E-11, 0.05071565880234092, 1.5476183697045458E-11, 0.050807345455888685, 1.5476263914180974E-11, 1.326822705619727E-11
240, Flight24, SELECTEE, 2.4637873294802097E-12, 2.2136490730520038E-11, 1.660831471760574E-11, 0.4773275491156691, 0.26344650285129073, 0.14767245081297178, 0.1115534971130352, 6.644227399095022E-11
240, Flight24, UNKNOWN, 0.9999999999966792, 8.164384212773133E-13, 7.064442175987772E-13, 7.075161587284407E-13, 3.40341054579705E-13, 7.075158685091468E-13, 3.403427190247987E-13, 3.1960142681805275E-13
240, Flight24, LOWRISK1, 0.6614402167614809, 0.04703804906725844, 1.0816492301547368E-11, 0.14912706626809688, 1.8036743665551058E-12, 0.142394667887811, 1.8036790318039025E-12, 1.5464226234801054E-12
240, Flight24, LOWRISK2, 0.402441467302034, 0.1280267948669052, 4.224235974733833E-11, 0.24719319192766653, 7.047004178857324E-12, 0.22233854584163368, 7.046992318379946E-12, 6.041776796245269E-12
240, Flight24, LOWRISK3, 0.4000239771659571, 0.14978420608546894, 1.1605701488639987E-10, 0.22843357173512702, 1.9370515879019036E-11, 0.22175824484265824, 1.9370820351259357E-11, 1.660771108216176E-11
240, Flight24, LOWRISK4, 0.999999999887073, 2.3389936233444216E-11, 2.03275081636598E-11, 2.03265042948862E-11, 9.922960712209326E-12, 2.0327466360910236E-11, 9.923397830293632E-12, 9.327080330744725E-12
240, Flight25, SELECTEE, 1.6238568999417104E-11, 1.4596206309954326E-10, 8.960514219411073E-11, 0.6274928446049436, 8.224526838769278E-11, 0.37250715491873787, 8.209305392083488E-11, 6.07918364403519E-11
240, Flight25, UNKNOWN, 0.9999999999975018, 6.45982821022479E-13, 5.592783536706346E-13, 5.592811397878737E-13, 2.6937835099011734E-13, 5.592835932955269E-13, 2.693809579215734E-13, 2.5302419624478906E-13
240, Flight25, LOWRISK1, 0.9999999999863459, 3.1580247293423636E-12, 2.525262783720652E-12, 2.738546795286683E-12, 1.0647141800887313E-12, 2.7385685408044033E-12, 1.0647204429088655E-12, 9.81810932889521E-13
240, Flight25, LOWRISK2, 0.6570764988762597, 0.0863115109153408, 3.569318543514241E-11, 0.1289698312953796, 5.958664498590921E-12, 0.12764215886091823, 5.9586988389211046E-12, 5.1087517501932224E-12
240, Flight25, LOWRISK3, 0.6541511222959757, 0.11263990010790452, 1.559473779195472E-10, 0.11651585323262256, 2.5769354008696105E-11, 0.11669312413453803, 2.576938392905174E-11, 2.209056133947459E-11
240, Flight25, LOWRISK4, 0.999999999962707, 7.811651696443991E-12, 6.788032738808795E-12, 6.787673191117723E-12, 3.3113492662820774E-12, 6.788048199349496E-12, 3.3114768631521444E-12, 3.1124699827608867E-12
240, Flight26, SELECTEE, 0.6539170821428467, 0.11474626061255898, 1.5457925291616974E-10, 0.11628742882220958, 2.5792964355359412E-11, 0.11504922819475048, 2.5792957738850535E-11, 2.2113456294347678E-11
240, Flight26, UNKNOWN, 0.9999999999982381, 4.946154398828981E-13, 4.2756449536369217E-13, 4.2756368535279125E-13, 2.0484886738465273E-13, 4.2756650822793124E-13, 2.0485218227296198E-13, 1.9235643428296807E-13
240, Flight26, LOWRISK1, 0.9999999999879543, 2.615793217413454E-12, 2.271898425472383E-12, 2.271869309941328E-12, 1.1061069693367349E-12, 2.27192396310917E-12, 1.106122831638681E-12, 1.0395804106563593E-12
240, Flight26, LOWRISK2, 0.9999999999863802, 2.9404934526390556E-12, 2.554167759123993E-12, 2.5541272469376822E-12, 1.2439533487163167E-12, 2.554203521531911E-12, 1.2439760512909925E-12, 1.1691591318983833E-12
240, Flight26, LOWRISK3, 0.9999999999627356, 7.810891899384429E-12, 6.7874795010386826E-12, 6.787151290569568E-12, 3.3112448073544163E-12, 6.787526179714549E-12, 3.3113714914295788E-12, 3.1123825218633856E-12
240, Flight26, LOWRISK4, 0.9999999998304117, 3.5065796747116015E-11, 3.0475642525650667E-11, 3.0473104481671866E-11, 1.487861948135402E-11, 3.047509166495563E-11, 1.487936257927168E-11, 1.3985160290274898E-11
240, Flight27, SELECTEE, 8.334231288438241E-12, 7.492684010677482E-11, 4.556376252509732E-11, 0.6352315866645254, 4.0080079026142635E-11, 0.36476841309731767, 4.005195164586506E-11, 2.981744665321034E-11
240, Flight27, UNKNOWN, 0.9999999999970686, 7.351791731296551E-13, 6.368566789974394E-13, 6.368596158639418E-13, 3.073215932320459E-13, 6.368630202352404E-13, 3.0732403041485434E-13, 2.886939553793782E-13
240, Flight27, LOWRISK1, 0.9999999999848863, 3.4330678708967904E-12, 2.7947610454930575E-12, 2.9776053269611426E-12, 1.2128880353682368E-12, 2.9776127470929067E-12, 1.2128924122246253E-12, 1.1223758553176763E-12
240, Flight27, LOWRISK2, 0.6570764988762597, 0.0863115109153408, 3.569318543514241E-11, 0.1289698312953796, 5.958664498590921E-12, 0.12764215886091823, 5.9586988389211046E-12, 5.1087517501932224E-12
240, Flight27, LOWRISK3, 0.6575464940437142, 0.08208155446009, 7.74231975576188E-11, 0.11451428776565432, 1.2910341867276577E-11, 0.14585766361684682, 1.2910581672212843E-11, 1.1068316271709232E-11
240, Flight27, LOWRISK4, 0.9999999999324481, 1.4043971809968697E-11, 1.2204747706827038E-11, 1.220407887935967E-11, 5.95653226659085E-12, 1.2204753193398673E-11, 5.956801271587766E-12, 5.598842441261791E-12
240, Flight28, SELECTEE, 1.6412569512591448E-11, 1.8259723687580914E-10, 1.204267619164156E-10, 0.0520316695600222, 0.9195266265097641, 0.010468329845040232, 0.017973373298907462, 4.674467630029052E-10
240, Flight28, UNKNOWN, 0.33103492165537646, 0.020685705320062895, 3.255491483898922E-12, 0.3655734978017963, 5.425419166439932E-13, 0.2827058752185761, 5.42541304590089E-13, 4.651878636827209E-13
240, Flight28, LOWRISK1, 0.1576793305231771, 0.0808860252385752, 1.8607194468221792E-11, 0.4900943731909248, 3.1028306174640837E-12, 0.2713402710204674, 3.1026064937581523E-12, 2.66036740370756E-12
240, Flight28, LOWRISK2, 0.030119484469568136, 0.10392464000762014, 7.766082423548933E-11, 0.6127136539064675, 1.2910521812529943E-11, 0.2532422215024124, 1.290805350722938E-11, 1.1070051324914518E-11
240, Flight28, LOWRISK3, 0.02822617791083625, 0.12096439903235018, 1.1616665628928581E-10, 0.5814461358751557, 1.9404879020443873E-11, 0.2693632870106728, 1.9396546767018218E-11, 1.6634336213616877E-11
240, Flight28, LOWRISK4, 0.9999999999184654, 1.7413960819748805E-11, 1.46726685267743E-11, 1.5124794732456665E-11, 6.757297548353758E-12, 1.5125207301795502E-11, 6.757526371019929E-12, 6.300703329128269E-12
240, Flight29, SELECTEE, 2.460465120504828E-12, 2.2120586761668153E-11, 1.6592227941803263E-11, 0.2037513758728188, 0.6867327395737863, 0.046248624053628604, 0.06326726039267613, 6.65342383883008E-11
240, Flight29, UNKNOWN, 0.5533088012376289, 0.020220789153661697, 3.210235477827487E-12, 0.22046801777324984, 5.350142130685347E-13, 0.2060023918313379, 5.350233408365634E-13, 4.58732038880567E-13
240, Flight29, LOWRISK1, 0.3267615363519951, 0.05914617277528224, 1.1632437449372698E-11, 0.353166653450459, 1.9392046403504304E-12, 0.2609256374057078, 1.939174967318016E-12, 1.6626684531154428E-12
240, Flight29, LOWRISK2, 0.15113991213945732, 0.1397407911112435, 5.165725800239798E-11, 0.45416322357821476, 8.61476051602262E-12, 0.2549560730954297, 8.61414362723849E-12, 7.385950789426562E-12
240, Flight29, LOWRISK3, 0.14355400594154144, 0.2080139465068199, 4.6387901013068444E-10, 0.3965458289126157, 7.731024276035833E-11, 0.25188621795486543, 7.72928226308496E-11, 6.629308726890034E-11
240, Flight29, LOWRISK4, 0.9999999996608203, 6.997415960939667E-11, 6.082845262042109E-11, 6.081168765980862E-11, 2.971635624605881E-11, 6.081568298000503E-11, 2.971739770459162E-11, 2.7933195992632684E-11
240, Flight30, SELECTEE, 8.578952648760222E-12, 8.325256025862248E-11, 5.966519216782962E-11, 0.05209237135002498, 0.919157755234631, 0.010407628364502796, 0.01834224465149884, 2.484633927467598E-10
240, Flight30, UNKNOWN, 0.33011576925012015, 0.028958076965421246, 5.1148141222129345E-12, 0.3480741441408187, 8.525636387407866E-13, 0.2928520096367065, 8.525599788747149E-13, 7.310091627747361E-13
240, Flight30, LOWRISK1, 0.15836392880794914, 0.07472464067772158, 1.661453262848745E-11, 0.4928452362948045, 2.7704673962873934E-12, 0.2740661941956117, 2.7702792363666537E-12, 2.3754093645104733E-12
240, Flight30, LOWRISK2, 0.0337922892508528, 0.07086939703340361, 2.3277598637811045E-11, 0.6300838407760996, 3.8772566374408506E-12, 0.2652544729059055, 3.876820811620427E-12, 3.3245343992672334E-12
240, Flight30, LOWRISK3, 0.027718419575917617, 0.12553422400626046, 1.548783524368927E-10, 0.5775736171837557, 2.5885506569587475E-11, 0.26917373900586256, 2.586951217521159E-11, 2.21877801310777E-11
240, Flight30, LOWRISK4, 0.9999999998676501, 2.8054677858576975E-11, 2.3761609259121825E-11, 2.437041338282788E-11, 1.1047687621330472E-11, 2.4370485828290732E-11, 1.1048020717564606E-11, 1.0314145015590385E-11