TimeWindow, Flight, RiskCategory, O49, O50, O51, O52, O53, O54, O55, O56
240, Flight1, SELECTEE, 0.1413192855584138, 0.4466156658007324, 0.4120650485836853, 2.1544505367295082E-11, 7.909771938812306E-12, 1.361304399177277E-11, 6.516566341335625E-12, 7.909321485191439E-12
240, Flight1, UNKNOWN, 0.9999999999994063, 2.3017639947751965E-13, 2.301543777068887E-13, 1.315964490800334E-13, 7.456524668480114E-14, 1.1025675080770331E-13, 6.719369110974384E-14, 7.456328714501347E-14
240, Flight1, LOWRISK1, 0.9999999999972181, 7.667616051148484E-13, 7.666816058853103E-13, 4.484419149010882E-13, 2.57519977739454E-13, 3.77578012390406E-13, 2.3246435965068883E-13, 2.5751241869313074E-13
240, Flight1, LOWRISK2, 0.9999999999907766, 2.348225740603007E-12, 2.347972543550122E-12, 1.3803132055723087E-12, 7.950496197747396E-13, 1.1634817850982858E-12, 7.179797280501239E-13, 7.95025395568508E-13
240, Flight1, LOWRISK3, 0.9999999999844364, 3.90506634836221E-12, 3.904643959883142E-12, 2.2975423781073957E-12, 1.3240986583173649E-12, 1.9370213040183054E-12, 1.1958342457882758E-12, 1.324057848126523E-12
240, Flight1, LOWRISK4, 0.999999999981267, 4.683326243603909E-12, 4.682820248463935E-12, 2.7560893131153406E-12, 1.5885953348366417E-12, 2.323747332060281E-12, 1.4347418983437494E-12, 1.5885461587651383E-12
240, Flight2, SELECTEE, 0.4619789283334546, 0.29893223908686023, 0.23908883256358193, 6.157197722353994E-12, 2.259698553244111E-12, 3.889897311373978E-12, 1.8617916407229635E-12, 2.2595746874960633E-12
240, Flight2, UNKNOWN, 0.9999999999994581, 2.1748147297410245E-13, 2.1746076078683307E-13, 1.2404828514626235E-13, 7.019246143816819E-14, 1.0388013296554478E-13, 6.324206724404157E-14, 7.019062842658329E-14
240, Flight2, LOWRISK1, 0.9999999999976437, 6.622664440626439E-13, 6.621979011175115E-13, 3.868400996945127E-13, 2.219783022572921E-13, 3.256212420624167E-13, 2.0036119352593528E-13, 2.219718397601215E-13
240, Flight2, LOWRISK2, 0.9999999999952814, 1.2422153499584758E-12, 1.2420831834218286E-12, 7.286492577160728E-13, 4.1916490279233547E-13, 6.139011717352143E-13, 3.784689695985633E-13, 4.191523399915705E-13
240, Flight2, LOWRISK3, 0.9999999999844369, 3.904962738490573E-12, 3.904540676596524E-12, 2.2974989526899724E-12, 1.324079726369864E-12, 1.936991875925956E-12, 1.195819884244171E-12, 1.3240389115170694E-12
240, Flight2, LOWRISK4, 0.9999999999897206, 2.6076372034369334E-12, 2.6073559464324766E-12, 1.5331583939531467E-12, 8.832121945053104E-13, 1.292386849994356E-12, 7.97612697135981E-13, 8.831851982604671E-13
240, Flight3, SELECTEE, 2.0332033944400197E-12, 0.27163957127505267, 0.2501194758640336, 3.6419463035685524E-10, 0.2549191464651535, 2.0521430611475253E-11, 2.1815309388963138E-11, 0.22332180598752038
240, Flight3, UNKNOWN, 0.9999999999995615, 1.924134195272117E-13, 1.923953455266423E-13, 1.0908484825257813E-13, 6.150755192267652E-14, 9.122998013551646E-14, 5.5391873420647237E-14, 6.15059740306852E-14
240, Flight3, LOWRISK1, 0.9999999999971146, 7.922059802688687E-13, 7.921219923162035E-13, 4.63354198493622E-13, 2.661064218847568E-13, 3.9014900283427433E-13, 2.402179119209029E-13, 2.660985514364087E-13
240, Flight3, LOWRISK2, 0.9999999999892203, 3.704885544044312E-12, 3.7033063993424236E-12, 1.2127822142160557E-12, 5.571039199134117E-13, 8.912901914554537E-13, 4.779630698824445E-13, 5.570707956580017E-13
240, Flight3, LOWRISK3, 0.999999999988387, 3.041683738338055E-12, 3.0413046913028302E-12, 1.6969547203014124E-12, 9.498064146717198E-13, 1.406820264963408E-12, 8.515200889952867E-13, 9.49775434358399E-13
240, Flight3, LOWRISK4, 0.9999999999897199, 2.6077603419495333E-12, 2.6074787098708773E-12, 1.533210579085227E-12, 8.83234839599744E-13, 1.292421920746584E-12, 7.97629888354069E-13, 8.832078294883293E-13
240, Flight4, SELECTEE, 6.773837387288596E-13, 0.22223031545000266, 0.17737267747679186, 1.206728241712144E-10, 0.34303200916729787, 6.855792069450957E-12, 7.310418669133579E-12, 0.2573649977707161
240, Flight4, UNKNOWN, 0.9999999999986436, 4.1688081931483375E-13, 4.1683909517063393E-13, 2.420803993095323E-13, 1.384293968326626E-13, 2.0351053817690926E-13, 1.2489203424723652E-13, 1.3842552361794035E-13
240, Flight4, LOWRISK1, 0.8126528792168461, 0.12022898678398827, 0.06711813399589608, 1.347430304503551E-12, 4.943074035671931E-13, 8.50850007924912E-13, 4.0724118834091125E-13, 4.942786824180152E-13
240, Flight4, LOWRISK2, 0.7857142857060394, 0.11251743781737988, 0.10176827646540768, 4.308588296677571E-12, 1.5816667035846827E-12, 2.7228560315450877E-12, 1.3032128682798515E-12, 1.5815888184741242E-12
240, Flight4, LOWRISK3, 0.7857142857170035, 0.11743298276511858, 0.09685273150383825, 5.383421542401249E-12, 1.976123381472982E-12, 3.4007207132411935E-12, 1.6281748854108014E-12, 1.976013876614175E-12
240, Flight4, LOWRISK4, 0.9999999999897196, 2.6078545431091055E-12, 2.607572589830411E-12, 1.533247311308799E-12, 8.832506431844921E-13, 1.2924484615612263E-12, 7.976426882400946E-13, 8.832236134989612E-13
240, Flight5, SELECTEE, 7.621716362788064E-13, 0.2922144171078691, 0.22954463019936544, 1.3561111581977958E-10, 0.2692545210172394, 7.710925093287188E-12, 8.213633986253784E-12, 0.20898643152355312
240, Flight5, UNKNOWN, 0.9999999999995915, 1.8505858804985962E-13, 1.85041311267894E-13, 1.0468487066161964E-13, 5.895146331701778E-14, 8.75088624413143E-14, 5.3081235455089374E-14, 5.894996158161877E-14
240, Flight5, LOWRISK1, 0.9999999999982166, 5.217015530417839E-13, 5.216479226300376E-13, 3.039038389947171E-13, 1.7411055354816482E-13, 2.5566207455688795E-13, 1.5712234579907156E-13, 1.7410555567137465E-13
240, Flight5, LOWRISK2, 0.9999999999886093, 3.5860612477350564E-12, 3.585077541988656E-12, 1.4375735386144547E-12, 7.006954413919182E-13, 1.09676935070507E-12, 6.085518902514303E-13, 7.006644820452134E-13
240, Flight5, LOWRISK3, 0.9999999999823472, 4.5856270918806355E-12, 4.58505943743442E-12, 2.5540159306521075E-12, 1.4282806290171481E-12, 2.1161286380539806E-12, 1.2801511750745608E-12, 1.4282344215993838E-12
240, Flight5, LOWRISK4, 0.9999999999867006, 3.3491514897464276E-12, 3.3487890866671376E-12, 1.9700024207577873E-12, 1.1351696168321455E-12, 1.6607847787266036E-12, 1.0251846626872259E-12, 1.135134703756174E-12
240, Flight6, SELECTEE, 2.2136779079654495E-12, 0.5221361322374761, 0.4271691054342742, 1.333511368981942E-10, 0.03680692861114503, 8.978490915137689E-12, 7.723120810513274E-12, 0.013887833565163038
240, Flight6, UNKNOWN, 0.9999999999992686, 2.638454809393721E-13, 2.638200001548451E-13, 1.5158355383440679E-13, 8.613612167958077E-14, 1.2713696110578623E-13, 7.764932351453477E-14, 8.613382667332704E-14
240, Flight6, LOWRISK1, 0.9999999999973136, 7.432394644942262E-13, 7.431620334493649E-13, 4.3457833786953456E-13, 2.4952242058374917E-13, 3.65885555807793E-13, 2.2524057117049734E-13, 2.4951511028182925E-13
240, Flight6, LOWRISK2, 0.9999999999959636, 1.0747052385108574E-12, 1.0745913541209368E-12, 6.299352552663265E-13, 3.622214945095095E-13, 5.306478816742899E-13, 3.2703516182994127E-13, 3.6221069650503325E-13
240, Flight6, LOWRISK3, 0.9999999999765096, 5.851625850143157E-12, 5.850991509992311E-12, 3.4442763950125285E-12, 1.985501633589293E-12, 2.904096173796634E-12, 1.7932311209334469E-12, 1.9854398223350316E-12
240, Flight6, LOWRISK4, 0.9999999999685869, 7.796916902085995E-12, 7.79607572954052E-12, 4.5905131148279736E-12, 2.646698345405001E-12, 3.870825661020552E-12, 2.390469975171296E-12, 2.646615353264962E-12
240, Flight7, SELECTEE, 0.14131928555671677, 0.4612697487319315, 0.3974109656829197, 1.077671533054133E-11, 3.9556857387068125E-12, 6.809873415720607E-12, 3.259050802256557E-12, 3.955478684933931E-12
240, Flight7, UNKNOWN, 0.9999999999995104, 2.047982985560057E-13, 2.0477890582223131E-13, 1.164867931475844E-13, 6.58061604317466E-14, 9.748900767978172E-14, 5.927759722258273E-14, 6.580445516695392E-14
240, Flight7, LOWRISK1, 0.9999999999974881, 7.003459123553533E-13, 7.00273201518382E-13, 4.0929652771784574E-13, 2.3493733656886316E-13, 3.445629994138386E-13, 2.1206675946973934E-13, 2.349304755453138E-13
240, Flight7, LOWRISK2, 0.9999999999907766, 2.348225740603007E-12, 2.347972543550122E-12, 1.3803132055723087E-12, 7.950496197747396E-13, 1.1634817850982858E-12, 7.179797280501239E-13, 7.95025395568508E-13
240, Flight7, LOWRISK3, 0.9999999999897201, 2.6076925013270045E-12, 2.6074110544264756E-12, 1.5331827991965226E-12, 8.832233586191599E-13, 1.2924030484939908E-12, 7.976209567886279E-13, 8.831963751429554E-13
240, Flight7, LOWRISK4, 0.9999999999867011, 3.348948153256593E-12, 3.3485863969447643E-12, 1.9699191293617545E-12, 1.135134484688205E-12, 1.6607279177117029E-12, 1.02515756062944E-12, 1.1350996043262405E-12
240, Flight8, SELECTEE, 6.772322280270412E-13, 0.12505017917697153, 0.1116780745608641, 1.2121191246316834E-10, 0.4456511833943606, 6.853652785215208E-12, 7.312484928869343E-12, 0.3176205627320733
240, Flight8, UNKNOWN, 0.8333333333299461, 0.11953436067961687, 0.04713230598957605, 4.44421410325828E-13, 1.631302389907077E-13, 2.8090163516227907E-13, 1.344089221112467E-13, 1.631227370405273E-13
240, Flight8, LOWRISK1, 0.5209522393908514, 0.37254766928576283, 0.10650009132136284, 8.797967020349095E-13, 3.2294212184468674E-13, 5.56096132012799E-13, 2.660833888896672E-13, 3.229272957266238E-13
240, Flight8, LOWRISK2, 0.4999999999939054, 0.27659766919575524, 0.22340233079628632, 5.387906865082893E-12, 1.977705115698633E-12, 3.405066326696871E-12, 1.6294868670732796E-12, 1.977609489422646E-12
240, Flight8, LOWRISK3, 0.5000000000081504, 0.2544485010500466, 0.24555149882742242, 4.2969512201083126E-11, 1.5789793934404463E-11, 2.7147212926290373E-11, 1.300990488316687E-11, 1.578888467006066E-11
240, Flight8, LOWRISK4, 0.9999999999897163, 2.6089877790221634E-12, 2.608702582402107E-12, 1.5336693360995447E-12, 8.834317885920327E-13, 1.2927662357746289E-12, 7.977949818310976E-13, 8.834045305523608E-13
240, Flight9, SELECTEE, 1.2202113146892547E-12, 0.3720277431227372, 0.3207497802721467, 2.176787878491278E-10, 0.16885890481601923, 1.2312438327079965E-11, 1.30451543811272E-11, 0.13836357154516504
240, Flight9, UNKNOWN, 0.9999999999989428, 3.4355702397463607E-13, 3.4352321193996785E-13, 1.9876660036812918E-13, 1.1341364823540415E-13, 1.6696392174351387E-13, 1.0229376327014983E-13, 1.1341054130485424E-13
240, Flight9, LOWRISK1, 0.9999999999982608, 5.107782542416791E-13, 5.10726297995665E-13, 2.974964698633061E-13, 1.7041983115989575E-13, 2.5025990880692794E-13, 1.537894193552546E-13, 1.7041496722874328E-13
240, Flight9, LOWRISK2, 0.9999999999963235, 9.863389735322108E-13, 9.862346526238908E-13, 5.778501063954861E-13, 3.321735757730207E-13, 4.867194609477514E-13, 2.998943495759976E-13, 3.3216370674118114E-13
240, Flight9, LOWRISK3, 0.9999999999866992, 3.349676507850318E-12, 3.349312111305338E-12, 1.970196424986716E-12, 1.135254166429637E-12, 1.6609319758888958E-12, 1.0252553154849815E-12, 1.1352192093852411E-12
240, Flight9, LOWRISK4, 0.9999999999867007, 3.349053900444991E-12, 3.3486918124114737E-12, 1.969963533604281E-12, 1.1351532120843037E-12, 1.6607575396950406E-12, 1.0251717162320773E-12, 1.1351183167432289E-12
240, Flight10, SELECTEE, 2.2136779079654495E-12, 0.5221361322374761, 0.4271691054342742, 1.333511368981942E-10, 0.03680692861114503, 8.978490915137689E-12, 7.723120810513274E-12, 0.013887833565163038
240, Flight10, UNKNOWN, 0.9999999999994218, 2.263911037774161E-13, 2.2636947353780004E-13, 1.293445847379499E-13, 7.32602655462938E-14, 1.0835416635822891E-13, 6.601434062557889E-14, 7.325834410366919E-14
240, Flight10, LOWRISK1, 0.9999999999983031, 5.004629440847155E-13, 5.004121396319965E-13, 2.914087939615462E-13, 1.6690527870683444E-13, 2.4512419607242303E-13, 1.5061468605479405E-13, 1.6690052396123717E-13
240, Flight10, LOWRISK2, 0.9999999999952813, 1.2422524264970952E-12, 1.242120151591343E-12, 7.286635903621554E-13, 4.1917109287686663E-13, 6.139115165114408E-13, 3.7847389581425934E-13, 4.1915853521703075E-13
240, Flight10, LOWRISK3, 0.9999999999812655, 4.683820774166558E-12, 4.683313033805628E-12, 2.7562864820726892E-12, 1.5886803203230825E-12, 2.3238863458348516E-12, 1.4348086793980978E-12, 1.5886311283985048E-12
240, Flight10, LOWRISK4, 0.9999999999897201, 2.6076624451783012E-12, 2.607381103318997E-12, 1.533171137171491E-12, 8.832182123270282E-13, 1.2923946176575965E-12, 7.976169113077449E-13, 8.831912165544663E-13
240, Flight11, SELECTEE, 0.9999999999867165, 3.3484123666743343E-12, 3.348048935005115E-12, 1.969738995073383E-12, 1.1350829778301112E-12, 1.6606025548145895E-12, 1.0251152109254042E-12, 1.1350480321180345E-12
240, Flight11, UNKNOWN, 0.999999999999628, 1.7622920423727786E-13, 1.7621289700976253E-13, 9.938934494803627E-14, 5.5871554575323545E-14, 8.302834667805927E-14, 5.0296719902329227E-14, 5.587014469819956E-14
240, Flight11, LOWRISK1, 0.9999999999964948, 9.467512821949425E-13, 9.466515214824107E-13, 5.546875846530794E-13, 3.1886786714408414E-13, 4.672153588175255E-13, 2.878832067230529E-13, 3.1885840217088867E-13
240, Flight11, LOWRISK2, 0.999999999989736, 2.6069169862467897E-12, 2.6066358417037318E-12, 1.5329086454162435E-12, 8.831290702043828E-13, 1.2922096425506475E-12, 7.975450282120842E-13, 8.831020837812883E-13
240, Flight11, LOWRISK3, 0.9999999999812834, 4.682510595034191E-12, 4.6820046382415184E-12, 2.7557985989096387E-12, 1.5884954395360842E-12, 2.3235437049615837E-12, 1.4346619844048232E-12, 1.5884462613003636E-12
240, Flight11, LOWRISK4, 0.9999999999686046, 7.795644775025987E-12, 7.794804422029932E-12, 4.5900208503396275E-12, 2.6465133776914467E-12, 3.8704936042460215E-12, 2.3903284135797925E-12, 2.6464303922022987E-12
240, Flight12, SELECTEE, 2.2136779079654495E-12, 0.5221361322374761, 0.4271691054342742, 1.333511368981942E-10, 0.03680692861114503, 8.978490915137689E-12, 7.723120810513274E-12, 0.013887833565163038
240, Flight12, UNKNOWN, 0.9999999999993193, 2.5148627918272837E-13, 2.5146206813221155E-13, 1.4424819367151524E-13, 8.188973273972532E-14, 1.2094199756121915E-13, 7.38122212912052E-14, 8.188756129606977E-14
240, Flight12, LOWRISK1, 0.9999999999981712, 5.327942271401224E-13, 5.327398831172731E-13, 3.1048585519301797E-13, 1.7791706190105622E-13, 2.612171793105467E-13, 1.6056168780014435E-13, 1.779119661530759E-13
240, Flight12, LOWRISK2, 0.9999999999957577, 1.1252289901321797E-12, 1.125109560172724E-12, 6.597083818453725E-13, 3.7939608656985725E-13, 5.557576544899217E-13, 3.425478691522921E-13, 3.7938475801931097E-13
240, Flight12, LOWRISK3, 0.9999999999812655, 4.683820774166558E-12, 4.683313033805628E-12, 2.7562864820726892E-12, 1.5886803203230825E-12, 2.3238863458348516E-12, 1.4348086793980978E-12, 1.5886311283985048E-12
240, Flight12, LOWRISK4, 0.9999999999685869, 7.796916902085995E-12, 7.79607572954052E-12, 4.5905131148279736E-12, 2.646698345405001E-12, 3.870825661020552E-12, 2.390469975171296E-12, 2.646615353264962E-12
240, Flight13, SELECTEE, 0.14131928555671677, 0.4612697487319315, 0.3974109656829197, 1.077671533054133E-11, 3.9556857387068125E-12, 6.809873415720607E-12, 3.259050802256557E-12, 3.955478684933931E-12
240, Flight13, UNKNOWN, 0.9999999999985226, 4.465627183256998E-13, 4.4651780716030247E-13, 2.596072746480817E-13, 1.4854979531246803E-13, 2.1829778362239E-13, 1.3403429242251208E-13, 1.4854560849224826E-13
240, Flight13, LOWRISK1, 0.9999999999980207, 5.697820731428233E-13, 5.697236768360481E-13, 3.3230036099546365E-13, 1.905056808207259E-13, 2.7961768274334434E-13, 1.7193272987547896E-13, 1.9050019415733976E-13
240, Flight13, LOWRISK2, 0.9999999999907766, 2.348225740603007E-12, 2.347972543550122E-12, 1.3803132055723087E-12, 7.950496197747396E-13, 1.1634817850982858E-12, 7.179797280501239E-13, 7.95025395568508E-13
240, Flight13, LOWRISK3, 0.999999999952736, 1.1688921761018876E-11, 1.1687662140866104E-11, 6.883560025474063E-12, 3.9693764306541605E-12, 5.804728497053696E-12, 3.5851902015703342E-12, 3.969250526266952E-12
240, Flight13, LOWRISK4, 0.9999999999883994, 2.9319598678219257E-12, 2.931643359549067E-12, 1.7242420742823626E-12, 9.93428839685678E-13, 1.4535361516972553E-12, 8.971637919315506E-13, 9.9339840180945E-13
240, Flight14, SELECTEE, 8.716057649582011E-13, 0.3827538003650171, 0.31002372307573134, 1.5536982578128054E-10, 0.17822013226962952, 8.794925953712276E-12, 9.31586034704016E-12, 0.1290023441155946
240, Flight14, UNKNOWN, 0.9999999999995451, 1.9634305249722282E-13, 1.9632455549745608E-13, 1.114359081879647E-13, 6.287356386922101E-14, 9.321838633480446E-14, 5.662674770286859E-14, 6.287194518711933E-14
240, Flight14, LOWRISK1, 0.999999999998073, 5.568827222268576E-13, 5.568257061989781E-13, 3.2469230901639466E-13, 1.861154438232816E-13, 2.732003258043658E-13, 1.6796705272042208E-13, 1.861100936589566E-13
240, Flight14, LOWRISK2, 0.9999999999957578, 1.1253030575901572E-12, 1.1251834334719243E-12, 6.597348777153802E-13, 3.794071332091871E-13, 5.557778292544362E-13, 3.4255714957179446E-13, 3.7939580513518246E-13
240, Flight14, LOWRISK3, 0.9999999999844337, 3.905898001029343E-12, 3.905472494120038E-12, 2.2978566856998855E-12, 1.324235345675165E-12, 1.9372552827824002E-12, 1.1959470360555719E-12, 1.324194414336842E-12
240, Flight14, LOWRISK4, 0.9999999999051953, 2.336106440941206E-11, 2.3358558821758678E-11, 1.376128063902939E-11, 7.937096018322118E-12, 1.1605711995738268E-11, 7.169238795747736E-12, 7.936836877305996E-12
240, Flight15, SELECTEE, 1.5239510772375415E-12, 0.20972721083482743, 0.18987578197998775, 2.728789538924873E-10, 0.3247357637611283, 1.5405821304845498E-11, 1.641969123261463E-11, 0.27566124311815293
240, Flight15, UNKNOWN, 0.999999999998382, 4.810508180174744E-13, 4.810020844286019E-13, 2.799581608240441E-13, 1.6029739331455256E-13, 2.3546566956109576E-13, 1.4464590460624816E-13, 1.6029284415134278E-13
240, Flight15, LOWRISK1, 0.8126528792167852, 0.12643218711196882, 0.060914933669014674, 9.582326793822718E-13, 3.5153782294012675E-13, 6.051441112037253E-13, 2.896214682618513E-13, 3.5151780501381255E-13
240, Flight15, LOWRISK2, 0.7857142857061146, 0.11177173032319658, 0.10251398395823937, 4.786844880759006E-12, 1.7572981700559491E-12, 3.02511574248801E-12, 1.4479318721142665E-12, 1.7572124798623704E-12
240, Flight15, LOWRISK3, 0.7857142857226337, 0.10809202994491166, 0.10619368421859408, 4.274186878443372E-11, 1.5732054798622205E-11, 2.7013294394322595E-11, 1.2966838775793395E-11, 1.5731245401091137E-11
240, Flight15, LOWRISK4, 0.9999999999867002, 3.3493106594928515E-12, 3.3489477282861075E-12, 1.9700643319555556E-12, 1.135196123175115E-12, 1.6608295033365891E-12, 1.0252061343595806E-12, 1.135161177959664E-12
240, Flight16, SELECTEE, 6.773837387288596E-13, 0.22223031545000266, 0.17737267747679186, 1.206728241712144E-10, 0.34303200916729787, 6.855792069450957E-12, 7.310418669133579E-12, 0.2573649977707161
240, Flight16, UNKNOWN, 0.9999999999986436, 4.1688081931483375E-13, 4.1683909517063393E-13, 2.420803993095323E-13, 1.384293968326626E-13, 2.0351053817690926E-13, 1.2489203424723652E-13, 1.3842552361794035E-13
240, Flight16, LOWRISK1, 0.8126528792167959, 0.12492989053246367, 0.062417230248326704, 1.0266681917321556E-12, 3.7664183353443626E-13, 6.483500371971709E-13, 3.103033050161132E-13, 3.7662029826354906E-13
240, Flight16, LOWRISK2, 0.7857142857056572, 0.12024481038830191, 0.09404090390136481, 1.874048629069198E-12, 6.878889834343163E-13, 1.1844059576055112E-12, 5.667772889010227E-13, 6.878567191229916E-13
240, Flight16, LOWRISK3, 0.785714285716911, 0.11842046668221011, 0.09586524758843411, 4.785728408084582E-12, 1.756719657049774E-12, 3.023325055928004E-12, 1.44740308634659E-12, 1.7566230780288416E-12
240, Flight16, LOWRISK4, 0.9999999999685817, 7.798559870282237E-12, 7.797713350420733E-12, 4.591169384065444E-12, 2.6469794661051518E-12, 3.871288987561867E-12, 2.3906931234274864E-12, 2.646896165375475E-12
240, Flight17, SELECTEE, 0.14131928555728318, 0.45386158430613527, 0.404819130098568, 1.4367355919593015E-11, 5.273928563944603E-12, 9.07839832384104E-12, 4.34507686539868E-12, 5.273642537263214E-12
240, Flight17, UNKNOWN, 0.9999999999996235, 1.7727925187779793E-13, 1.772628291461379E-13, 1.0001943477111719E-13, 5.6238071651066004E-14, 8.356149308255023E-14, 5.0628085623811506E-14, 5.6236650917936396E-14
240, Flight17, LOWRISK1, 0.9999999999982611, 5.107657073585013E-13, 5.107137804925286E-13, 2.974917755505563E-13, 1.7041774621950759E-13, 2.502563636114149E-13, 1.537876923220021E-13, 1.7041288191345133E-13
240, Flight17, LOWRISK2, 0.9999999999963237, 9.862907297977407E-13, 9.861866047474366E-13, 5.778321439552683E-13, 3.321652911077183E-13, 4.86705539378804E-13, 2.998874059951041E-13, 3.3215542071198356E-13
240, Flight17, LOWRISK3, 0.9999999999765111, 5.851140338139453E-12, 5.8505077303849314E-12, 3.44408571741203E-12, 1.985419314075339E-12, 2.903959506053118E-12, 1.7931653561337192E-12, 1.9853575546357033E-12
240, Flight17, LOWRISK4, 0.9999999999052103, 2.335635599471953E-11, 2.3353864990492435E-11, 1.375926380452521E-11, 7.936237362269928E-12, 1.1604376268558401E-11, 7.1685935395865775E-12, 7.935979099210315E-12
240, Flight18, SELECTEE, 1.2191968924692917E-12, 0.21226769950128227, 0.18733529335398563, 2.1787014275283593E-10, 0.3287277038273662, 1.2330895263573773E-11, 1.314512510434189E-11, 0.27166930307312526
240, Flight18, UNKNOWN, 0.9999999999988196, 3.73729118953151E-13, 3.7369206451437965E-13, 2.16597167573705E-13, 1.2371390011695964E-13, 1.8201001104578385E-13, 1.115988461304044E-13, 1.2371047939985075E-13
240, Flight18, LOWRISK1, 0.8126528792167852, 0.12643218711196882, 0.060914933669014674, 9.582326793822718E-13, 3.5153782294012675E-13, 6.051441112037253E-13, 2.896214682618513E-13, 3.5151780501381255E-13
240, Flight18, LOWRISK2, 0.7857142857056704, 0.12346977844267555, 0.09081593584675038, 1.9594175812100863E-12, 7.19155846973943E-13, 1.2382160297618066E-12, 5.925321912759687E-13, 7.191201222312694E-13
240, Flight18, LOWRISK3, 0.7857142857226337, 0.10809202994491166, 0.10619368421859408, 4.274186878443372E-11, 1.5732054798622205E-11, 2.7013294394322595E-11, 1.2966838775793395E-11, 1.5731245401091137E-11
240, Flight18, LOWRISK4, 0.9999999999897196, 2.6078545431091055E-12, 2.607572589830411E-12, 1.533247311308799E-12, 8.832506431844921E-13, 1.2924484615612263E-12, 7.976426882400946E-13, 8.832236134989612E-13
240, Flight19, SELECTEE, 1.2186788383396006E-12, 0.12279478559253477, 0.11393346807337658, 2.1901693658277273E-10, 0.4204441677657618, 1.2320910523717292E-11, 1.3147371694591644E-11, 0.3428275783229477
240, Flight19, UNKNOWN, 0.8333333333299336, 0.12393061875865344, 0.04273604791076314, 3.6532874627588925E-13, 1.3409988978326955E-13, 2.309145792801178E-13, 1.1048985114939903E-13, 1.3409377239020942E-13
240, Flight19, LOWRISK1, 0.5209522393908634, 0.3590216793834657, 0.12002608122343913, 9.579939825659835E-13, 3.516467922762596E-13, 6.055240950139675E-13, 2.8973451902946245E-13, 3.5163079216524144E-13
240, Flight19, LOWRISK2, 0.49999999999337913, 0.3232485702290559, 0.1767514297724115, 2.0527978936163757E-12, 7.535051198092904E-13, 1.2974705633512614E-12, 6.208383100288487E-13, 7.534701752121872E-13
240, Flight19, LOWRISK3, 0.500000000004831, 0.25906097375207354, 0.24093902618597116, 2.1528829017005155E-11, 7.90420841812407E-12, 1.3599937076088841E-11, 6.512314260654229E-12, 7.90376034314602E-12
240, Flight19, LOWRISK4, 0.9999999999049435, 2.3442243929792336E-11, 2.343950447692202E-11, 1.3791496701045057E-11, 7.950082476990359E-12, 1.162829673327164E-11, 7.180073971623054E-12, 7.94980869266072E-12
240, Flight20, SELECTEE, 3.05046807790748E-12, 0.26806507124412277, 0.25369397575823155, 5.504234385577127E-10, 0.2495093304754544, 3.072754789221697E-11, 3.262367850377826E-11, 0.22873162190569096
240, Flight20, UNKNOWN, 0.9999999999995451, 1.963399996818438E-13, 1.9632150765107374E-13, 1.1143491531644632E-13, 6.287327224763128E-14, 9.321770380359069E-14, 5.6626512429592145E-14, 6.287165405120044E-14
240, Flight20, LOWRISK1, 0.9999999999981707, 5.329506488892487E-13, 5.328957640944634E-13, 3.105405236622312E-13, 1.7794138759362162E-13, 2.6126066801732883E-13, 1.6058275350951404E-13, 1.7793627017638493E-13
240, Flight20, LOWRISK2, 0.9999999999840681, 4.4020148512508244E-12, 4.401372095921903E-12, 2.227436218981794E-12, 1.1886150268509057E-12, 1.795514278743673E-12, 1.0533816432128595E-12, 1.1885793696882916E-12
240, Flight20, LOWRISK3, 0.9999999999460946, 1.3854000518813735E-11, 1.3852183900518981E-11, 7.698464601205077E-12, 4.2999556043905794E-12, 6.3732283542150795E-12, 3.852589900837697E-12, 4.299803073060669E-12
240, Flight20, LOWRISK4, 0.9999999999812658, 4.683696290284934E-12, 4.683189040580555E-12, 2.756242822861368E-12, 1.5886609078803846E-12, 2.3238517990252745E-12, 1.4347923305717813E-12, 1.5886116664952858E-12
240, Flight21, SELECTEE, 0.14131928555598844, 0.4852866844126463, 0.37339403001525584, 6.158631929903701E-12, 2.2605401710486956E-12, 3.892101632915955E-12, 1.862480301297196E-12, 2.2604289425867622E-12
240, Flight21, UNKNOWN, 0.9999999999995819, 1.8744001684889863E-13, 1.8742247021106434E-13, 1.0610927163094227E-13, 5.977877251865973E-14, 8.871341159414468E-14, 5.382908930676822E-14, 5.97772450078645E-14
240, Flight21, LOWRISK1, 0.9999999999975684, 6.80782268923231E-13, 6.807116995208755E-13, 3.9775448613508374E-13, 2.2827507359253956E-13, 3.348264907521241E-13, 2.060486875218724E-13, 2.282684183863012E-13
240, Flight21, LOWRISK2, 0.9999999999950031, 1.3104695781267735E-12, 1.3103299210562531E-12, 7.688702874162275E-13, 4.4236642409122115E-13, 6.478221460107947E-13, 3.994252715941645E-13, 4.423531483999475E-13
240, Flight21, LOWRISK3, 0.9999999999897201, 2.6076925013270045E-12, 2.6074110544264756E-12, 1.5331827991965226E-12, 8.832233586191599E-13, 1.2924030484939908E-12, 7.976209567886279E-13, 8.831963751429554E-13
240, Flight21, LOWRISK4, 0.999999999981267, 4.683326243603909E-12, 4.682820248463935E-12, 2.7560893131153406E-12, 1.5885953348366417E-12, 2.323747332060281E-12, 1.4347418983437494E-12, 1.5885461587651383E-12
240, Flight22, SELECTEE, 7.629184934906817E-13, 0.3884641753729325, 0.3043133480833713, 1.340659054998299E-10, 0.219335860892815, 7.695397834521616E-12, 8.15192711644487E-12, 0.08788661550053012
240, Flight22, UNKNOWN, 0.9999999999987493, 3.910336681824769E-13, 3.9099477313773236E-13, 2.2681525879400644E-13, 1.296136749599385E-13, 1.906307429957035E-13, 1.1692833482185937E-13, 1.2961007324828797E-13
240, Flight22, LOWRISK1, 0.9999999999971156, 7.918652784673763E-13, 7.917824317924417E-13, 4.632355944411259E-13, 2.6605426234168594E-13, 3.900546783477883E-13, 2.401726810331728E-13, 2.6604643959558466E-13
240, Flight22, LOWRISK2, 0.999999999992361, 1.9592773534288844E-12, 1.9590658318399166E-12, 1.1511009537562818E-12, 6.628286060575929E-13, 9.701696217003922E-13, 5.985510197249058E-13, 6.628084961027449E-13
240, Flight22, LOWRISK3, 0.999999999988398, 2.932521729001622E-12, 2.9322031887891806E-12, 1.724455770846446E-12, 9.935210077931286E-13, 1.4536934566235468E-12, 8.97239088039317E-13, 9.934905135498727E-13
240, Flight22, LOWRISK4, 0.9999999999685856, 7.797217266685247E-12, 7.796375095181849E-12, 4.590640002660853E-12, 2.646753002779253E-12, 3.870911098555756E-12, 2.3905116083538555E-12, 2.646669960382631E-12
240, Flight23, SELECTEE, 0.4619789283334546, 0.29893223908686023, 0.23908883256358193, 6.157197722353994E-12, 2.259698553244111E-12, 3.889897311373978E-12, 1.8617916407229635E-12, 2.2595746874960633E-12
240, Flight23, UNKNOWN, 0.9999999999993192, 2.514803307790724E-13, 2.5145611823137487E-13, 1.4424617346836905E-13, 8.188904569871111E-14, 1.2094056460225487E-13, 7.381166602248221E-14, 8.188687379616358E-14
240, Flight23, LOWRISK1, 0.9999999999982171, 5.215388943932332E-13, 5.214857857562689E-13, 3.0384685253128785E-13, 1.7408549484809425E-13, 2.556171149503912E-13, 1.5710075756876396E-13, 1.740805158324337E-13
240, Flight23, LOWRISK2, 0.9999999999907769, 2.3481996003974068E-12, 2.3479465180991633E-12, 1.3803016145039052E-12, 7.950440330120418E-13, 1.1634738753124274E-12, 7.179755291057833E-13, 7.950198005579269E-13
240, Flight23, LOWRISK3, 0.9999999999867013, 3.348971535397268E-12, 3.3486096781925004E-12, 1.969927545055931E-12, 1.135137691486186E-12, 1.6607339941596093E-12, 1.0251601224030185E-12, 1.135102815883552E-12
240, Flight23, LOWRISK4, 0.9999999999052148, 2.33548752465551E-11, 2.3352388539056503E-11, 1.3758591240683711E-11, 7.935953435789825E-12, 1.1603955830338577E-11, 7.168390445226163E-12, 7.935695400885946E-12
240, Flight24, SELECTEE, 2.030222289674115E-12, 0.12125615050374725, 0.11547210305260112, 3.682815221267071E-10, 0.40610380474808044, 2.048422532131299E-11, 2.1858465666131405E-11, 0.3571679412832415
240, Flight24, UNKNOWN, 0.8333333333299687, 0.11365547807127914, 0.05301118859750099, 5.905343182648742E-13, 2.1675801101236259E-13, 3.7324051884624863E-13, 1.7859450640439926E-13, 2.1674788669264873E-13
240, Flight24, LOWRISK1, 0.5209522393909244, 0.3315170639984405, 0.14753069660736465, 1.3471715191104513E-12, 4.944973418062976E-13, 8.514981819829489E-13, 4.0743375518688925E-13, 4.944746781017859E-13
240, Flight24, LOWRISK2, 0.49999999999381145, 0.27997550117939235, 0.22002449881434052, 4.7893651754595455E-12, 1.7580009708349846E-12, 3.0268573280692544E-12, 1.4484683229457018E-12, 1.7579166311714426E-12
240, Flight24, LOWRISK3, 0.5000000000023035, 0.2926095237438487, 0.20739047623979454, 5.3886289787701055E-12, 1.9776627511469468E-12, 3.4048580109734933E-12, 1.62942435778955E-12, 1.97756120440007E-12
240, Flight24, LOWRISK4, 0.9999999999764918, 5.857399254134626E-12, 5.85674843469338E-12, 3.4464377639394485E-12, 1.986429800216944E-12, 2.9057166331881417E-12, 1.7940091077348636E-12, 1.986366761274498E-12
240, Flight25, SELECTEE, 0.4619789283333338, 0.2996969827369869, 0.23832408891562842, 5.387982561643898E-12, 1.977345941358933E-12, 3.403973472800446E-12, 1.6291563623979993E-12, 1.9772385828973483E-12
240, Flight25, UNKNOWN, 0.9999999999996103, 1.8051773813988063E-13, 1.8050095113776258E-13, 1.019624168599404E-13, 5.736825454440438E-14, 8.520552475607507E-14, 5.164989270095754E-14, 5.736679934211229E-14
240, Flight25, LOWRISK1, 0.9999999999971158, 7.918347292727193E-13, 7.917519745441562E-13, 4.632238789083161E-13, 2.6604889542902107E-13, 3.9004586858834463E-13, 2.4016827584671154E-13, 2.6604107006772245E-13
240, Flight25, LOWRISK2, 0.9999999999963236, 9.862646025774446E-13, 9.861604920948306E-13, 5.778227586357385E-13, 3.321618690595792E-13, 4.86698891438761E-13, 2.9988467078774656E-13, 3.3215199622453543E-13
240, Flight25, LOWRISK3, 0.9999999999765119, 5.8508936681956075E-12, 5.850261827620828E-12, 3.4439829334826517E-12, 1.985375133353373E-12, 2.9038899264515392E-12, 1.7931317858900847E-12, 1.9853133754230896E-12
240, Flight25, LOWRISK4, 0.9999999999897206, 2.6076372034369334E-12, 2.6073559464324766E-12, 1.5331583939531467E-12, 8.832121945053104E-13, 1.292386849994356E-12, 7.97612697135981E-13, 8.831851982604671E-13
240, Flight26, SELECTEE, 1.2196772043042686E-12, 0.2794030014150127, 0.24235604583219042, 2.1714266069632167E-10, 0.2637952390017363, 1.2329248219715675E-11, 1.3124507685130424E-11, 0.21444571350756927
240, Flight26, UNKNOWN, 0.9999999999993651, 2.4032481267852004E-13, 2.4030175293745335E-13, 1.376205417803799E-13, 7.80523396014023E-14, 1.1534428572659645E-13, 7.034461686084485E-14, 7.805028018261995E-14
240, Flight26, LOWRISK1, 0.9999999999971146, 7.922059802688687E-13, 7.921219923162035E-13, 4.63354198493622E-13, 2.661064218847568E-13, 3.9014900283427433E-13, 2.402179119209029E-13, 2.660985514364087E-13
240, Flight26, LOWRISK2, 0.9999999999853043, 4.119425425954007E-12, 4.11879166370031E-12, 2.0394616273750965E-12, 1.077706166375437E-12, 1.6344481696837406E-12, 9.529170248706648E-13, 1.0776730274707832E-12
240, Flight26, LOWRISK3, 0.9999999999868774, 3.4275652432755788E-12, 3.4271397879715367E-12, 1.9111831633473356E-12, 1.0694108214443773E-12, 1.5841228469034237E-12, 9.586665370129793E-13, 1.069376122694085E-12
240, Flight26, LOWRISK4, 0.9999999999685841, 7.79771073811061E-12, 7.796866950762146E-12, 4.590838660351408E-12, 2.6468377661254615E-12, 3.8710500643377726E-12, 2.390578372968429E-12, 2.6467546311470793E-12
240, Flight27, SELECTEE, 7.621716362788064E-13, 0.2922144171078691, 0.22954463019936544, 1.3561111581977958E-10, 0.2692545210172394, 7.710925093287188E-12, 8.213633986253784E-12, 0.20898643152355312
240, Flight27, UNKNOWN, 0.9999999999987242, 3.971682847468643E-13, 3.9712872484737616E-13, 2.304407658247426E-13, 1.3170821238117208E-13, 1.9369013754307247E-13, 1.1882052126820268E-13, 1.317045468558453E-13
240, Flight27, LOWRISK1, 0.9999999999982166, 5.217015530417839E-13, 5.216479226300376E-13, 3.039038389947171E-13, 1.7411055354816482E-13, 2.5566207455688795E-13, 1.5712234579907156E-13, 1.7410555567137465E-13
240, Flight27, LOWRISK2, 0.9999999999853043, 4.119425425954007E-12, 4.11879166370031E-12, 2.0394616273750965E-12, 1.077706166375437E-12, 1.6344481696837406E-12, 9.529170248706648E-13, 1.0776730274707832E-12
240, Flight27, LOWRISK3, 0.9999999999868774, 3.4275652432755788E-12, 3.4271397879715367E-12, 1.9111831633473356E-12, 1.0694108214443773E-12, 1.5841228469034237E-12, 9.586665370129793E-13, 1.069376122694085E-12
240, Flight27, LOWRISK4, 0.9999999999812658, 4.683696290284934E-12, 4.683189040580555E-12, 2.756242822861368E-12, 1.5886609078803846E-12, 2.3238517990252745E-12, 1.4347923305717813E-12, 1.5886116664952858E-12
240, Flight28, SELECTEE, 6.0674717357857946E-12, 0.11940788707531474, 0.11732036588379723, 1.1898752640122117E-9, 0.389682231769098, 6.030549814032568E-11, 6.44259746322654E-11, 0.3735895139514406
240, Flight28, UNKNOWN, 0.8333333333299282, 0.12599986853174402, 0.04066679813776088, 3.3417644585358413E-13, 1.2266547172759164E-13, 2.112255503017636E-13, 1.010686406821856E-13, 1.226598928610007E-13
240, Flight28, LOWRISK1, 0.5209522393908514, 0.37254766928576283, 0.10650009132136284, 8.797967020349095E-13, 3.2294212184468674E-13, 5.56096132012799E-13, 2.660833888896672E-13, 3.229272957266238E-13
240, Flight28, LOWRISK2, 0.499999999993396, 0.31907537762982363, 0.1809246223713532, 2.1554274995517998E-12, 7.911774845307226E-13, 1.3623349678680192E-12, 6.518777801744418E-13, 7.911407733833166E-13
240, Flight28, LOWRISK3, 0.5000000000031498, 0.2624906339763579, 0.23750936599207068, 1.077347189182059E-11, 3.954327290273485E-12, 6.806624315475511E-12, 3.258000274467139E-12, 3.954114968157813E-12
240, Flight28, LOWRISK4, 0.999999999981254, 4.687559206636272E-12, 4.6870407460719235E-12, 2.7576869280366325E-12, 1.5892818804617501E-12, 2.3249362550184117E-12, 1.4353129317174747E-12, 1.5892318750714192E-12
240, Flight29, SELECTEE, 0.4619789283333338, 0.2996969827369869, 0.23832408891562842, 5.387982561643898E-12, 1.977345941358933E-12, 3.403973472800446E-12, 1.6291563623979993E-12, 1.9772385828973483E-12
240, Flight29, UNKNOWN, 0.9999999999991753, 2.866982489038014E-13, 2.86670402043039E-13, 1.651220121592299E-13, 9.396601258770347E-14, 1.3856652562293682E-13, 8.472373054862786E-14, 9.396348721493963E-14
240, Flight29, LOWRISK1, 0.999999999997715, 6.447682881983775E-13, 6.447016639256288E-13, 3.7652152809855816E-13, 2.1602395385266348E-13, 3.1691771742431667E-13, 1.9498278497380845E-13, 2.1601767558814427E-13
240, Flight29, LOWRISK2, 0.9999999999929715, 1.809346931282402E-12, 1.8091526854888428E-12, 1.0628176985649309E-12, 6.1191936307758E-13, 8.957243334258246E-13, 5.525713273500561E-13, 6.119008275397122E-13
240, Flight29, LOWRISK3, 0.9999999999685873, 7.79673210667238E-12, 7.795891449838714E-12, 4.590430952939153E-12, 2.646664292752699E-12, 3.870773655652404E-12, 2.3904450458367682E-12, 2.6465813725357613E-12
240, Flight29, LOWRISK4, 0.9999999999812673, 4.683272749643753E-12, 4.682766883256451E-12, 2.7560646870779777E-12, 1.5885846683661857E-12, 2.3237320004623614E-12, 1.4347343220932374E-12, 1.5885354907707229E-12
240, Flight30, SELECTEE, 0.1413192855584138, 0.4466156658007324, 0.4120650485836853, 2.1544505367295082E-11, 7.909771938812306E-12, 1.361304399177277E-11, 6.516566341335625E-12, 7.909321485191439E-12
240, Flight30, UNKNOWN, 0.999999999998997, 3.3033052676118053E-13, 3.3029811288697996E-13, 1.9094350858274096E-13, 1.0889249031656309E-13, 1.603614454378343E-13, 9.82092087117851E-14, 1.08889519370951E-13
240, Flight30, LOWRISK1, 0.999999999996482, 9.473855156004554E-13, 9.472857088307496E-13, 5.549058394191447E-13, 3.189405400926455E-13, 4.673703612137736E-13, 2.8794237860412866E-13, 3.1893108406054026E-13
240, Flight30, LOWRISK2, 0.9999999999883992, 2.9320412698440625E-12, 2.9317244459557715E-12, 1.7242744341466817E-12, 9.93442714249237E-13, 1.453558815064597E-12, 8.971745176441084E-13, 9.934122960749335E-13
240, Flight30, LOWRISK3, 0.999999999968586, 7.797175188496759E-12, 7.796333161560157E-12, 4.590615674443165E-12, 2.646743363238438E-12, 3.87089849376455E-12, 2.390505112600406E-12, 2.646660428517105E-12
240, Flight30, LOWRISK4, 0.9999999999897202, 2.607642380931285E-12, 2.6073611330705853E-12, 1.533161965544686E-12, 8.832141674255421E-13, 1.292388776936533E-12, 7.976139669363297E-13, 8.831871762820681E-13
240, Flight31, SELECTEE, 0.14131928555586704, 0.4935546103708001, 0.36512610405927765, 5.3888391551994116E-12, 1.9779914364360516E-12, 3.4056920955100416E-12, 1.6296927919986818E-12, 1.977895274013565E-12
240, Flight31, UNKNOWN, 0.9999999999989239, 3.4822790410079683E-13, 3.4819359402044374E-13, 2.0152651018774656E-13, 1.1500774304261168E-13, 1.6929274329588998E-13, 1.0373384343452139E-13, 1.1500458690593956E-13
240, Flight31, LOWRISK1, 0.9999999999979655, 5.833044185802739E-13, 5.83244540650075E-13, 3.402778864866997E-13, 1.9511018974484587E-13, 2.8634715557387584E-13, 1.7609197805965848E-13, 1.9510456054833427E-13
240, Flight31, LOWRISK2, 0.9999999999939467, 1.569887764589923E-12, 1.5697196859146998E-12, 9.217247675707968E-13, 5.305351050252522E-13, 7.767324687474804E-13, 4.790620093108894E-13, 5.305191003289659E-13
240, Flight31, LOWRISK3, 0.9999999999051968, 2.33604949317649E-11, 2.3357990284233893E-11, 1.37610145434214E-11, 7.936989925438345E-12, 1.1605550867445764E-11, 7.169161635620768E-12, 7.936731166648807E-12
240, Flight31, LOWRISK4, 0.9999999999685877, 7.79669209236333E-12, 7.795851688185603E-12, 4.590415266711463E-12, 2.6466568879598096E-12, 3.87076212813993E-12, 2.3904393284712235E-12, 2.646573935111635E-12
240, Flight32, SELECTEE, 7.618529828174251E-13, 0.12458108015014631, 0.11214717357649702, 1.364223243029317E-10, 0.43966780561789853, 7.70900969688082E-12, 8.22535497227767E-12, 0.3236039405026643
240, Flight32, UNKNOWN, 0.8333333333299399, 0.12149416969726694, 0.04517249697203288, 4.066871286838672E-13, 1.4928025758455673E-13, 2.5705359961154334E-13, 1.2299746740801935E-13, 1.4927341932515322E-13
240, Flight32, LOWRISK1, 0.5209522393909468, 0.32684561882464186, 0.15220214178076913, 1.4865362538664547E-12, 5.456499699777488E-13, 9.3957594933194E-13, 4.495798446929573E-13, 5.456248312789307E-13
240, Flight32, LOWRISK2, 0.4999999999934136, 0.31512535262499347, 0.1848746473758631, 2.268859991780511E-12, 8.328150494063492E-13, 1.43402612317193E-12, 6.861842725157389E-13, 8.32776373503824E-13
240, Flight32, LOWRISK3, 0.5000000000025858, 0.2648427387061631, 0.23515726127240735, 7.183793503157602E-12, 2.636665641638344E-12, 4.539160951210301E-12, 2.1723882201104098E-12, 2.6365314076971897E-12
240, Flight32, LOWRISK4, 0.9999999999844278, 3.9079029117526124E-12, 3.907472208910506E-12, 2.298608992779801E-12, 1.3245569882700133E-12, 1.9378181344871183E-12, 1.1962170065035755E-12, 1.3245155797522006E-12
240, Flight33, SELECTEE, 0.46197892833913334, 0.2749756312144759, 0.2630454403321361, 4.2908333361642405E-11, 1.577661379668034E-11, 2.711799785466327E-11, 1.3000768980525244E-11, 1.5775695269155303E-11
240, Flight33, UNKNOWN, 0.9999999999990469, 3.18134942668542E-13, 3.1810381347764015E-13, 1.837298446075851E-13, 1.0472356399291077E-13, 1.5427328367293683E-13, 9.444286720890059E-14, 1.0472071831354852E-13
