TimeWindow, Flight, RiskCategory, O113, O114, O115, O116, O117, O118, O119, O120
240, Flight1, SELECTEE, 0.1413194019295946, 0.44675829381428417, 0.41192227368357726, 1.2309362616378152E-8, 4.400272795676718E-9, 6.250218696968586E-9, 3.267856546334321E-9, 4.400257393713695E-9
240, Flight1, UNKNOWN, 0.9999999995865954, 1.1539256198396481E-10, 1.1540466706020272E-10, 6.981610567554745E-11, 4.0144063584580994E-11, 5.369356612258861E-11, 3.423298573325215E-11, 4.014448419847922E-11
240, Flight1, LOWRISK1, 0.9999999983849972, 4.147488044319563E-10, 4.1475921206130267E-10, 2.472069358396666E-10, 1.4157889809547144E-10, 1.8984967577210747E-10, 1.2070394983976087E-10, 1.4157910237819654E-10
240, Flight1, LOWRISK2, 0.9999999948827738, 1.2840119672353294E-9, 1.2840163025165811E-9, 7.653781733694318E-10, 4.3858506943478676E-10, 5.880859464095087E-10, 3.7398794752400853E-10, 4.385846839901181E-10
240, Flight1, LOWRISK3, 0.9999999914377418, 2.1388818281327527E-9, 2.138881360966911E-9, 1.2751586503653352E-9, 7.308255362198952E-10, 9.798975386947536E-10, 6.232125771463513E-10, 7.308246317905866E-10
240, Flight1, LOWRISK4, 0.9999999897153219, 2.5662819829454397E-9, 2.5662792520237442E-9, 1.5300387544879292E-9, 8.76942200109106E-10, 1.1757965369535049E-9, 7.478221459336659E-10, 8.769410430716276E-10
240, Flight2, SELECTEE, 0.4619791008113926, 0.3001691527411698, 0.23785173775225582, 3.5168110277779007E-9, 1.257178516840678E-9, 1.7857788805782137E-9, 9.336628224111215E-10, 1.2571742548856724E-9
240, Flight2, UNKNOWN, 0.9999999996163306, 1.0784429201331654E-10, 1.0785739899203634E-10, 6.548045975355863E-11, 3.769087936121904E-11, 5.038436655279188E-11, 3.2144595705607766E-11, 3.7691315628540275E-11
240, Flight2, LOWRISK1, 0.9999999986169791, 3.571266415898002E-10, 3.5713727225127663E-10, 2.128982757179615E-10, 1.2192437771869248E-10, 1.6348959078723842E-10, 1.0394425625985257E-10, 1.21924620897841E-10
240, Flight2, LOWRISK2, 0.9999999973311193, 6.763960790418081E-10, 6.764045671815586E-10, 4.031089926299235E-10, 2.3092257397184444E-10, 3.096565293313769E-10, 1.9689331737141265E-10, 2.3092258865951023E-10
240, Flight2, LOWRISK3, 0.9999999914377486, 2.138880573273205E-9, 2.1388799433147494E-9, 1.2751567455489978E-9, 7.308248402930988E-10, 9.798970066064057E-10, 6.232122370162985E-10, 7.308239312980881E-10
240, Flight2, LOWRISK4, 0.9999999943085761, 1.426501089343605E-9, 1.4265043577005402E-9, 8.503431233869459E-10, 4.872922585405113E-10, 6.533895573690828E-10, 4.155259130645791E-10, 4.872917787340683E-10
240, Flight3, SELECTEE, 1.1205185689479195E-9, 0.2735378090782344, 0.24822121415272813, 2.483761097332524E-7, 0.2527060115647865, 7.785634745170706E-9, 8.041251837759028E-9, 0.2255346999361601
240, Flight3, UNKNOWN, 0.9999999996763153, 9.248191199205275E-11, 9.249792373088288E-11, 5.679037414759118E-11, 3.2795433418541725E-11, 4.376765229289628E-11, 2.7979180941151462E-11, 3.279591235469465E-11
240, Flight3, LOWRISK1, 0.9999999983293107, 4.2858199422574657E-10, 4.285924821667289E-10, 2.5544195093003406E-10, 1.4629646864213778E-10, 1.9617677142113726E-10, 1.2472667983904868E-10, 1.46296663575168E-10
240, Flight3, LOWRISK2, 0.9999999940331337, 2.026556279099205E-9, 2.02655764516356E-9, 6.805550973949471E-10, 3.0854745833486143E-10, 4.2806834973330724E-10, 2.4345862348095325E-10, 3.085469732498478E-10
240, Flight3, LOWRISK3, 0.9999999935829428, 1.6656019450956227E-9, 1.6656024683452911E-9, 9.430798081874368E-10, 5.245412091611915E-10, 7.06802818336738E-10, 4.4231228848777504E-10, 5.245405292797792E-10
240, Flight3, LOWRISK4, 0.9999999943085673, 1.426502776563351E-9, 1.4265061537350843E-9, 8.503450624930725E-10, 4.872930340141267E-10, 6.533902775153505E-10, 4.1552634898696006E-10, 4.872925570405384E-10
240, Flight4, SELECTEE, 3.734496548897329E-10, 0.22347946386667134, 0.17612360129007223, 8.268408244533817E-8, 0.34426461671920805, 2.595724451618918E-9, 2.681917620772761E-9, 0.25613222984429795
240, Flight4, UNKNOWN, 0.9999999991636581, 2.2118968182073716E-10, 2.212002640952193E-10, 1.3209774534535106E-10, 7.566932813676296E-11, 1.0143281599927164E-10, 6.450638758515966E-11, 7.566966610528168E-11
240, Flight4, LOWRISK1, 0.8126529476040332, 0.11497695270007079, 0.07237009783712343, 7.693036698843681E-10, 2.7500760807640355E-10, 3.906398669766369E-10, 2.0423873385484458E-10, 2.750066756785571E-10
240, Flight4, LOWRISK2, 0.7857142811249419, 0.11482230631577109, 0.0994634064894176, 2.461698326110324E-9, 8.800098476092664E-10, 1.2500228992958458E-9, 6.535553252218532E-10, 8.800069143251928E-10
240, Flight4, LOWRISK3, 0.785714287103434, 0.12995537872294952, 0.08433032657250994, 3.0770771345384035E-9, 1.1000029745064123E-9, 1.5625124607441296E-9, 8.169384315722581E-10, 1.099999328758799E-9
240, Flight4, LOWRISK4, 0.9999999943085578, 1.4265058914006864E-9, 1.426509257458903E-9, 8.503463851606855E-10, 4.872936158355231E-10, 6.533911392339798E-10, 4.155267852643388E-10, 4.872931380116679E-10
240, Flight5, SELECTEE, 4.20098664505353E-10, 0.2954712366997286, 0.2262878973272656, 9.301045651050604E-8, 0.26734853745009723, 2.920396987967758E-9, 3.01778167661072E-9, 0.21089222920959846
240, Flight5, UNKNOWN, 0.9999999996942598, 8.783764822743285E-11, 8.785476642661456E-11, 5.421167295686529E-11, 3.134995923500026E-11, 4.180970554697724E-11, 2.674990184122024E-11, 3.1350453802260585E-11
240, Flight5, LOWRISK1, 0.9999999989300148, 2.793241465192584E-10, 2.793350500020951E-10, 1.6661837815702206E-10, 9.542258360737429E-11, 1.2793896574193351E-10, 8.134715346155779E-11, 9.542288439208849E-11
240, Flight5, LOWRISK2, 0.9999999937001951, 1.9643231080048632E-9, 1.9642858239164608E-9, 8.04812901294042E-10, 3.879753658517566E-10, 5.340750306450954E-10, 3.1178263784791485E-10, 3.8797415739620503E-10
240, Flight5, LOWRISK3, 0.9999999902980016, 2.5147793164232253E-9, 2.514778925658017E-9, 1.4206880208174046E-9, 7.892015515002829E-10, 1.063608731907899E-9, 6.651652529374042E-10, 7.892005621445178E-10
240, Flight5, LOWRISK4, 0.9999999926680644, 1.8335879347130902E-9, 1.8335889782494102E-9, 1.0930987935752955E-9, 6.264556064165262E-10, 8.39968108984986E-10, 5.342051147988322E-10, 6.264548804193498E-10
240, Flight6, SELECTEE, 5.769109264141804E-10, 0.5279395951351077, 0.4213657772520106, 1.3340409511380954E-7, 0.030439062039977094, 3.8882296196554535E-9, 4.023844466950086E-9, 0.02025542373524851
240, Flight6, UNKNOWN, 0.9999999995088283, 1.3499871903609944E-10, 1.3500933796807778E-10, 8.120930011646068E-11, 4.6614101464879114E-11, 6.24062712729549E-11, 3.9743342954930975E-11, 4.6614493498961656E-11
240, Flight6, LOWRISK1, 0.9999999984371861, 4.017863394122684E-10, 4.0179685366832167E-10, 2.394884676982617E-10, 1.3715691284236638E-10, 1.8391908915803235E-10, 1.1693319093706008E-10, 1.3715712741263088E-10
240, Flight6, LOWRISK2, 0.9999999977022412, 5.842730498326689E-10, 5.842823398251286E-10, 3.48203094222621E-10, 1.9945352747928992E-10, 2.674600867426571E-10, 1.7005701303863666E-10, 1.994536094225227E-10
240, Flight6, LOWRISK3, 0.9999999871316353, 3.2073949393704123E-9, 3.207389584152605E-9, 1.912371226832162E-9, 1.0961223973454247E-9, 1.4696499956340483E-9, 9.347396024254192E-10, 1.0961208800236929E-9
240, Flight6, LOWRISK4, 0.999999982825721, 4.275845313356625E-9, 4.275834778212313E-9, 2.5495587249530125E-9, 1.4614094761252809E-9, 1.9593877447544597E-9, 1.2462597733943191E-9, 1.4614073467917626E-9
240, Flight7, SELECTEE, 0.14131940107465038, 0.463280953227658, 0.3953996304391659, 6.154647414947266E-9, 2.2001169480774068E-9, 3.1251457702431717E-9, 1.6339303007240612E-9, 2.2001093368390043E-9
240, Flight7, UNKNOWN, 0.99999999964645, 1.001574975967232E-10, 1.0017191129566082E-10, 6.110563254514082E-11, 3.522221506161234E-11, 4.7050198740225855E-11, 3.00436838889155E-11, 3.522267069796468E-11
240, Flight7, LOWRISK1, 0.9999999985323583, 3.7814751280831494E-10, 3.78158089281331E-10, 2.2541256080980525E-10, 1.290929900131381E-10, 1.7310418548926734E-10, 1.1005695615049078E-10, 1.290932195979213E-10
240, Flight7, LOWRISK2, 0.9999999948827738, 1.2840119672353294E-9, 1.2840163025165811E-9, 7.653781733694318E-10, 4.3858506943478676E-10, 5.880859464095087E-10, 3.7398794752400853E-10, 4.385846839901181E-10
240, Flight7, LOWRISK3, 0.9999999943085736, 1.4265008996573825E-9, 1.4265043309297068E-9, 8.503442417385805E-10, 4.872926772920776E-10, 6.533897719459785E-10, 4.155260926517773E-10, 4.872922018874782E-10
240, Flight7, LOWRISK4, 0.9999999926680825, 1.833582680851303E-9, 1.8335836789845329E-9, 1.0930959521291098E-9, 6.264544114540462E-10, 8.399665955362408E-10, 5.34204316941755E-10, 6.264536851066024E-10
240, Flight8, SELECTEE, 3.7345227916260315E-10, 0.12580276656000322, 0.11092553026517363, 8.27100150222671E-8, 0.44726339337182386, 2.5956360472418385E-9, 2.6817963754966426E-9, 0.31600822149752344
240, Flight8, UNKNOWN, 0.8333333321146209, 0.11959246521130346, 0.047074202098002844, 2.53795684088436E-10, 9.072513195393854E-11, 1.2887259046006687E-10, 6.73783334505227E-11, 9.072482323111834E-11
240, Flight8, LOWRISK1, 0.5209522925670234, 0.37020512241785064, 0.10884258382044183, 5.024133048230772E-10, 1.7959904972094203E-10, 2.551155803093882E-10, 1.3338178180959472E-10, 1.7959843797872486E-10
240, Flight8, LOWRISK2, 0.4999999965913926, 0.27912957799159294, 0.22087041781563654, 3.077221749791737E-9, 1.100033326107966E-9, 1.5625609453648406E-9, 8.169563942433409E-10, 1.1000296048257976E-9
240, Flight8, LOWRISK3, 0.5000000041633846, 0.2547511349455901, 0.24524879970018884, 2.4613479349932925E-8, 8.799424882307948E-9, 1.2498848373433508E-8, 6.535110716690331E-9, 8.799397210313135E-9
240, Flight8, LOWRISK4, 0.9999999943084698, 1.4265339427722642E-9, 1.4265369996036219E-9, 8.503573709240299E-10, 4.87298488389236E-10, 6.533986622412381E-10, 4.155305751618984E-10, 4.872980000101837E-10
240, Flight9, SELECTEE, 6.723973045244583E-10, 0.376934133982795, 0.31584346690198173, 1.4892027466295773E-7, 0.16576192972596027, 4.6710666594444495E-9, 4.823180739975976E-9, 0.14146031035776738
240, Flight9, UNKNOWN, 0.9999999993281218, 1.802034109129899E-10, 1.8021354977864345E-10, 1.078206507493104E-10, 6.179194225483372E-11, 8.28029139330702E-11, 5.267708885881012E-11, 6.179230125601336E-11
240, Flight9, LOWRISK1, 0.9999999989540281, 2.7335097635080646E-10, 2.7336179375896775E-10, 1.6306991803664493E-10, 9.339162295277416E-11, 1.2521404765121103E-10, 7.961558661719695E-11, 9.339192721800082E-11
240, Flight9, LOWRISK2, 0.9999999978981499, 5.356378410462059E-10, 5.356476314539482E-10, 3.1922101271171085E-10, 1.828437489109012E-10, 2.451874785823472E-10, 1.5589260704191032E-10, 1.828438678691336E-10
240, Flight9, LOWRISK3, 0.9999999926680112, 1.8336034116965851E-9, 1.8336048107700585E-9, 1.093106913988647E-9, 6.264590270861765E-10, 8.399726393366337E-10, 5.342075248470613E-10, 6.264583069741234E-10
240, Flight9, LOWRISK4, 0.9999999926680739, 1.8335850404962754E-9, 1.8335860849892211E-9, 1.0930975017279752E-9, 6.264550442024588E-10, 8.399673162274792E-10, 5.342047094490555E-10, 6.264543187852886E-10
240, Flight10, SELECTEE, 5.769109264141804E-10, 0.5279395951351077, 0.4213657772520106, 1.3340409511380954E-7, 0.030439062039977094, 3.8882296196554535E-9, 4.023844466950086E-9, 0.02025542373524851
240, Flight10, UNKNOWN, 0.9999999995954473, 1.1314972451445007E-10, 1.1316209196009966E-10, 6.852375441660528E-11, 3.941210817372235E-11, 5.2706664067852706E-11, 3.360980123350925E-11, 3.941253325895177E-11
240, Flight10, LOWRISK1, 0.9999999989770363, 2.676288407095734E-10, 2.676396096682082E-10, 1.5966957829998825E-10, 9.144534258130144E-11, 1.2260271564276994E-10, 7.795619817405144E-11, 9.144565007234284E-11
240, Flight10, LOWRISK2, 0.9999999973311177, 6.763960936460759E-10, 6.764047014761514E-10, 4.0310946419672295E-10, 2.3092279176512643E-10, 3.096567505415158E-10, 1.96893458134591E-10, 2.3092280884364387E-10
240, Flight10, LOWRISK3, 0.9999999897152734, 2.566295994510976E-9, 2.5662935637810715E-9, 1.5300466023526219E-9, 8.769454230859338E-10, 1.175800508703488E-9, 7.478242602404615E-10, 8.769442717354193E-10
240, Flight10, LOWRISK4, 0.9999999943085748, 1.4265008022483938E-9, 1.426504141469335E-9, 8.503437570133599E-10, 4.872924888123508E-10, 6.533896339208737E-10, 4.1552599634268795E-10, 4.872920111116163E-10
240, Flight11, SELECTEE, 0.9999999926707168, 1.8334878152975002E-9, 1.8334886772731275E-9, 1.093061262049574E-9, 6.264437567817557E-10, 8.399470950932177E-10, 5.341967725438626E-10, 6.264430225469445E-10
240, Flight11, UNKNOWN, 0.9999999997161247, 8.213812842529383E-11, 8.215671427679275E-11, 5.108764048153887E-11, 2.96042444134428E-11, 3.9442001817986416E-11, 2.5265717269828186E-11, 2.960475930152426E-11
240, Flight11, LOWRISK1, 0.999999997986362, 5.141924008835633E-10, 5.14201669930567E-10, 3.0644604627112154E-10, 1.7552771998632127E-10, 2.353755359593644E-10, 1.4965504326051561E-10, 1.755278356725579E-10
240, Flight11, LOWRISK2, 0.999999994311161, 1.4263968537784312E-9, 1.4263999913056476E-9, 8.50304577081393E-10, 4.872795934989612E-10, 6.533672455638622E-10, 4.155168209800143E-10, 4.872791098490807E-10
240, Flight11, LOWRISK3, 0.9999999897180684, 2.566161568047268E-9, 2.566158848088234E-9, 1.5299955369599384E-9, 8.769277930583913E-10, 1.1757708755388553E-9, 7.478116646213692E-10, 8.769266375236759E-10
240, Flight11, LOWRISK4, 0.9999999828285335, 4.27570512069427E-9, 4.27569482207395E-9, 2.5495088604910497E-9, 1.4613919622317777E-9, 1.9593572113146956E-9, 1.246246932711242E-9, 1.461389845651052E-9
240, Flight12, SELECTEE, 5.769109264141804E-10, 0.5279395951351077, 0.4213657772520106, 1.3340409511380954E-7, 0.030439062039977094, 3.8882296196554535E-9, 4.023844466950086E-9, 0.02025542373524851
240, Flight12, UNKNOWN, 0.9999999995372546, 1.2784976188111546E-10, 1.2786076914739305E-10, 7.70377740818928E-11, 4.424198531790669E-11, 5.921395242236986E-11, 3.772274196562131E-11, 4.424238612471005E-11
240, Flight12, LOWRISK1, 0.9999999989049589, 2.8555314865176843E-10, 2.855639526768243E-10, 1.7032214166092737E-10, 9.754308988003564E-11, 1.30783877713777E-10, 8.315519117329687E-11, 9.754338502000335E-11
240, Flight12, LOWRISK2, 0.9999999975903051, 6.120598481584029E-10, 6.120689324053023E-10, 3.647632032669587E-10, 2.0894457442199758E-10, 2.801866871811278E-10, 1.78150778141217E-10, 2.0894463663029875E-10
240, Flight12, LOWRISK3, 0.9999999897152734, 2.566295994510976E-9, 2.5662935637810715E-9, 1.5300466023526219E-9, 8.769454230859338E-10, 1.175800508703488E-9, 7.478242602404615E-10, 8.769442717354193E-10
240, Flight12, LOWRISK4, 0.999999982825721, 4.275845313356625E-9, 4.275834778212313E-9, 2.5495587249530125E-9, 1.4614094761252809E-9, 1.9593877447544597E-9, 1.2462597733943191E-9, 1.4614073467917626E-9
240, Flight13, SELECTEE, 0.14131940107465038, 0.463280953227658, 0.3953996304391659, 6.154647414947266E-9, 2.2001169480774068E-9, 3.1251457702431717E-9, 1.6339303007240612E-9, 2.2001093368390043E-9
240, Flight13, UNKNOWN, 0.9999999990972643, 2.377168793808224E-10, 2.377274820096302E-10, 1.4190489058337821E-10, 8.127954433823804E-11, 1.089618532349545E-10, 6.928919550111268E-11, 8.127987060799566E-11
240, Flight13, LOWRISK1, 0.9999999988226316, 3.06020753041043E-10, 3.060315344593136E-10, 1.824916870120576E-10, 1.0451057687820611E-10, 1.4013113182545255E-10, 8.909592971079009E-11, 1.0451085705472859E-10
240, Flight13, LOWRISK2, 0.9999999948827738, 1.2840119672353294E-9, 1.2840163025165811E-9, 7.653781733694318E-10, 4.3858506943478676E-10, 5.880859464095087E-10, 3.7398794752400853E-10, 4.385846839901181E-10
240, Flight13, LOWRISK3, 0.9999999742137686, 6.412774409380069E-9, 6.412754762988458E-9, 3.823959379762555E-9, 2.1919946342464017E-9, 2.9388735743990435E-9, 1.8693069694073644E-9, 2.191991317549366E-9
240, Flight13, LOWRISK4, 0.9999999935908506, 1.604602628438282E-9, 1.6046049104318883E-9, 9.565486213747467E-10, 5.481760620158339E-10, 7.350176390655226E-10, 4.674479637166788E-10, 5.481754744903232E-10
240, Flight14, SELECTEE, 4.802717035395308E-10, 0.389948757594416, 0.3028288736564177, 1.0634136284418808E-7, 0.17053455284617575, 3.336583847338964E-9, 3.4454198329615566E-9, 0.13668770235477615
240, Flight14, UNKNOWN, 0.999999999666783, 9.493822441514655E-11, 9.495369668619889E-11, 5.816489950114177E-11, 3.356747575930995E-11, 4.4812498361493327E-11, 2.863588579741916E-11, 3.3567946791263665E-11
240, Flight14, LOWRISK1, 0.9999999988513459, 2.9888244065862945E-10, 2.988932864015586E-10, 1.7824714533519988E-10, 1.0208027885914434E-10, 1.3687081325065696E-10, 8.702373379707346E-11, 1.0208056539774762E-10
240, Flight14, LOWRISK2, 0.999999997590299, 6.120614759270372E-10, 6.120707215011128E-10, 3.6476425798287023E-10, 2.0894503967982555E-10, 2.8018736417531793E-10, 1.7815112997241763E-10, 2.0894510427123467E-10
240, Flight14, LOWRISK3, 0.9999999914376542, 2.1389080472177997E-9, 2.138907893901932E-9, 1.2751715055029482E-9, 7.308309618633129E-10, 9.799048566432054E-10, 6.232164204829337E-10, 7.308300608960271E-10
240, Flight14, LOWRISK4, 0.9999999483780831, 1.2823506711304475E-8, 1.282345533169712E-8, 7.647119778120928E-9, 4.383744683758551E-9, 5.8773252963691575E-9, 3.738451463476416E-9, 4.38373766560946E-9
240, Flight15, SELECTEE, 8.402132127585256E-10, 0.21064849329010912, 0.1889544980523491, 1.861868634725544E-7, 0.3232469415968599, 5.84035638406203E-9, 6.034816802454615E-9, 0.27714986821385584
240, Flight15, UNKNOWN, 0.9999999990202991, 2.568671917820143E-10, 2.5687802590777674E-10, 1.532765238543933E-10, 8.778636159925735E-11, 1.1769326502398762E-10, 7.483658605147269E-11, 8.778667819419519E-11
240, Flight15, LOWRISK1, 0.8126529475731782, 0.12101243728183664, 0.0663346138391944, 5.470647119958139E-10, 1.9556183766055282E-10, 2.777898723183243E-10, 1.452369717845829E-10, 1.9556117297869655E-10
240, Flight15, LOWRISK2, 0.7857142811629039, 0.11453159026392092, 0.09975412182274997, 2.735203188966537E-9, 9.777852246992164E-10, 1.3889083072266826E-9, 7.261704539433698E-10, 9.777819741005107E-10
240, Flight15, LOWRISK3, 0.7857142900851726, 0.10815844155712682, 0.10612720718097214, 2.460702110682691E-8, 8.797599466664395E-9, 1.2495971779606139E-8, 6.5339825119718795E-9, 8.797577276894149E-9
240, Flight15, LOWRISK4, 0.9999999926680482, 1.8335929287222461E-9, 1.8335939554699221E-9, 1.093100912441918E-9, 6.264565342824748E-10, 8.399694607733084E-10, 5.342058034763718E-10, 6.264558069939573E-10
240, Flight16, SELECTEE, 3.734496548897329E-10, 0.22347946386667134, 0.17612360129007223, 8.268408244533817E-8, 0.34426461671920805, 2.595724451618918E-9, 2.681917620772761E-9, 0.25613222984429795
240, Flight16, UNKNOWN, 0.9999999991636581, 2.2118968182073716E-10, 2.212002640952193E-10, 1.3209774534535106E-10, 7.566932813676296E-11, 1.0143281599927164E-10, 6.450638758515966E-11, 7.566966610528168E-11
240, Flight16, LOWRISK1, 0.8126529475786035, 0.11972257558284528, 0.06762447543553252, 5.861399697962486E-10, 2.095303808645587E-10, 2.9763172941630004E-10, 1.5561094329615276E-10, 2.095296690497135E-10
240, Flight16, LOWRISK2, 0.7857142809317966, 0.12319196449011319, 0.0910937519702783, 1.070338213596211E-9, 3.82619923953755E-10, 5.435001622164056E-10, 2.8415870092165123E-10, 3.8261863013201173E-10
240, Flight16, LOWRISK3, 0.7857142870559853, 0.11460576995006984, 0.09967993624352256, 2.7352018084188747E-9, 9.777848943932402E-10, 1.3889074954542084E-9, 7.261701663230167E-10, 9.777816344176668E-10
240, Flight16, LOWRISK4, 0.9999999828255559, 4.275896388597318E-9, 4.2758858405478896E-9, 2.549581838849494E-9, 1.4614192512902993E-9, 1.959401011756357E-9, 1.2462666183684002E-9, 1.46141711481708E-9
240, Flight17, SELECTEE, 0.1413194013596093, 0.4550265349448798, 0.40365404333231775, 8.20621297238281E-9, 2.933498117457899E-9, 4.166845082868401E-9, 2.178572930160733E-9, 2.9334879278032325E-9
240, Flight17, UNKNOWN, 0.9999999997135046, 8.282428076471883E-11, 8.284267986639E-11, 5.1460529687148006E-11, 2.9812178757955304E-11, 3.972428036434263E-11, 2.5442466595312823E-11, 2.981269125006053E-11
240, Flight17, LOWRISK1, 0.9999999989540289, 2.7335094738395455E-10, 2.733617122787874E-10, 1.6306970148127613E-10, 9.339152057887561E-11, 1.252139160641599E-10, 7.961551129329695E-11, 9.33918237715217E-11
240, Flight17, LOWRISK2, 0.9999999978981574, 5.35635845147855E-10, 5.356454378008691E-10, 3.1921978964338104E-10, 1.828432139113658E-10, 2.4518667501919E-10, 1.558921983753176E-10, 1.828433298820435E-10
240, Flight17, LOWRISK3, 0.9999999871316866, 3.207379497851364E-9, 3.2073739990323826E-9, 1.912363711140905E-9, 1.0961192514166286E-9, 1.4696458422036218E-9, 9.347374346845688E-10, 1.0961177327342626E-9
240, Flight17, LOWRISK4, 0.999999948378586, 1.282335225884464E-8, 1.2823301054814056E-8, 7.647045975407512E-9, 4.38371404303777E-9, 5.877286212071601E-9, 3.73843128190142E-9, 4.38370704680156E-9
240, Flight18, SELECTEE, 6.721423041031115E-10, 0.21326074521438068, 0.1863422727251439, 1.488899854433943E-7, 0.32784949470322344, 4.672563153731204E-9, 4.828617236770243E-9, 0.2725473283493678
240, Flight18, UNKNOWN, 0.9999999992603155, 1.971118031902486E-10, 1.9712215018769165E-10, 1.1782616431147455E-10, 6.750913578977158E-11, 9.04793631255897E-11, 5.755022404000029E-11, 6.750948690087311E-11
240, Flight18, LOWRISK1, 0.8126529475731782, 0.12101243728183664, 0.0663346138391944, 5.470647119958139E-10, 1.9556183766055282E-10, 2.777898723183243E-10, 1.452369717845829E-10, 1.9556117297869655E-10
240, Flight18, LOWRISK2, 0.7857142809385509, 0.12227748165222545, 0.09200823468035811, 1.1189886838552413E-9, 4.0001148688332264E-10, 5.682042827783078E-10, 2.970748533618233E-10, 4.000101349427194E-10
240, Flight18, LOWRISK3, 0.7857142900851726, 0.10815844155712682, 0.10612720718097214, 2.460702110682691E-8, 8.797599466664395E-9, 1.2495971779606139E-8, 6.5339825119718795E-9, 8.797577276894149E-9
240, Flight18, LOWRISK4, 0.9999999943085578, 1.4265058914006864E-9, 1.426509257458903E-9, 8.503463851606855E-10, 4.872936158355231E-10, 6.533911392339798E-10, 4.155267852643388E-10, 4.872931380116679E-10
240, Flight19, SELECTEE, 6.721593623768107E-10, 0.1230491037096326, 0.11367914583997164, 1.4900360095159989E-7, 0.420283341871881, 4.672204044927655E-9, 4.827997269504795E-9, 0.34298824945797696
240, Flight19, UNKNOWN, 0.8333333321083494, 0.1239476024074924, 0.04271906502046988, 2.0862889605353887E-10, 7.457918215166255E-11, 1.0593771970083856E-10, 5.5387303335786185E-11, 7.45789282689835E-11
240, Flight19, LOWRISK1, 0.520952292573225, 0.3658173297216571, 0.11323037639931353, 5.470720905854572E-10, 1.9556337763447325E-10, 2.7779245732918924E-10, 1.4523791961378704E-10, 1.9556271154004527E-10
240, Flight19, LOWRISK2, 0.49999999632690095, 0.3228310096275509, 0.17716899118406204, 1.172292986113065E-9, 4.190636144777563E-10, 5.952679014842936E-10, 3.112236026383731E-10, 4.190621889248351E-10
240, Flight19, LOWRISK3, 0.5000000024562041, 0.2589229264476125, 0.24107704052616244, 1.2307945112662708E-8, 4.399955147598122E-9, 6.24989270287902E-9, 3.267711156499068E-9, 4.399940680990455E-9
240, Flight19, LOWRISK4, 0.9999999483707415, 1.2825875821763982E-8, 1.282581675904653E-8, 7.648055700839753E-9, 4.38414431242557E-9, 5.877905328445734E-9, 3.738747622505879E-9, 4.384136808559424E-9
240, Flight20, SELECTEE, 1.681283262706243E-9, 0.26919862041138115, 0.2525603138256122, 3.7320405425985157E-7, 0.24847774634005987, 1.1674770643976617E-8, 1.2050676740509468E-8, 0.2297629208675856
240, Flight20, UNKNOWN, 0.9999999996667789, 9.493993684353016E-11, 9.495539881376985E-11, 5.816532401794535E-11, 3.3567598689406065E-11, 4.4812747966885784E-11, 2.8635977897070513E-11, 3.356806988935465E-11
240, Flight20, LOWRISK1, 0.9999999989049484, 2.855571607260288E-10, 2.855680741533627E-10, 1.7032320235114907E-10, 9.754342805250262E-11, 1.3078436523092005E-10, 8.315542181485473E-11, 9.7543724476327E-11
240, Flight20, LOWRISK2, 0.9999999912237759, 2.417207652770234E-9, 2.4172665792561234E-9, 1.2435993416488397E-9, 6.578043590396308E-10, 8.931669873353312E-10, 5.447974376461194E-10, 6.578055587724092E-10
240, Flight20, LOWRISK3, 0.9999999705768925, 7.614005523829933E-9, 7.613963172242055E-9, 4.287423863365248E-9, 2.377627001497841E-9, 3.20522391630716E-9, 2.0026653254938076E-9, 2.377622466343149E-9
240, Flight20, LOWRISK4, 0.9999999897152854, 2.5662929107315777E-9, 2.5662902366489355E-9, 1.5300443291994228E-9, 8.769445301073198E-10, 1.1757995197555761E-9, 7.478237042493E-10, 8.769433729928587E-10
240, Flight21, SELECTEE, 0.14131940070830717, 0.4889251529710242, 0.369755437625275, 3.51693133125872E-9, 1.2572046475533594E-9, 1.7858061644962543E-9, 9.33674822620446E-10, 1.2572003221771414E-9
240, Flight21, UNKNOWN, 0.9999999996884454, 8.934427872852405E-11, 8.936105081467037E-11, 5.504635100323556E-11, 3.1817647098692436E-11, 4.244327806280029E-11, 2.7147628942553262E-11, 3.181813607446945E-11
240, Flight21, LOWRISK1, 0.9999999985758768, 3.6733704926050956E-10, 3.673476685027843E-10, 2.189767934674876E-10, 1.2540631522096753E-10, 1.68159581826632E-10, 1.0691330073510859E-10, 1.25406552260997E-10
240, Flight21, LOWRISK2, 0.9999999971799459, 7.139182838693484E-10, 7.13926551375359E-10, 4.2547582381196094E-10, 2.4374265277612794E-10, 3.268462074241119E-10, 2.0782611410761797E-10, 2.437426429461329E-10
240, Flight21, LOWRISK3, 0.9999999943085736, 1.4265008996573825E-9, 1.4265043309297068E-9, 8.503442417385805E-10, 4.872926772920776E-10, 6.533897719459785E-10, 4.155260926517773E-10, 4.872922018874782E-10
240, Flight21, LOWRISK4, 0.9999999897153219, 2.5662819829454397E-9, 2.5662792520237442E-9, 1.5300387544879292E-9, 8.76942200109106E-10, 1.1757965369535049E-9, 7.478221459336659E-10, 8.769410430716276E-10
240, Flight22, SELECTEE, 4.221456228492765E-10, 0.39644115753163944, 0.29633648290676734, 9.348531804545839E-8, 0.1722653272427353, 2.9078731690857434E-9, 2.9738938164756452E-9, 0.1349569325850511
240, Flight22, UNKNOWN, 0.9999999992215504, 2.0677060377287046E-10, 2.0678097418157337E-10, 1.2354901003063377E-10, 7.078092687005343E-11, 9.48712985805866E-11, 6.033920982198886E-11, 7.078127157117049E-11
240, Flight22, LOWRISK1, 0.9999999983293405, 4.2857070405232516E-10, 4.2858113072553997E-10, 2.554392556796924E-10, 1.4629554158885024E-10, 1.9617510253130035E-10, 1.247259581608471E-10, 1.4629573812510555E-10
240, Flight22, LOWRISK2, 0.9999999957440977, 1.070267501119763E-9, 1.070273572648695E-9, 6.379280284636152E-10, 3.6552372246771967E-10, 4.901292299755027E-10, 3.116806762419914E-10, 3.6552347925343857E-10
240, Flight22, LOWRISK3, 0.9999999935907968, 1.6046180495409908E-9, 1.6046206892988951E-9, 9.565570161015724E-10, 5.481796154904036E-10, 7.350222814585934E-10, 4.674504376807628E-10, 5.481790336770426E-10
240, Flight22, LOWRISK4, 0.9999999828256906, 4.275853990457224E-9, 4.275843558395904E-9, 2.5495638601237395E-9, 1.4614114952583105E-9, 1.9593900674209045E-9, 1.2462610127978633E-9, 1.4614093683256015E-9
240, Flight23, SELECTEE, 0.4619791008113926, 0.3001691527411698, 0.23785173775225582, 3.5168110277779007E-9, 1.257178516840678E-9, 1.7857788805782137E-9, 9.336628224111215E-10, 1.2571742548856724E-9
240, Flight23, UNKNOWN, 0.9999999995372609, 1.2784741093651695E-10, 1.27858423458145E-10, 7.703717772530044E-11, 4.424180599259367E-11, 5.921358529172343E-11, 3.7722604644185925E-11, 4.4242206634069774E-11
240, Flight23, LOWRISK1, 0.999999998930026, 2.793200394760013E-10, 2.7933080265565566E-10, 1.6661719645988373E-10, 9.542219143657654E-11, 1.279383955078201E-10, 8.134688131302476E-11, 9.54224902482825E-11
240, Flight23, LOWRISK2, 0.9999999948827748, 1.2840122026910661E-9, 1.2840164363619347E-9, 7.653775982580672E-10, 4.3858484835379487E-10, 5.880858369519344E-10, 3.7398785033715546E-10, 4.385844602762022E-10
240, Flight23, LOWRISK3, 0.9999999926680788, 1.8335841338142913E-9, 1.8335851153142252E-9, 1.0930961056228757E-9, 6.264545264209883E-10, 8.399669239491831E-10, 5.342044562809243E-10, 6.26453799007147E-10
240, Flight23, LOWRISK4, 0.9999999483787367, 1.282330983802581E-8, 1.2823258174606116E-8, 7.647017667805382E-9, 4.383703609364218E-9, 5.877275640137978E-9, 3.738425655428541E-9, 4.383696597114549E-9
240, Flight24, SELECTEE, 1.1204229782833657E-9, 0.12141482683086337, 0.11531335150549668, 2.4889404520075264E-7, 0.4060135062626207, 7.785225286702224E-9, 8.042078285003788E-9, 0.35725804961467134
240, Flight24, UNKNOWN, 0.8333333321262065, 0.11349494292433358, 0.053171724165773156, 3.372346051613559E-10, 1.2055242120985656E-10, 1.71241404001903E-10, 8.953002259754341E-11, 1.2055201131090182E-10
240, Flight24, LOWRISK1, 0.5209522926040848, 0.34314408325221557, 0.1359036222848986, 7.6931879313609E-10, 2.7501075510039E-10, 3.9064516593662856E-10, 2.0424066909959467E-10, 2.750098188699925E-10
240, Flight24, LOWRISK2, 0.4999999965439215, 0.28275313943451347, 0.2172468572709283, 2.735315932922214E-9, 9.778088196900691E-10, 1.3889458865933693E-9, 7.261843720810774E-10, 9.778055085160095E-10
240, Flight24, LOWRISK3, 0.5000000011749008, 0.2744241014145742, 0.22557588980914778, 3.0772212938163086E-9, 1.100033222918701E-9, 1.5625607685733665E-9, 8.169563281659629E-10, 1.1000295013617792E-9
240, Flight24, LOWRISK4, 0.9999999871311911, 3.207538364690161E-9, 3.207531819533757E-9, 1.912426334596395E-9, 1.0961466051108073E-9, 1.4696865152687373E-9, 9.347581475773065E-10, 1.0961450394033557E-9
240, Flight25, SELECTEE, 0.46197910075039034, 0.3034559359159923, 0.23456495573224048, 3.0772210749627634E-9, 1.1000332878894188E-9, 1.5625606610373813E-9, 8.169563058494615E-10, 1.100029554183903E-9
240, Flight25, UNKNOWN, 0.9999999997054754, 8.491890488001811E-11, 8.493678128630133E-11, 5.260698396359304E-11, 3.045270660461668E-11, 4.0593035237422193E-11, 2.5987033769290628E-11, 3.0453211185599866E-11
240, Flight25, LOWRISK1, 0.9999999983293338, 4.2857371335864113E-10, 4.2858400635001515E-10, 2.5543945642275314E-10, 1.4629555278791434E-10, 1.961753991476249E-10, 1.247260128588757E-10, 1.4629574592740083E-10
240, Flight25, LOWRISK2, 0.9999999978981556, 5.356367449177603E-10, 5.356462935721236E-10, 3.1921985461489814E-10, 1.8284322564147945E-10, 2.451867801887101E-10, 1.558922247471536E-10, 1.8284334046984603E-10
240, Flight25, LOWRISK3, 0.999999987131707, 3.2073744784059162E-9, 3.2073687206479016E-9, 1.9123592177262695E-9, 1.0961175981551964E-9, 1.4696443158529568E-9, 9.347365559296287E-10, 1.096116072123349E-9
240, Flight25, LOWRISK4, 0.9999999943085761, 1.426501089343605E-9, 1.4265043577005402E-9, 8.503431233869459E-10, 4.872922585405113E-10, 6.533895573690828E-10, 4.155259130645791E-10, 4.872917787340683E-10
240, Flight26, SELECTEE, 6.721445120794409E-10, 0.28229648194456397, 0.2394626122470387, 1.488654142923521E-7, 0.2595575620104839, 4.67261090081868E-9, 4.828530299453076E-9, 0.21868318481463736
240, Flight26, UNKNOWN, 0.9999999995630467, 1.2134777029341179E-10, 1.213592674475959E-10, 7.325889943709169E-11, 4.209590781832671E-11, 5.6324078911526346E-11, 3.589497610224017E-11, 4.209631852157241E-11
240, Flight26, LOWRISK1, 0.9999999983293107, 4.2858199422574657E-10, 4.285924821667289E-10, 2.5544195093003406E-10, 1.4629646864213778E-10, 1.9617677142113726E-10, 1.2472667983904868E-10, 1.46296663575168E-10
240, Flight26, LOWRISK2, 0.9999999918972001, 2.2614163818836592E-9, 2.2614692625037095E-9, 1.1390046292354476E-9, 5.964576523485418E-10, 8.111203890984811E-10, 4.922969169878892E-10, 5.964585766166893E-10
240, Flight26, LOWRISK3, 0.9999999927618439, 1.8778469574957585E-9, 1.8778475475280486E-9, 1.0624679885336523E-9, 5.907007592340626E-10, 7.959955862977001E-10, 4.98021260703365E-10, 5.907000159168796E-10
240, Flight26, LOWRISK4, 0.9999999828256404, 4.275869650321091E-9, 4.275859188576379E-9, 2.549570693857295E-9, 1.4614144297547551E-9, 1.9593941249324908E-9, 1.2462630939072305E-9, 1.4614122995809062E-9
240, Flight27, SELECTEE, 4.20098664505353E-10, 0.2954712366997286, 0.2262878973272656, 9.301045651050604E-8, 0.26734853745009723, 2.920396987967758E-9, 3.01778167661072E-9, 0.21089222920959846
240, Flight27, UNKNOWN, 0.9999999992077836, 2.1020034736657086E-10, 2.1021077248354083E-10, 1.2558166818373344E-10, 7.194308393823445E-11, 9.643132397118245E-11, 6.132988252505829E-11, 7.194342715905802E-11
240, Flight27, LOWRISK1, 0.9999999989300148, 2.793241465192584E-10, 2.793350500020951E-10, 1.6661837815702206E-10, 9.542258360737429E-11, 1.2793896574193351E-10, 8.134715346155779E-11, 9.542288439208849E-11
240, Flight27, LOWRISK2, 0.9999999918972001, 2.2614163818836592E-9, 2.2614692625037095E-9, 1.1390046292354476E-9, 5.964576523485418E-10, 8.111203890984811E-10, 4.922969169878892E-10, 5.964585766166893E-10
240, Flight27, LOWRISK3, 0.9999999927618439, 1.8778469574957585E-9, 1.8778475475280486E-9, 1.0624679885336523E-9, 5.907007592340626E-10, 7.959955862977001E-10, 4.98021260703365E-10, 5.907000159168796E-10
240, Flight27, LOWRISK4, 0.9999999897152854, 2.5662929107315777E-9, 2.5662902366489355E-9, 1.5300443291994228E-9, 8.769445301073198E-10, 1.1757995197555761E-9, 7.478237042493E-10, 8.769433729928587E-10
240, Flight28, SELECTEE, 3.3614079240000863E-9, 0.11944456531759941, 0.117283244461474, 7.670949772290025E-7, 0.39001602702921456, 2.3340418697294575E-8, 2.410164151060188E-8, 0.3732553453486906
240, Flight28, UNKNOWN, 0.8333333321058802, 0.1259527215006195, 0.04071394597407764, 1.9083891899637055E-10, 6.821973385504342E-11, 9.690429922310845E-11, 5.066436519011995E-11, 6.821950158540411E-11
240, Flight28, LOWRISK1, 0.5209522925670234, 0.37020512241785064, 0.10884258382044183, 5.024133048230772E-10, 1.7959904972094203E-10, 2.551155803093882E-10, 1.3338178180959472E-10, 1.7959843797872486E-10
240, Flight28, LOWRISK2, 0.49999999633503944, 0.3200920684029136, 0.17990793225471605, 1.2309070845383809E-9, 4.400166952887727E-10, 6.250310956929814E-10, 3.2678471846422335E-10, 4.400151986971005E-10
240, Flight28, LOWRISK3, 0.5000000016020876, 0.2647367124400252, 0.23526327070000186, 6.1542848636077115E-9, 2.2000371316771348E-9, 3.125063427660545E-9, 1.6338938356389863E-9, 2.200029755617124E-9
240, Flight28, LOWRISK4, 0.999999989714985, 2.5663889094319256E-9, 2.5663855805671146E-9, 1.530082275757733E-9, 8.769611445565179E-10, 1.175824367624555E-9, 7.478363525607856E-10, 8.769599593316708E-10
240, Flight29, SELECTEE, 0.46197910075039034, 0.3034559359159923, 0.23456495573224048, 3.0772210749627634E-9, 1.1000332878894188E-9, 1.5625606610373813E-9, 8.169563058494615E-10, 1.100029554183903E-9
240, Flight29, UNKNOWN, 0.9999999994567156, 1.4806798209588905E-10, 1.4807819987841607E-10, 8.887106292623716E-11, 5.097771718904328E-11, 6.827427961040465E-11, 4.34610672685454E-11, 5.0978096534968884E-11
240, Flight29, LOWRISK1, 0.9999999986558702, 3.474638844787834E-10, 3.474745499821694E-10, 2.0714729662141633E-10, 1.1863034257504015E-10, 1.5907135019648987E-10, 1.0113545297371333E-10, 1.1863059259821657E-10
240, Flight29, LOWRISK2, 0.9999999960754272, 9.880426393690684E-10, 9.880488545455713E-10, 5.889014817608026E-10, 3.374203042565452E-10, 4.524492941644075E-10, 2.877142451233668E-10, 3.3742010772911354E-10
240, Flight29, LOWRISK3, 0.9999999828257362, 4.275841023764794E-9, 4.275830463474842E-9, 2.5495558115767255E-9, 1.461408377426854E-9, 1.9593866093673787E-9, 1.2462591575733097E-9, 1.4614062474087848E-9
240, Flight29, LOWRISK4, 0.9999999897153239, 2.5662821951477054E-9, 2.5662793416134058E-9, 1.5300375400847869E-9, 8.769418227516058E-10, 1.1757964558439608E-9, 7.478220443210363E-10, 8.769406616624647E-10
240, Flight30, SELECTEE, 0.1413194019295946, 0.44675829381428417, 0.41192227368357726, 1.2309362616378152E-8, 4.400272795676718E-9, 6.250218696968586E-9, 3.267856546334321E-9, 4.400257393713695E-9
240, Flight30, UNKNOWN, 0.9999999993579445, 1.7276057432124253E-10, 1.7277065921027884E-10, 1.0342232551330999E-10, 5.92799696352393E-11, 7.942934279663844E-11, 5.053612638108065E-11, 5.928033243095924E-11
240, Flight30, LOWRISK1, 0.9999999979843812, 5.14227528244235E-10, 5.142373101274931E-10, 3.0646522773131435E-10, 1.7553407729515808E-10, 2.3538503909810113E-10, 1.4965918841776447E-10, 1.7553421046136102E-10
240, Flight30, LOWRISK2, 0.9999999935908446, 1.6046040606798508E-9, 1.6046064787918336E-9, 9.565497729243277E-10, 5.481765394205173E-10, 7.350181693369987E-10, 4.674482613784488E-10, 5.481759550205428E-10
240, Flight30, LOWRISK3, 0.9999999828256957, 4.27585166135239E-9, 4.275841455660591E-9, 2.5495638372196716E-9, 1.4614113591994638E-9, 1.9593895825217167E-9, 1.2462608079586437E-9, 1.4614092393365579E-9
240, Flight30, LOWRISK4, 0.9999999943085781, 1.4264998581323786E-9, 1.4265031966183975E-9, 8.503433544699994E-10, 4.872923101786463E-10, 6.533893752131345E-10, 4.1552586735697076E-10, 4.872918327117979E-10
240, Flight31, SELECTEE, 0.14131940064725423, 0.4974975453939161, 0.3611830463572901, 3.077313330500548E-9, 1.1000533119685796E-9, 1.5625816144454662E-9, 8.169655117842642E-10, 1.100049530777118E-9
240, Flight31, UNKNOWN, 0.999999999317623, 1.8282230232321477E-10, 1.8283244330633812E-10, 1.0936952077653187E-10, 6.267681635910173E-11, 8.399110675011437E-11, 5.34313039943787E-11, 6.267717354630937E-11
240, Flight31, LOWRISK1, 0.9999999987925227, 3.1350472325485835E-10, 3.135154952875346E-10, 1.8694283993724978E-10, 1.0705934320453957E-10, 1.435502333901748E-10, 9.126914583560243E-11, 1.0705961804724376E-10
240, Flight31, LOWRISK2, 0.9999999966055577, 8.564767580406521E-10, 8.564839854359909E-10, 5.104613403744983E-10, 2.9245632818728216E-10, 3.921622681157293E-10, 2.49368888793228E-10, 2.924562213323918E-10
240, Flight31, LOWRISK3, 0.9999999483781106, 1.2823497252367949E-8, 1.2823446235052189E-8, 7.647117312574925E-9, 4.383743267128507E-9, 5.877322808784129E-9, 3.7384502388523596E-9, 4.383736266489676E-9
240, Flight31, LOWRISK4, 0.999999982825745, 4.2758378305773725E-9, 4.275827307334204E-9, 2.5495553149713137E-9, 1.4614080119732617E-9, 1.959385801684756E-9, 1.2462587803776375E-9, 1.4614058843425235E-9
240, Flight32, SELECTEE, 4.201245723628956E-10, 0.12513802665761706, 0.1115902627878564, 9.305771182729213E-8, 0.4404926188663649, 2.9201225150792917E-9, 3.0171833330249654E-9, 0.32277899232844315
240, Flight32, UNKNOWN, 0.8333333321116294, 0.12155146003517496, 0.0451152073307405, 2.3224712310324269E-10, 8.302208062106999E-11, 1.1793062199987798E-10, 6.165754724731473E-11, 8.302179805584511E-11
240, Flight32, LOWRISK1, 0.5209522926151351, 0.3360855948859363, 0.1429621104421051, 8.489029357192881E-10, 3.034600405627056E-10, 4.3105653484276763E-10, 2.2536894892185059E-10, 3.0345900767830817E-10
240, Flight32, LOWRISK2, 0.499999996344035, 0.31724142277961487, 0.18275857770782294, 1.2956910218854444E-9, 4.6317535143537396E-10, 6.579272334925815E-10, 3.439838386894186E-10, 4.631737763531282E-10
240, Flight32, LOWRISK3, 0.5000000013173058, 0.2702206584762836, 0.2297793300528312, 4.1029267633713095E-9, 1.4667045038609512E-9, 2.0834015092020366E-9, 1.0892709519642043E-9, 1.4666995555488195E-9
240, Flight32, LOWRISK4, 0.9999999914375168, 2.1389537562222084E-9, 2.1389526744923977E-9, 1.2751870854511534E-9, 7.308380339077081E-10, 9.799163219472684E-10, 6.232221118171044E-10, 7.308371053058437E-10
240, Flight33, SELECTEE, 0.4619791037386456, 0.2748546102971906, 0.2631662247734928, 2.4613347128936736E-8, 8.799416259430543E-9, 1.2498835502216338E-8, 6.535107657976567E-9, 8.79938839699048E-9
240, Flight33, UNKNOWN, 0.9999999993854741, 1.6588559149484853E-10, 1.6589565988715565E-10, 9.936388607659758E-11, 5.6962995604535076E-11, 7.63171035470173E-11, 4.856146713152851E-11, 5.696336240387358E-11
240, Flight33, LOWRISK1, 0.9999999985323527, 3.7814977516124176E-10, 3.781603202723207E-10, 2.254130085085457E-10, 1.290931336787667E-10, 1.7310455138845896E-10, 1.100570872731287E-10, 1.2909336210169067E-10
240, Flight33, LOWRISK2, 0.9999999973311193, 6.763960790418081E-10, 6.764045671815586E-10, 4.031089926299235E-10, 2.3092257397184444E-10, 3.096565293313769E-10, 1.9689331737141265E-10, 2.3092258865951023E-10
240, Flight33, LOWRISK3, 0.9999999926680788, 1.8335841338142913E-9, 1.8335851153142252E-9, 1.0930961056228757E-9, 6.264545264209883E-10, 8.399669239491831E-10, 5.342044562809243E-10, 6.26453799007147E-10
