TimeWindow, Flight, RiskCategory, O25, O26, O27, O28, O29, O30, O31, O32
240, Flight1, SELECTEE, 1.2343982338223476E-10, 8.9512878509135E-10, 8.291520860631964E-10, 0.4761142368385087, 0.26437586348389613, 0.1488857596955704, 0.11062412785644014, 1.0290481812357338E-8
240, Flight1, UNKNOWN, 0.41666666656091217, 7.405462387084937E-10, 5.064049799177173E-10, 0.2912937154805086, 7.706234357573155E-11, 0.29203961649637766, 7.71120666651573E-11, 7.369374526319358E-11
240, Flight1, LOWRISK1, 0.2899276368349626, 1.2634940904410068E-9, 8.62118345612447E-10, 0.38840833101490724, 1.3153821904346592E-10, 0.3216640296483433, 1.315208114342062E-10, 1.2573336052816704E-10
240, Flight1, LOWRISK2, 0.1666666659032651, 3.180336879402323E-9, 2.152797351954599E-9, 0.48068499547712923, 3.301648863900557E-10, 0.35264833232379367, 3.2973397705835E-10, 3.153970573764071E-10
240, Flight1, LOWRISK3, 0.16666664923523108, 4.446364552196117E-8, 2.974668519591428E-8, 0.44670487027943856, 4.743658776058814E-9, 0.38662839230520296, 4.715517989303573E-9, 4.52323787449049E-9
240, Flight1, LOWRISK4, 0.9999999970417572, 5.694467750104603E-10, 5.45949861692373E-10, 5.454362237028917E-10, 2.561317443673594E-10, 5.462001941611553E-10, 2.563722058030651E-10, 2.5132359655725054E-10
240, Flight2, SELECTEE, 0.16666666489873366, 9.541211373909172E-9, 6.3803469269534135E-9, 0.44286671284659673, 9.761524385304161E-10, 0.39046660346320294, 9.743288296647603E-10, 9.320449789703298E-10
240, Flight2, UNKNOWN, 0.9999999995797647, 8.301521705696213E-11, 7.964630845945665E-11, 7.95890786681736E-11, 3.7194524036932914E-11, 7.967094177378613E-11, 3.722459452737664E-11, 3.651269092095348E-11
240, Flight2, LOWRISK1, 0.9131886071952592, 1.4141333779436175E-9, 9.468499171745524E-10, 0.04338230303315362, 1.4719100475091538E-10, 0.04342908698821149, 1.4722893175677408E-10, 1.405904530962838E-10
240, Flight2, LOWRISK2, 0.6666666659765338, 1.950206602681848E-9, 1.310627035901238E-9, 0.15057450404297326, 2.0529183963750081E-10, 0.1827588261256375, 2.0526453494443622E-10, 1.9608319670513099E-10
240, Flight2, LOWRISK3, 0.6666666405620485, 4.4235938770674085E-8, 2.8914037376649E-8, 0.16583652913696106, 4.619268042896879E-9, 0.16749674352865204, 4.61215159587977E-9, 4.403560418374024E-9
240, Flight2, LOWRISK4, 0.9999999973703158, 5.064883127130815E-10, 4.856102603318709E-10, 4.850640103907856E-10, 2.2781600872629825E-10, 4.857604508919452E-10, 2.28031006155945E-10, 2.235320995640551E-10
240, Flight3, SELECTEE, 0.16666666542567696, 6.827251521136886E-9, 4.579508391134345E-9, 0.44374143625080426, 7.006072165787659E-10, 0.38959188486018836, 6.995204159082145E-10, 6.690609667950972E-10
240, Flight3, UNKNOWN, 0.9999999998484816, 3.1476257365641976E-11, 3.025512362033794E-11, 3.026157634660214E-11, 1.4041439776621797E-11, 3.027792169230574E-11, 1.4040470467386774E-11, 1.3783521449145868E-11
240, Flight3, LOWRISK1, 0.9131886072971567, 9.556976899905414E-10, 6.432880396650472E-10, 0.043130952686793345, 9.97215100402905E-11, 0.043680438134954744, 9.975588042384367E-11, 9.524975441833282E-11
240, Flight3, LOWRISK2, 0.6666666659056801, 2.236244282270413E-9, 1.5002028933812762E-9, 0.17009321767151112, 2.3165530183313347E-10, 0.16324011201450567, 2.316880475346933E-10, 2.2113031414643654E-10
240, Flight3, LOWRISK3, 0.6666666405620485, 4.4235938770674085E-8, 2.8914037376649E-8, 0.16583652913696106, 4.619268042896879E-9, 0.16749674352865204, 4.61215159587977E-9, 4.403560418374024E-9
240, Flight3, LOWRISK4, 0.9999999941454987, 1.124399666267139E-9, 1.0774892472687484E-9, 1.0764985769215115E-9, 5.066407618632591E-10, 1.0777402066053024E-9, 5.073298737043845E-10, 4.970209663545665E-10
240, Flight4, SELECTEE, 4.02760426246963E-12, 9.70553403776115E-12, 9.699717291447945E-12, 2.7935909261351298E-11, 0.9999999763643687, 1.1812075255199334E-11, 1.9938611490674244E-11, 2.3565129788484304E-8
240, Flight4, UNKNOWN, 2.4029300242628446E-11, 1.4093305453080368E-10, 1.228797100873906E-10, 0.6441289816376603, 7.33823934728006E-11, 0.35587101787245556, 7.323858404965563E-11, 6.803896086126906E-11
240, Flight4, LOWRISK1, 2.6851344778040798E-11, 1.9693306987032704E-10, 1.8280351707984357E-10, 0.5713131611121662, 0.15951396142335364, 0.1752087789325074, 0.09396409580888275, 2.3291198788640463E-9
240, Flight4, LOWRISK2, 1.0142127249301304E-10, 7.328887624139576E-10, 6.789248777651227E-10, 0.4096470239476436, 0.40428712127707894, 0.09035297277151769, 0.09571287184073542, 8.662407114820106E-9
240, Flight4, LOWRISK3, 1.0423484230665813E-9, 7.478252378608297E-9, 6.90715168992526E-9, 0.40254425879849787, 0.407182950632861, 0.09745569272655008, 0.0928169990907435, 8.333621281389955E-8
240, Flight4, LOWRISK4, 0.5555555510948755, 5.852442986210109E-9, 3.93481648866136E-9, 0.22557180285324652, 6.215156672848543E-10, 0.21887263444140806, 6.201701370716532E-10, 5.941424340343074E-10
240, Flight5, SELECTEE, 1.8315746494084764E-10, 1.3331721732457205E-9, 1.2341781640337819E-9, 0.47506620666161814, 0.2657381443861873, 0.14993378806972452, 0.10926184299255495, 1.5152025194387292E-8
240, Flight5, UNKNOWN, 0.4166666666306531, 3.8368954184267857E-10, 2.640849394208142E-10, 0.28517357285417794, 3.999851580356982E-11, 0.2981597597617786, 3.999460503876103E-11, 3.8240776586584085E-11
240, Flight5, LOWRISK1, 0.2899276368830465, 1.023984030051204E-9, 6.99871044264256E-10, 0.3889500510640913, 1.0639276590125623E-10, 0.3211223100271311, 1.0640114867191643E-10, 1.017002161959839E-10
240, Flight5, LOWRISK2, 0.16666666580728282, 3.667893395897252E-9, 2.4787212822438108E-9, 0.48094114291989326, 3.80188388337E-10, 0.3523921840158279, 3.7966096140509153E-10, 3.63149894505511E-10
240, Flight5, LOWRISK3, 0.16666665664468416, 6.157436994335201E-9, 4.154039058875012E-9, 0.44594247125139824, 6.218101978344977E-10, 0.38739085996922384, 6.198686233214354E-10, 5.941567557517485E-10
240, Flight5, LOWRISK4, 0.999999994135135, 1.1264062326536829E-9, 1.0794585015914697E-9, 1.0788517557161212E-9, 5.072428351387642E-10, 1.0800302785999257E-9, 5.078644772305726E-10, 4.976287261597797E-10
240, Flight6, SELECTEE, 4.4287810430191396E-10, 2.772544161446233E-9, 2.434337326468082E-9, 0.6326000117497977, 1.916402131078715E-9, 0.36739997704860167, 1.89522882370549E-9, 1.7528282036916093E-9
240, Flight6, UNKNOWN, 0.6666666666316986, 4.4508880466614325E-10, 3.0492273826422965E-10, 0.16058089261936845, 4.6360190965669894E-11, 0.17275243987450745, 4.63603723570587E-11, 4.431124970577165E-11
240, Flight6, LOWRISK1, 0.49768129363967706, 1.2572949193966093E-9, 8.55442206932377E-10, 0.2599152350464735, 1.310624179422974E-10, 0.2424034688263463, 1.3107540779761164E-10, 1.2524604627677116E-10
240, Flight6, LOWRISK2, 0.3333333326935983, 2.2589129186275248E-9, 1.5301745684423223E-9, 0.3585302234697188, 2.369401317279059E-10, 0.3081364393600642, 2.3681283242187283E-10, 2.263961253652089E-10
240, Flight6, LOWRISK3, 0.33333331714932796, 2.3216415971029618E-8, 1.5443745919403906E-8, 0.34157424712999934, 2.3715656462339167E-9, 0.32509239007301666, 2.3667784201419557E-9, 2.261768173069551E-9
240, Flight6, LOWRISK4, 0.9999999966266113, 6.489912261514689E-10, 6.221620953765789E-10, 6.214323508668402E-10, 2.920804556936514E-10, 6.223726813686321E-10, 2.9238212220930565E-10, 2.8658554135586E-10
240, Flight7, SELECTEE, 1.5307370862538883E-10, 1.1179654566263561E-9, 1.032975977756361E-9, 0.20501788573531277, 0.6900755816044077, 0.04498210982699095, 0.05992440674184117, 1.3800050306864109E-8
240, Flight7, UNKNOWN, 0.1666666665962549, 5.038999861547246E-10, 3.4601255573980846E-10, 0.46686223254113474, 5.246459069267412E-11, 0.36647109987022775, 5.245994510454892E-11, 5.0163376377867524E-11
240, Flight7, LOWRISK1, 0.08217398006223979, 1.115565586008138E-9, 7.608923775523956E-10, 0.573420485594719, 1.1702555920850952E-10, 0.3444055321334358, 1.1685658766319818E-10, 1.1188323988657091E-10
240, Flight7, LOWRISK2, 9.856921412555479E-11, 6.593360330091351E-10, 5.814070515015778E-10, 0.6863796556809078, 6.133668994129942E-10, 0.3136203412220043, 6.109011877097509E-10, 5.461253679671419E-10
240, Flight7, LOWRISK3, 1.7320441349266563E-10, 1.054901634831619E-9, 9.537741846215085E-10, 0.6945384591470481, 3.3526907320459796E-9, 0.30546151024822926, 1.962846065096989E-8, 5.4543089343549404E-9
240, Flight7, LOWRISK4, 0.9999999945352659, 1.0819517885101957E-9, 1.0065317279899355E-9, 1.1088589706544498E-9, 3.935929248238428E-10, 1.1092691939645275E-9, 3.9375312230711793E-10, 3.833944506467223E-10
240, Flight8, SELECTEE, 5.122119855165141E-10, 3.777861205014101E-9, 3.4751617052852006E-9, 0.11685159582182146, 0.8205287095672609, 0.02600553168261024, 0.03661410877815623, 4.639753402752347E-8
240, Flight8, UNKNOWN, 0.09523809518974487, 3.724607375336905E-10, 2.559384115441846E-10, 0.5405885317369685, 3.885731474574883E-11, 0.36417337234266245, 3.883610770760731E-11, 3.714933405376399E-11
240, Flight8, LOWRISK1, 0.02281579242212136, 1.0353689052776617E-9, 7.027957770354459E-10, 0.6410280262037834, 1.1098786810752225E-10, 0.33615617932077, 1.1060767436552371E-10, 1.0618286491530994E-10
240, Flight8, LOWRISK2, 5.4056757290530576E-11, 3.5939337511567343E-10, 3.335556436317122E-10, 0.5900644072703687, 0.15553565421173604, 0.19564987660296534, 0.05875005739901016, 3.781531792786565E-9
240, Flight8, LOWRISK3, 1.659599171832697E-10, 1.2395970378144507E-9, 1.15557770595781E-9, 0.6064447612125846, 0.13133008550852915, 0.1792694971109882, 0.08295564009655071, 1.3522830564238405E-8
240, Flight8, LOWRISK4, 0.8095238042053345, 6.444976767201782E-9, 4.339459242337505E-9, 0.06158312309957453, 6.8653954005462E-10, 0.12889305989428312, 6.86423658127718E-10, 6.560266587263416E-10
240, Flight9, SELECTEE, 2.128309901798584E-10, 1.5571308483042124E-9, 1.4376836669617234E-9, 0.20446222304768927, 0.690144059943488, 0.045537770710156786, 0.05985592428024253, 1.8823395595138735E-8
240, Flight9, UNKNOWN, 0.16666666652920523, 8.455722967446526E-10, 5.786333041501882E-10, 0.4648943079260196, 8.816263476998291E-11, 0.368439023872577, 8.814102470931323E-11, 8.430680284175593E-11
240, Flight9, LOWRISK1, 0.08217398008455716, 1.0003505975161908E-9, 6.828641592527659E-10, 0.5727694181957635, 1.048934697282963E-10, 0.34505659973914105, 1.0476012175725806E-10, 1.0028804903856417E-10
240, Flight9, LOWRISK2, 2.5936458565732934E-10, 1.6409089067250083E-9, 1.4527303004567438E-9, 0.6864675504184278, 1.3411738135192183E-9, 0.3135324423532226, 1.3374815604032712E-9, 1.2093084872807986E-9
240, Flight9, LOWRISK3, 1.8251159568155275E-10, 1.1564414577937125E-9, 1.0540007067540466E-9, 0.6932206760770763, 1.150430110597363E-8, 0.30677929291911527, 1.153089953760233E-8, 5.588271794614952E-9
240, Flight9, LOWRISK4, 0.9999999734496398, 5.136164990704844E-9, 4.879180791351454E-9, 5.03467147183353E-9, 2.1849071086794146E-9, 5.008199462364739E-9, 2.1811012669682262E-9, 2.1387531441984336E-9
240, Flight10, SELECTEE, 2.8478792300957227E-10, 1.7624675973751025E-9, 1.547309804348173E-9, 0.632618617339389, 1.1863314190730652E-9, 0.3673813756294248, 1.1760567833794725E-9, 1.0868503601801603E-9
240, Flight10, UNKNOWN, 0.6666666665866718, 6.64719636698726E-10, 4.529529431823225E-10, 0.16254462736808853, 6.941018367517633E-11, 0.17078870473498198, 6.944047185800382E-11, 6.635246958848073E-11
240, Flight10, LOWRISK1, 0.4976812936812229, 1.0407286591518493E-9, 7.095876217170079E-10, 0.25807639614718486, 1.0911175820035735E-10, 0.24424230811137568, 1.0909867655235263E-10, 1.0430766537529027E-10
240, Flight10, LOWRISK2, 0.3333333326725321, 2.369833068660599E-9, 1.6057794009559563E-9, 0.35721679330687783, 2.494916317678132E-10, 0.30944986932042634, 2.4925508751822047E-10, 2.3842238633833544E-10
240, Flight10, LOWRISK3, 0.3333333128202794, 4.441080133804318E-8, 2.960823577310446E-8, 0.33925261789839345, 4.695473682558217E-9, 0.32741398142260003, 4.6798540675516586E-9, 4.47698033917186E-9
240, Flight10, LOWRISK4, 0.9999999883725232, 2.2324102707218283E-9, 2.1388979348193505E-9, 2.1395466791447956E-9, 1.0024061918274393E-9, 2.140413270207658E-9, 1.0031710228532553E-9, 9.83249489861497E-10
240, Flight11, SELECTEE, 4.049504218564517E-12, 9.680392625483631E-12, 9.678196770868227E-12, 2.7398924217967212E-11, 0.9999999399348015, 1.1727541936767941E-11, 1.9983695753687776E-11, 5.999529807311367E-8
240, Flight11, UNKNOWN, 3.8073552644894155E-11, 2.3051040989455903E-10, 2.024935811967471E-10, 0.6492972696621816, 1.382146152179946E-10, 0.3507027294758195, 1.3809803748477997E-10, 1.2722669072356378E-10
240, Flight11, LOWRISK1, 2.291103235813539E-11, 1.6863525170888497E-10, 1.565340834488994E-10, 0.5740827081376928, 0.15790001310680163, 0.1724392320234555, 0.09557804442314703, 1.9734405922151617E-9
240, Flight11, LOWRISK2, 5.0901109731404776E-11, 3.707459942653673E-10, 3.4384525284814275E-10, 0.41162585022070897, 0.403604399150498, 0.08837414799945245, 0.09639559738563767, 4.4908285544190894E-9
240, Flight11, LOWRISK3, 1.6193070810974153E-10, 1.1389497100101851E-9, 1.054273477588374E-9, 0.41128456810030134, 0.40284114433069806, 0.0887154097377947, 0.09715886208700936, 1.3401660488797876E-8
240, Flight11, LOWRISK4, 0.5555555505491822, 9.405320893799357E-9, 6.2726755377903635E-9, 0.2348594745245226, 9.657338872316433E-10, 0.2095849564090863, 9.644215714593396E-10, 9.216747946528778E-10
240, Flight12, SELECTEE, 1.798856756800065E-10, 1.3145520650539446E-9, 1.2155297588137988E-9, 0.32097882710747816, 0.5095986216912274, 0.07902116767408804, 0.09040136518614572, 1.5643711118785136E-8
240, Flight12, UNKNOWN, 0.266666666564904, 6.891150138155375E-10, 4.720031458579297E-10, 0.38676850322327083, 7.184539750837916E-11, 0.34656482885093653, 7.184317820347447E-11, 6.869999080624415E-11
240, Flight12, LOWRISK1, 0.1652754426548266, 1.7728278954069092E-9, 1.2066608499281353E-9, 0.49207231509343746, 1.8521633489308493E-10, 0.3426522387377074, 1.8492412151928715E-10, 1.7701716814028478E-10
240, Flight12, LOWRISK2, 0.06666666593820998, 3.1779825964208654E-9, 2.1474720514487465E-9, 0.6055322527487241, 3.321795123881432E-10, 0.3278010750197025, 3.309883225865584E-10, 3.1735895118569667E-10
240, Flight12, LOWRISK3, 0.06666665522857454, 2.287109209451106E-8, 1.529410661595554E-8, 0.5913510922272004, 2.4258236835446208E-9, 0.34198220724275435, 2.4046024177057556E-9, 2.3184637906158252E-9
240, Flight12, LOWRISK4, 0.9999999966129536, 6.515294186345724E-10, 6.245674438689485E-10, 6.244662013985638E-10, 2.930643378252216E-10, 6.252259087298617E-10, 2.9327253918120364E-10, 2.8753856504953973E-10
240, Flight13, SELECTEE, 1.1650418619261496E-10, 8.5579147640055E-10, 7.888229483765012E-10, 0.05153640469328238, 0.9206021047093805, 0.010963591918896861, 0.01689788612379285, 1.0806146560125732E-8
240, Flight13, UNKNOWN, 0.0416666665271073, 8.27908220539847E-10, 5.652831072654655E-10, 0.598477968648976, 8.70567277237309E-11, 0.3598553631860486, 8.698606880598683E-11, 8.32518431789322E-11
240, Flight13, LOWRISK1, 2.3651113672615992E-11, 1.7040052849633098E-10, 1.5824005876288134E-10, 0.6419559719701645, 0.05269050080555814, 0.2603812107860442, 0.04497231421159656, 1.886962747688489E-9
240, Flight13, LOWRISK2, 1.4016211224035112E-10, 1.0081156109834076E-9, 9.336856505940982E-10, 0.4997290260764228, 0.27349551399376226, 0.1252709694639677, 0.10150447687265098, 1.1523850789398852E-8
240, Flight13, LOWRISK3, 2.2118396972614688E-10, 1.5944187555766376E-9, 1.4755825436560204E-9, 0.500613452304326, 0.2746203013082974, 0.12438652154398643, 0.10037970323943013, 1.832539263213592E-8
240, Flight13, LOWRISK4, 0.6666666612782771, 9.325639688157427E-9, 6.21507323123995E-9, 0.17231759241363206, 9.57136835502598E-10, 0.1610157279530831, 9.56385090286697E-10, 9.133908741542519E-10
240, Flight14, SELECTEE, 1.3844957945305405E-10, 1.0048216450160351E-9, 9.306065232800587E-10, 0.47583008978339436, 0.2648054456468606, 0.1491699062986915, 0.11019454469563067, 1.1514163141794267E-8
240, Flight14, UNKNOWN, 0.41666666664101293, 3.338578866488131E-10, 2.312222974839035E-10, 0.28548145994351015, 3.468907950774649E-11, 0.2978518727604861, 3.468248108698889E-11, 3.315723549814694E-11
240, Flight14, LOWRISK1, 0.2899276368474202, 1.201038259856586E-9, 8.198476156158133E-10, 0.38846644858893636, 1.2499018098140104E-10, 0.32160591218592965, 1.24979611938862E-10, 1.1947614385178211E-10
240, Flight14, LOWRISK2, 0.16666666594230012, 2.9833228349461823E-9, 2.0209655952326224E-9, 0.48056189680367806, 3.0974215246778057E-10, 0.35277143134735517, 3.093569185419052E-10, 2.95897133822725E-10
240, Flight14, LOWRISK3, 0.16666665636865366, 7.858548887227777E-9, 5.2568132616519006E-9, 0.46172016157383494, 8.11873811682319E-10, 0.37161316655686644, 8.109867376802828E-10, 7.750401721696269E-10
240, Flight14, LOWRISK4, 0.9999999952930329, 9.045067012629316E-10, 8.669298348967349E-10, 8.661473882098655E-10, 4.072940040182357E-10, 8.673317966111455E-10, 4.0777465696111044E-10, 3.9960074180588224E-10
240, Flight15, SELECTEE, 1.3281319988157787E-10, 9.726175416575762E-10, 8.978673318707089E-10, 0.11691467557180303, 0.821560955050644, 0.025942463428808144, 0.03558189174418163, 1.2213883067914735E-8
240, Flight15, UNKNOWN, 0.09523809516604854, 4.932518011006899E-10, 3.384129022373222E-10, 0.5425288496871182, 5.1437281789406E-11, 0.362233054175727, 5.143847998369746E-11, 4.918371727594418E-11
240, Flight15, LOWRISK1, 0.02281579229708663, 1.6934166478085478E-9, 1.1437788584707571E-9, 0.6408557257368538, 1.8311078497610074E-10, 0.33632847860137016, 1.8183279815379855E-10, 1.7516850805520556E-10
240, Flight15, LOWRISK2, 7.920592645238968E-11, 5.452991383142613E-10, 5.054972885187848E-10, 0.5972116613053474, 0.1323888722021963, 0.18850262180273536, 0.08189683746455946, 6.107776862794353E-9
240, Flight15, LOWRISK3, 2.847743184975343E-10, 2.0287295274933037E-9, 1.875813686980815E-9, 0.595494952496213, 0.13480429841369582, 0.1902193024543232, 0.07948142016264761, 2.2296420628087022E-8
240, Flight15, LOWRISK4, 0.8095238015131809, 2.180983781756705E-8, 1.4535944130663384E-8, 0.09740931619189241, 2.329959661222353E-9, 0.0930668390832326, 2.326893902556647E-9, 2.2216764016913397E-9
240, Flight16, SELECTEE, 1.5475975163027751E-10, 1.1296567833526136E-9, 1.0449103806853987E-9, 0.32121166681395974, 0.5094687393206698, 0.07878832872716819, 0.09053124929463405, 1.3526859334109556E-8
240, Flight16, UNKNOWN, 0.2666666665501108, 7.6509091558837E-10, 5.236864854981977E-10, 0.38714224789751944, 7.97370237082743E-11, 0.34619108404049265, 7.973748911743502E-11, 7.624312064327111E-11
240, Flight16, LOWRISK1, 0.16527544278839087, 1.0922950496147906E-9, 7.459574855791408E-10, 0.49364621663407837, 1.139768357589386E-10, 0.3410783384150663, 1.1390516907616728E-10, 1.0894767297345858E-10
240, Flight16, LOWRISK2, 0.06666666606827937, 2.5118220441211918E-9, 1.7017765244265513E-9, 0.6056196470165626, 2.6276864827720085E-10, 0.327713681938366, 2.619723462019681E-10, 2.510705112743327E-10
240, Flight16, LOWRISK3, 0.06666665741760235, 1.1654760810225255E-8, 7.81114092846255E-9, 0.6018441949216273, 1.2229760104449444E-9, 0.33148912460218566, 1.2139361321184968E-9, 1.1683887160488264E-9
240, Flight16, LOWRISK4, 0.9999999921728662, 1.5025401981293605E-9, 1.4397456138777969E-9, 1.4434873331864848E-9, 6.745719590505827E-10, 1.442503273585014E-9, 6.752023240171486E-10, 6.617008517029158E-10
240, Flight17, SELECTEE, 1.1650418619261496E-10, 8.5579147640055E-10, 7.888229483765012E-10, 0.05153640469328238, 0.9206021047093805, 0.010963591918896861, 0.01689788612379285, 1.0806146560125732E-8
240, Flight17, UNKNOWN, 0.04166666659025664, 5.022801687373754E-10, 3.4406972546861244E-10, 0.6002857200317995, 5.266297253196349E-11, 0.35804761238854044, 5.2641286454685975E-11, 5.036733730996825E-11
240, Flight17, LOWRISK1, 2.965472294598598E-11, 2.1432384421709227E-10, 1.9900529565174511E-10, 0.6388145124848724, 0.05283880408873999, 0.2635226700903019, 0.04482401055189962, 2.3538203025000137E-9
240, Flight17, LOWRISK2, 1.4016211224035112E-10, 1.0081156109834076E-9, 9.336856505940982E-10, 0.4997290260764228, 0.27349551399376226, 0.1252709694639677, 0.10150447687265098, 1.1523850789398852E-8
240, Flight17, LOWRISK3, 1.6281103672543368E-10, 1.1252590982331623E-9, 1.0407840757574227E-9, 0.4975934940953132, 0.28361411684140764, 0.1274064816357544, 0.09138589236603364, 1.2745254697329884E-8
240, Flight17, LOWRISK4, 0.6666666607911879, 1.1556052402466262E-8, 7.684480707499632E-9, 0.17230026013005365, 1.1887730816339767E-9, 0.16103305633936482, 1.1880916118237896E-9, 1.1346136595637595E-9
240, Flight18, SELECTEE, 3.2249576949626727E-10, 2.003484727830566E-9, 1.7591901070554218E-9, 0.6329070681838338, 1.3605061881592837E-9, 0.36709292378943464, 1.347883801728273E-9, 1.2457888325759213E-9
240, Flight18, UNKNOWN, 0.6666666665866718, 6.64719636698726E-10, 4.529529431823225E-10, 0.16254462736808853, 6.941018367517633E-11, 0.17078870473498198, 6.944047185800382E-11, 6.635246958848073E-11
240, Flight18, LOWRISK1, 0.4976812935375148, 1.7684908768113819E-9, 1.2014468936755812E-9, 0.25918787832215956, 1.8354725408887025E-10, 0.2431308246405405, 1.8355336955099997E-10, 1.7536472770447816E-10
240, Flight18, LOWRISK2, 0.3333333327337729, 2.052710904930369E-9, 1.4068991407234185E-9, 0.35552867362055807, 2.0592866538152737E-10, 0.31113798959020644, 2.0584991396763424E-10, 1.966918857583236E-10
240, Flight18, LOWRISK3, 0.33333332052781317, 6.004609112861841E-9, 4.019236303259946E-9, 0.34238348728766305, 5.983927898513457E-10, 0.3242831804059962, 5.981384156525532E-10, 5.707688855519983E-10
240, Flight18, LOWRISK4, 0.9999999883725232, 2.2324102707218283E-9, 2.1388979348193505E-9, 2.1395466791447956E-9, 1.0024061918274393E-9, 2.140413270207658E-9, 1.0031710228532553E-9, 9.83249489861497E-10
240, Flight19, SELECTEE, 2.128309901798584E-10, 1.5571308483042124E-9, 1.4376836669625218E-9, 0.2044622230476387, 0.6901440599433861, 0.04553777071020934, 0.059855924280342754, 1.8823395595138735E-8
240, Flight19, UNKNOWN, 0.16666666660475132, 4.6090402279971536E-10, 3.166452884885154E-10, 0.4682284442907612, 4.797326750418415E-11, 0.36510488819774833, 4.796916203987998E-11, 4.586538997374065E-11
240, Flight19, LOWRISK1, 0.08217398003405792, 1.2609467764161132E-9, 8.592615199700843E-10, 0.5738004191376229, 1.323634393453568E-10, 0.3440255983296887, 1.3213410192653728E-10, 1.2654261762772497E-10
240, Flight19, LOWRISK2, 3.481050229495332E-10, 2.1870656173273603E-9, 1.9361459953518903E-9, 0.685839678307482, 1.74551084091547E-9, 0.3141603121704541, 1.740177929995722E-9, 1.5776761663454984E-9
240, Flight19, LOWRISK3, 6.450103558269428E-10, 4.599280735450983E-9, 4.1984338305872075E-9, 0.6603831425030088, 1.2980331082596455E-8, 0.33961681248667747, 1.223771580503374E-8, 1.0362159964517426E-8
240, Flight19, LOWRISK4, 0.9999999902849263, 1.8937024547746202E-9, 1.792268196562252E-9, 1.8660016925079023E-9, 7.766018706228241E-10, 1.8629197102369332E-9, 7.769508101724633E-10, 7.592469470285474E-10
240, Flight20, SELECTEE, 4.02760426246963E-12, 9.70553403776115E-12, 9.699717291447945E-12, 2.7935909261351298E-11, 0.9999999763643687, 1.1812075255199334E-11, 1.9938611490674244E-11, 2.3565129788484304E-8
240, Flight20, UNKNOWN, 2.6133281396472645E-11, 1.5453495431383627E-10, 1.3499494335817454E-10, 0.6451294097386208, 8.318490392212847E-11, 0.35487058971508567, 8.30509513924947E-11, 7.701234147907056E-11
240, Flight20, LOWRISK1, 2.821265650439697E-11, 2.0674336003344082E-10, 1.9190257204849937E-10, 0.5704467991200213, 0.1599953427883405, 0.1760751408841891, 0.09348271435119153, 2.4420168642367123E-9
240, Flight20, LOWRISK2, 5.6083262597513894E-11, 4.077017498112018E-10, 3.780895994783387E-10, 0.4112591464086528, 0.4032883461690201, 0.08874085165900285, 0.09671164996822768, 4.9658400547561495E-9
240, Flight20, LOWRISK3, 1.864831372501173E-10, 1.3223985192396226E-9, 1.2236851158740325E-9, 0.41090066033403616, 0.40337908012018886, 0.08909931675836368, 0.0966209245388275, 1.552863497969755E-8
240, Flight20, LOWRISK4, 0.5555555509799219, 6.693288277132532E-9, 4.467876535004649E-9, 0.2333390308649115, 7.038402175951599E-10, 0.21110540492772017, 7.025665180512295E-10, 6.724928342703796E-10
240, Flight21, SELECTEE, 1.307040820917308E-10, 9.61070810896907E-10, 8.855444336406347E-10, 0.051550028970054, 0.9205316761946868, 0.010949967211263173, 0.01696831345093902, 1.2208355703340117E-8
240, Flight21, UNKNOWN, 0.041666666534910475, 7.875403785582692E-10, 5.379015120519132E-10, 0.5990906636627591, 8.276979563331482E-11, 0.3592426682448679, 8.271709397959808E-11, 7.915152399352246E-11
240, Flight21, LOWRISK1, 3.611124041615456E-11, 2.6097891463492936E-10, 2.4226677461052913E-10, 0.6373622668872285, 0.05290349105019955, 0.26497491549524854, 0.044759323192506216, 2.8480780578419338E-9
240, Flight21, LOWRISK2, 5.512656716093081E-11, 3.939050513408366E-10, 3.6565409411285145E-10, 0.5020902518320269, 0.27154765599764047, 0.12290974625315843, 0.10345234047543922, 4.639666912374707E-9
240, Flight21, LOWRISK3, 1.0512685007182556E-9, 7.532600132941823E-9, 6.962102924004928E-9, 0.4845674206030724, 0.28247573989697483, 0.14043252851469393, 0.09252421195667022, 8.349523492523858E-8
240, Flight21, LOWRISK4, 0.6666666612782771, 9.325639688157427E-9, 6.21507323123995E-9, 0.17231759241363206, 9.57136835502598E-10, 0.1610157279530831, 9.56385090286697E-10, 9.133908741542519E-10
240, Flight22, SELECTEE, 1.036488283960748E-9, 7.573322639219359E-9, 6.982383357699743E-9, 0.3189656250975562, 0.5089221907493534, 0.08103434391891555, 0.09107774085740877, 8.379718973870746E-8
240, Flight22, UNKNOWN, 0.2666666666179928, 4.209531648283127E-10, 2.8972390797067786E-10, 0.3844142718086571, 4.3789157414972205E-11, 0.3489190607458628, 4.3780365950441937E-11, 4.185858865753932E-11
240, Flight22, LOWRISK1, 0.1652754426548266, 1.7728278954069092E-9, 1.2066608499281353E-9, 0.49207231509343746, 1.8521633489308493E-10, 0.3426522387377074, 1.8492412151928715E-10, 1.7701716814028478E-10
240, Flight22, LOWRISK2, 0.06666666472191253, 9.415268344263988E-9, 6.307773948463517E-9, 0.6018009971471607, 9.831882730054312E-10, 0.33153231952125783, 9.771025168287247E-10, 9.389538469803405E-10
240, Flight22, LOWRISK3, 0.06666665111341043, 4.3741366012934456E-8, 2.9324315194524034E-8, 0.5780194620269606, 4.810056591285756E-9, 0.3553137996847726, 4.722672629475597E-9, 4.5890636691581525E-9
240, Flight22, LOWRISK4, 0.9999999882941585, 2.2456794364422143E-9, 2.152168930475095E-9, 2.161912617468918E-9, 1.0069749517316387E-9, 2.1568931567483493E-9, 1.007076828390605E-9, 9.87753248961438E-10
240, Flight23, SELECTEE, 4.041069775988494E-12, 9.691002979180035E-12, 9.68735217747983E-12, 2.7613191081490796E-11, 0.9999999630229754, 1.1761716572157358E-11, 1.996558631628379E-11, 3.6906882779171403E-8
240, Flight23, UNKNOWN, 4.078120938626266E-11, 2.4759904106525324E-10, 2.1764058886016913E-10, 0.6493665180598146, 1.5062211289245157E-10, 0.3506334810071368, 1.5047659473389433E-10, 1.385472293032423E-10
240, Flight23, LOWRISK1, 3.4250311241956866E-11, 2.5017636958816323E-10, 2.3216529709630296E-10, 0.5675570987258822, 0.16140164365433124, 0.17896484109893182, 0.09207641308947122, 2.9274095205140248E-9
240, Flight23, LOWRISK2, 6.601258165183132E-11, 4.787270337140776E-10, 4.438553705214498E-10, 0.41062479148467634, 0.4035466292085322, 0.0893752062887826, 0.09645336626587993, 5.776151638211604E-9
240, Flight23, LOWRISK3, 1.0423484230665813E-9, 7.478252378608297E-9, 6.90715168992526E-9, 0.40254425879849787, 0.407182950632861, 0.09745569272655008, 0.0928169990907435, 8.333621281389955E-8
240, Flight23, LOWRISK4, 0.5555555505491822, 9.405320893799357E-9, 6.2726755377903635E-9, 0.2348594745245226, 9.657338872316433E-10, 0.2095849564090863, 9.644215714593396E-10, 9.216747946528778E-10
240, Flight24, SELECTEE, 1.5765750888902662E-10, 1.145673726168451E-9, 1.0608538676740682E-9, 0.47549366286413897, 0.2652604189979988, 0.14950633263818158, 0.10973957006978524, 1.3078328102713354E-8
240, Flight24, UNKNOWN, 0.4166666665993315, 5.421690803241221E-10, 3.714189063477102E-10, 0.29938728435412637, 5.6622783365963345E-11, 0.283946047978149, 5.6639196199353176E-11, 5.4161019927240674E-11
240, Flight24, LOWRISK1, 0.28992763686404094, 1.1181977523111524E-9, 7.637521501715505E-10, 0.3886336815345434, 1.162883897670834E-10, 0.32143867938834897, 1.162869952275716E-10, 1.1115947654882371E-10
240, Flight24, LOWRISK2, 0.16666666567580296, 4.335997182384466E-9, 2.9243656201187867E-9, 0.48098407600670345, 4.481721171294346E-10, 0.35234924974601906, 4.47517794782685E-10, 4.2803966853510913E-10
240, Flight24, LOWRISK3, 0.16666665559296065, 1.187124068509059E-8, 7.930265536905451E-9, 0.45246026887004426, 1.2175981429904316E-9, 0.3808730521540308, 1.2138476227751743E-9, 1.1626302295543971E-9
240, Flight24, LOWRISK4, 0.9999999922084913, 1.4959313615805493E-9, 1.4333934508222068E-9, 1.4335897901346703E-9, 6.729488838189646E-10, 1.4344267270082045E-9, 6.736967879103757E-10, 6.601394328566241E-10
240, Flight25, SELECTEE, 1.0668629808265168E-9, 6.783956659444018E-9, 5.939349189198151E-9, 0.6212209330724447, 4.808379311956968E-9, 0.378779039227538, 4.727542192747758E-9, 4.386544842049124E-9
240, Flight25, UNKNOWN, 0.6666666666350679, 4.2931898658109086E-10, 2.9431781294541386E-10, 0.16047090190060798, 4.4689323272111144E-11, 0.1728624306212153, 4.4687933384212126E-11, 4.2712498357481865E-11
240, Flight25, LOWRISK1, 0.4976812936330691, 1.2914098562480607E-9, 8.786216735271208E-10, 0.25976025833661653, 1.3452284151477975E-10, 0.24255844547529273, 1.3453563034980502E-10, 1.2854946086621396E-10
240, Flight25, LOWRISK2, 0.33333333242024565, 3.6670126765637533E-9, 2.4738238862799734E-9, 0.3568302819840227, 3.772910640142312E-10, 0.30983637835279837, 3.7714865899077447E-10, 3.6027487106745954E-10
240, Flight25, LOWRISK3, 0.3333333186501514, 1.570854258685682E-8, 1.0425337459416215E-8, 0.34212831358376694, 1.5936150777643497E-9, 0.3245383369393178, 1.5914154709799906E-9, 1.5204710990595541E-9
240, Flight25, LOWRISK4, 0.9999999973698308, 5.065772977984507E-10, 4.85705564717401E-10, 4.851833371802147E-10, 2.2783791653365376E-10, 4.858754770041418E-10, 2.280437146305449E-10, 2.235636965442565E-10
240, Flight26, SELECTEE, 0.6666666637087711, 1.5200039061447214E-8, 1.009521144752483E-8, 0.16307822933397173, 1.5644328484357006E-9, 0.17025507705256834, 1.5657003867934314E-9, 1.492471490357409E-9
240, Flight26, UNKNOWN, 0.9999999998476152, 3.1646308186202075E-11, 3.041449864458811E-11, 3.0410096058496E-11, 1.4120897168460996E-11, 3.0429150842542E-11, 1.4120855174265286E-11, 1.3861043423179692E-11
240, Flight26, LOWRISK1, 0.9999999991222109, 1.7080581392158137E-10, 1.6384107398388563E-10, 1.6377288185521138E-10, 7.662161151900166E-11, 1.6391046855033292E-10, 7.666644353611973E-11, 7.519815933304268E-11
240, Flight26, LOWRISK2, 0.9999999990107308, 1.9216111017062696E-10, 1.8432775724905275E-10, 1.8434455967599183E-10, 8.621209350545258E-11, 1.8445396222766577E-10, 8.62448084004426E-11, 8.460629851137373E-11
240, Flight26, LOWRISK3, 0.9999999973662639, 5.072508904987166E-10, 4.863808652019208E-10, 4.86006932953124E-10, 2.2821193837239048E-10, 4.866996384488973E-10, 2.2840838856958095E-10, 2.2393087489204832E-10
240, Flight26, LOWRISK4, 0.9999999883739129, 2.232507129696186E-9, 2.1389369756942187E-9, 2.1403873910720766E-9, 1.0015845549238161E-9, 2.141053344955949E-9, 1.0023790721187204E-9, 9.824099353236461E-10
240, Flight27, SELECTEE, 5.480666745261483E-10, 3.443751455079699E-9, 3.02201492545815E-9, 0.6313394154405967, 2.4017085009421818E-9, 0.3686605705894882, 2.3717142795547563E-9, 2.1952772986873478E-9
240, Flight27, UNKNOWN, 0.6666666666221914, 4.900505148886525E-10, 3.3513402147281667E-10, 0.1611800882984448, 5.111937837625222E-11, 0.1721532441156877, 5.11252457043909E-11, 4.8865024734542955E-11
240, Flight27, LOWRISK1, 0.49768129358345287, 1.5417673384782026E-9, 1.0484458192059391E-9, 0.25936132521293803, 1.6010080614007927E-10, 0.24295737815282945, 1.6011084866272165E-10, 1.5297284389475735E-10
240, Flight27, LOWRISK2, 0.33333333242024565, 3.6670126765637533E-9, 2.4738238862799734E-9, 0.3568302819840227, 3.772910640142312E-10, 0.30983637835279837, 3.7714865899077447E-10, 3.6027487106745954E-10
240, Flight27, LOWRISK3, 0.3333333200801238, 8.143032062022478E-9, 5.4724860470522645E-9, 0.3406160208396838, 8.064813115908429E-10, 0.3260506430956997, 8.053920291072721E-10, 7.69719169935937E-10
240, Flight27, LOWRISK4, 0.9999999952978509, 9.035820912333524E-10, 8.660426126747001E-10, 8.650526436116571E-10, 4.069892679385064E-10, 8.66317332646246E-10, 4.0748461336281565E-10, 3.9929856203704083E-10
240, Flight28, SELECTEE, 9.315293373922002E-10, 7.640082146906937E-9, 6.8479988571505686E-9, 0.051705401682227335, 0.921584567549434, 0.010794568296633252, 0.015915261706564054, 1.8535814895535276E-7
240, Flight28, UNKNOWN, 0.04166666662221646, 3.382744410299158E-10, 2.323855197966293E-10, 0.5935498434818852, 3.54494046606314E-11, 0.36478348923311626, 3.53947791051104E-11, 3.3895700756236175E-11
240, Flight28, LOWRISK1, 4.615422059643744E-11, 3.3311602688552647E-10, 3.0910541980162363E-10, 0.6363827623214757, 0.0530360000211996, 0.26595441976251455, 0.04462681360754372, 3.611508596892998E-9
240, Flight28, LOWRISK2, 1.8466909258332036E-10, 1.3377669267742392E-9, 1.2383142306169689E-9, 0.49935328508840865, 0.2737078535171808, 0.12564670909946002, 0.10129213435320852, 1.5193609486627838E-8
240, Flight28, LOWRISK3, 2.7494656048034373E-10, 1.991497854094168E-9, 1.8425684072103807E-9, 0.49978637564400635, 0.27462058646041027, 0.12521359657368702, 0.1003794145117175, 2.2713783914314347E-8
240, Flight28, LOWRISK4, 0.6666666612782771, 9.325639688157427E-9, 6.21507323123995E-9, 0.17231759241363206, 9.57136835502598E-10, 0.1610157279530831, 9.56385090286697E-10, 9.133908741542519E-10
240, Flight29, SELECTEE, 1.5307370862538883E-10, 1.1179654566263561E-9, 1.032975977756361E-9, 0.20501788573531277, 0.6900755816044077, 0.04498210982699095, 0.05992440674184117, 1.3800050306864109E-8
240, Flight29, UNKNOWN, 0.16666666662972918, 3.343170520391001E-10, 2.300817708729797E-10, 0.4690153945403813, 3.479271769018846E-11, 0.36431793817528146, 3.4777893916768054E-11, 3.325655563126775E-11
240, Flight29, LOWRISK1, 0.08217398004617318, 1.1984520782559812E-9, 8.169879968308816E-10, 0.5736792839311644, 1.2576690759579695E-10, 0.3441467336482699, 1.2556542839417098E-10, 1.2023787968684594E-10
240, Flight29, LOWRISK2, 2.2947070124057413E-10, 1.458914859586344E-9, 1.2914684169758642E-9, 0.6866036297833588, 1.2057047422393641E-9, 0.3133963637554188, 1.2022483154367831E-9, 1.0860333781601526E-9
240, Flight29, LOWRISK3, 1.4208475724421025E-9, 9.926583192984509E-9, 8.946454724729748E-9, 0.6384568629236355, 1.677646331053119E-8, 0.361543070264174, 1.533931273645504E-8, 1.4415146964570289E-8
240, Flight29, LOWRISK4, 0.9999999734496398, 5.136164990704844E-9, 4.879180791351454E-9, 5.03467147183353E-9, 2.1849071086794146E-9, 5.008199462364739E-9, 2.1811012669682262E-9, 2.1387531441984336E-9
240, Flight30, SELECTEE, 4.898941644682813E-10, 3.786516753370097E-9, 3.445449508466881E-9, 0.0514347612985934, 0.9213642254914236, 0.011065223560999291, 0.016135733221919857, 4.8717821212300985E-8
240, Flight30, UNKNOWN, 0.041666666584927216, 5.296544188622404E-10, 3.6269620429065897E-10, 0.6007920897909786, 5.553513950138288E-11, 0.3575412425801935, 5.55197892464435E-11, 5.3112820431768153E-11
240, Flight30, LOWRISK1, 4.1239918869839275E-11, 2.978689993114041E-10, 2.764537851885053E-10, 0.6367652384190011, 0.05296309554143913, 0.26557194381090476, 0.044699718387059315, 3.238650881696061E-9
240, Flight30, LOWRISK2, 5.777542170914305E-11, 4.130524818791281E-10, 3.8337942534541914E-10, 0.5018159358590429, 0.2717368526250397, 0.12318406214630095, 0.10326314367802898, 4.849998033809797E-9
240, Flight30, LOWRISK3, 3.654536886567655E-10, 2.6391283329160536E-9, 2.4404507173106845E-9, 0.49720992957185006, 0.2755805875345611, 0.12779003995417612, 0.09941940766848008, 2.983851777288838E-8
240, Flight30, LOWRISK4, 0.6666666600172758, 1.5089648034984696E-8, 1.0121135152418242E-8, 0.16997394932874627, 1.5843352579570596E-9, 0.1633593607772658, 1.5829593890355556E-9, 1.5112520793210304E-9