TimeWindow, Flight, RiskCategory, O49, O50, O51, O52, O53, O54, O55, O56
240, Flight1, SELECTEE, 1.3958115505839843E-10, 1.2519286443663905E-9, 9.40014524147502E-10, 0.47580718380727743, 0.26255208046865497, 0.1491928126756524, 0.11244791697094753, 3.7693138547024635E-9
240, Flight1, UNKNOWN, 0.9999999995454096, 1.0191843863040367E-10, 8.535502164929068E-11, 8.850993177404202E-11, 3.8775756611393787E-11, 8.850995655412545E-11, 3.877580785656294E-11, 3.611599167779131E-11
240, Flight1, LOWRISK1, 0.6615181103361604, 0.046336989920742665, 8.916025423911173E-10, 0.1536462229926399, 1.486362279350875E-10, 0.13849867545735778, 1.4863668122834996E-10, 1.2759468941369873E-10
240, Flight1, LOWRISK2, 0.405056701258473, 0.10448968555504427, 2.255901052386014E-9, 0.26018568489392263, 3.764195460223905E-10, 0.23026792498408605, 3.764103329521456E-10, 3.2311376374811235E-10
240, Flight1, LOWRISK3, 0.39595229998790155, 0.18642909486166306, 4.002681375661898E-8, 0.21327709054549843, 5.580226647833051E-9, 0.20434145866209208, 5.57651741559404E-9, 4.782657870738443E-9
240, Flight1, LOWRISK4, 0.9999999969158408, 6.396155895844843E-10, 5.565400221226213E-10, 5.565061892727026E-10, 2.7147775080843777E-10, 5.565796779778244E-10, 2.714937584726081E-10, 2.5531702077484956E-10
240, Flight2, SELECTEE, 0.14566995869810812, 0.18897036850836155, 6.782459353614516E-9, 0.3757818990212321, 1.1285790923193048E-9, 0.2895777637877683, 1.1280971789282278E-9, 9.687650534984765E-10
240, Flight2, UNKNOWN, 0.9999999995772749, 9.194292369415384E-11, 7.99400242635462E-11, 7.993950698726693E-11, 3.888390778899844E-11, 7.99410177888161E-11, 3.888422167488829E-11, 3.6564243384580023E-11
240, Flight2, LOWRISK1, 0.9999999992680215, 1.5557537044673204E-10, 1.3532492999078373E-10, 1.35325563209009E-10, 6.59066077160341E-11, 1.3532927460164875E-10, 6.590737439083611E-11, 6.198026010232018E-11
240, Flight2, LOWRISK2, 0.9999999989853798, 2.1373023815005298E-10, 1.859451377041463E-10, 1.8595655931601317E-10, 9.05965944587746E-11, 1.8596210838140696E-10, 9.059768581268504E-11, 8.520262478984414E-11
240, Flight2, LOWRISK3, 0.9999999753397957, 5.064155775571211E-9, 4.410234135891773E-9, 4.427440814154156E-9, 2.1566773158197945E-9, 4.437482381642328E-9, 2.15847636478545E-9, 2.029108441710581E-9
240, Flight2, LOWRISK4, 0.9999999972611022, 5.685703058132879E-10, 4.947167143070655E-10, 4.946689249753011E-10, 2.413075932459119E-10, 4.947395645847453E-10, 2.4132304739538665E-10, 2.2694237702112507E-10
240, Flight3, SELECTEE, 0.14762653701316997, 0.17136116571879506, 4.832289427082419E-9, 0.3845950656988729, 8.066026305985691E-10, 0.29641722445489604, 8.063436674605194E-10, 6.924009532555856E-10
240, Flight3, UNKNOWN, 0.9999999998542268, 3.495522841979736E-11, 3.033752622681611E-11, 3.033745265240894E-11, 1.4685680124503436E-11, 3.0337567463149437E-11, 1.4685652695890942E-11, 1.3804540944476355E-11
240, Flight3, LOWRISK1, 0.9999999995138724, 1.0498776389037107E-10, 9.129535071467835E-11, 9.12956430087346E-11, 4.442351663325796E-11, 9.129729971340893E-11, 4.44238553946419E-11, 4.177463735480091E-11
240, Flight3, LOWRISK2, 0.9999999988374043, 2.4417946220380664E-10, 2.124455319895958E-10, 2.1246004206812912E-10, 1.0352518788692388E-10, 2.1246728435904746E-10, 1.0352662440418526E-10, 9.736231107923929E-11
240, Flight3, LOWRISK3, 0.9999999753397957, 5.064155775571211E-9, 4.410234135891773E-9, 4.427440814154156E-9, 2.1566773158197945E-9, 4.437482381642328E-9, 2.15847636478545E-9, 2.029108441710581E-9
240, Flight3, LOWRISK4, 0.9999999938151578, 1.2776381673175995E-9, 1.111736020098285E-9, 1.111465089823143E-9, 5.425976710756574E-10, 1.1118024100137411E-9, 5.426767147401025E-10, 5.102965332456015E-10
240, Flight4, SELECTEE, 1.0812266077490043E-11, 2.5226868726299776E-11, 2.508537082537424E-11, 8.48105372780929E-11, 0.9999999913946279, 3.0240913338939674E-11, 4.633117165694577E-11, 8.406235662273263E-9
240, Flight4, UNKNOWN, 0.2566350021340744, 0.02361831307434264, 2.9263186121444405E-10, 0.421909931981444, 4.871463859833643E-11, 0.2978367524016261, 4.871422489096278E-11, 4.1822794672512515E-11
240, Flight4, LOWRISK1, 0.10512642204253483, 0.0538621936328002, 8.073224940480563E-10, 0.5603442971182325, 1.3456242172588937E-10, 0.28066708603784074, 1.34551019082058E-10, 1.1552660745045831E-10
240, Flight4, LOWRISK2, 2.0633143556961702E-10, 1.8369289968481311E-9, 1.1557084542891085E-9, 0.7081999671705708, 1.1583953525729844E-9, 0.29180002649420916, 1.1591628825237719E-9, 8.420005843151506E-10
240, Flight4, LOWRISK3, 1.7160714216007952E-9, 1.3199911971343209E-8, 9.755680121801459E-9, 0.6493010451283615, 2.3004346057827396E-8, 0.35069886953769314, 2.4198090233621092E-8, 1.3483216165834786E-8
240, Flight4, LOWRISK4, 0.8462467312872215, 0.05044603454206883, 4.519538158423722E-9, 0.05173659362965954, 7.057048712111238E-10, 0.05157063402913578, 7.05669482321869E-10, 6.043722528346115E-10
240, Flight5, SELECTEE, 2.0933410680558088E-10, 1.878537052831955E-9, 1.408620810287525E-9, 0.4743389101150079, 0.264686804940974, 0.15066108410573703, 0.11031319172965823, 5.635501436362685E-9
240, Flight5, UNKNOWN, 0.9999999997267301, 6.525444406192138E-11, 5.26185518833048E-11, 5.665023754708312E-11, 2.2389239004914396E-11, 5.665051739691487E-11, 2.2389259409927866E-11, 2.0688171569206124E-11
240, Flight5, LOWRISK1, 0.6609510179854826, 0.05144082125609438, 7.210371183796397E-10, 0.1483759784841835, 1.20190629701062E-10, 0.1392321812330145, 1.2019071168661554E-10, 1.0317724773817958E-10
240, Flight5, LOWRISK2, 0.4046510749501284, 0.10814032196542557, 2.602428142502701E-9, 0.25538556707553733, 4.342588168086777E-10, 0.23182303218859449, 4.3424707087113353E-10, 3.7275082680976684E-10
240, Flight5, LOWRISK3, 0.4030239814643148, 0.12278399937076107, 4.245614528122343E-9, 0.24627505011536138, 7.057220039690786E-10, 0.22791696281037627, 7.056435682388961E-10, 6.055772338520673E-10
240, Flight5, LOWRISK4, 0.9999999938137147, 1.2778985777257879E-9, 1.1119915845726445E-9, 1.1118096279383215E-9, 5.426970048257064E-10, 1.112101806637122E-9, 5.427640036929317E-10, 5.103938116245619E-10
240, Flight6, SELECTEE, 5.162063805770495E-10, 4.621162196302537E-9, 2.7477471149758813E-9, 0.6324301707038023, 2.182890639637517E-9, 0.3675698154171277, 2.1809166413562117E-9, 1.6556759300104813E-9
240, Flight6, UNKNOWN, 0.9999999997909185, 4.7985946063172416E-11, 4.1674854274762446E-11, 4.16749232446748E-11, 2.0217383562792545E-11, 4.1675092392624854E-11, 2.0217404047924192E-11, 1.9006984680169077E-11
240, Flight6, LOWRISK1, 0.9999999974396127, 6.850178125285768E-10, 3.881581205991559E-10, 5.925018527908652E-10, 1.1269509694194E-10, 5.925147591773831E-10, 1.1269577301989847E-10, 1.0017463559110917E-10
240, Flight6, LOWRISK2, 0.6583104892487742, 0.07520559406257844, 1.6109290137242495E-9, 0.13428504821691345, 2.687664899196148E-10, 0.13219886611596154, 2.687670181964014E-10, 2.306805920731861E-10
240, Flight6, LOWRISK3, 0.6536578647968891, 0.1170789723730415, 2.5566433787447817E-8, 0.11470414962293374, 2.82369807598949E-9, 0.11455897961145686, 2.8224121998031263E-9, 2.4065055785134447E-9
240, Flight6, LOWRISK4, 0.9999999964727557, 7.307934625788401E-10, 6.358821163387068E-10, 6.358160677001186E-10, 3.102147985791857E-10, 6.359221380304868E-10, 3.102382700978154E-10, 2.9174806371423285E-10
240, Flight7, SELECTEE, 1.7874084322595133E-10, 1.64569880084845E-9, 1.2142196315647718E-9, 0.20393327795724048, 0.6865967628792901, 0.0460667168618164, 0.06340323437592864, 4.910435809248187E-9
240, Flight7, UNKNOWN, 0.5524844525903033, 0.027639925191049637, 3.5344914269580715E-10, 0.21700248799469138, 5.885715733677559E-11, 0.20287313372563373, 5.885712833360413E-11, 5.0529061796693985E-11
240, Flight7, LOWRISK1, 0.3274361615054966, 0.05307453490849849, 7.887447819772501E-10, 0.3584625828579725, 1.3140095620415675E-10, 0.2610267195870509, 1.3139850087344378E-10, 1.1280800467389073E-10
240, Flight7, LOWRISK2, 0.15627728047717337, 0.09350447346110023, 1.6935147869106261E-9, 0.47879103830373493, 2.8251238733476057E-10, 0.2714272052803194, 2.8248121838836275E-10, 2.4253423351165474E-10
240, Flight7, LOWRISK3, 0.1534919306235111, 0.11857251182767392, 3.757339812787514E-9, 0.47183523982663017, 6.279083359815416E-10, 0.2561003121936774, 6.276666710005096E-10, 5.389632985356706E-10
240, Flight7, LOWRISK4, 0.9999999964708495, 7.311622267669755E-10, 6.362296555722526E-10, 6.362512952879725E-10, 3.103350956359481E-10, 6.363269895397615E-10, 3.1035112521309374E-10, 2.918647297821345E-10
240, Flight8, SELECTEE, 6.340581167008939E-10, 1.226820948501426E-8, 6.214976029256874E-9, 0.11707982374111772, 0.8201082928699691, 0.02577728641816496, 0.03703455585691952, 2.2019955832325914E-8
240, Flight8, UNKNOWN, 0.42603534421394945, 0.02282475798087651, 2.61106617650652E-10, 0.29446673842534, 4.346698363947972E-11, 0.25667315901784726, 4.3466818758038464E-11, 3.731729380482908E-11
240, Flight8, LOWRISK1, 0.23197793020780622, 0.055055761031642794, 7.373924864038782E-10, 0.4446470385627347, 1.2284252795457853E-10, 0.26831926913265297, 1.2283836375808203E-10, 1.0546057612740971E-10
240, Flight8, LOWRISK2, 0.08594225393105087, 0.08366256982092829, 1.4726472982510526E-9, 0.559522842265321, 2.4572452836221586E-10, 0.27087233183105225, 2.4568633869721094E-10, 2.1096014725350607E-10
240, Flight8, LOWRISK3, 0.07974308775348879, 0.13945496924195627, 4.8210400300357496E-9, 0.5182746021304842, 8.083843449411914E-10, 0.262527333766436, 8.07715201045835E-10, 6.938659059192588E-10
240, Flight8, LOWRISK4, 0.9999999964670772, 7.319351602769923E-10, 6.369256242516223E-10, 6.370781349963771E-10, 3.105579059401079E-10, 6.371476610592032E-10, 3.1057182981354535E-10, 2.9207752820446815E-10
240, Flight9, SELECTEE, 2.4993472524141193E-10, 2.3628676990461725E-9, 1.717122451134532E-9, 0.20368340365764578, 0.6866597183110109, 0.046316588699013006, 0.06334027815788056, 6.867895405377023E-9
240, Flight9, UNKNOWN, 0.5508684307413816, 0.04218412157789333, 5.949249647793532E-10, 0.2092561796259506, 9.911700309595958E-11, 0.19769126719989652, 9.91169683562375E-11, 8.508976543178047E-11
240, Flight9, LOWRISK1, 0.3274270651840624, 0.05315640188750605, 7.0667096368271E-10, 0.35785151232704604, 1.1771600337395448E-10, 0.26156501958159556, 1.1771399799565895E-10, 1.0105956857192129E-10
240, Flight9, LOWRISK2, 0.15042805253886318, 0.14614752225015742, 4.226838794184452E-9, 0.45297234408144, 7.059101470745367E-10, 0.2504520749084749, 7.057087444845013E-10, 6.059775628500535E-10
240, Flight9, LOWRISK3, 0.1510917280108064, 0.1401743348534085, 4.225967165381643E-9, 0.44423644549742586, 7.063696083523188E-10, 0.26449748541703205, 7.060590181030351E-10, 6.063020104382911E-10
240, Flight9, LOWRISK4, 0.9999999754696197, 5.040361150945023E-9, 4.393523184339619E-9, 4.387707040214922E-9, 2.155352241708887E-9, 4.392379112912533E-9, 2.156510488021332E-9, 2.027917862801531E-9
240, Flight10, SELECTEE, 3.1696329431859576E-10, 2.8326100782185273E-9, 1.7005012664557773E-9, 0.634001007271274, 1.3995155814353272E-9, 0.3659989839544269, 1.3988450196843925E-9, 1.0540051445567242E-9
240, Flight10, UNKNOWN, 0.9999999996758714, 7.165986535272948E-11, 6.227954008827688E-11, 6.227984970238838E-11, 3.02692269486552E-11, 6.228037083148561E-11, 3.0269342924212114E-11, 2.846115779531928E-11
240, Flight10, LOWRISK1, 0.9999999974576369, 7.040029288168924E-10, 3.6119288324327435E-10, 6.092834470930063E-10, 9.77571138743194E-11, 6.093063392039725E-10, 9.775780330327879E-11, 8.643351899079442E-11
240, Flight10, LOWRISK2, 0.6581360110655414, 0.07677589762648275, 1.691553382400671E-9, 0.13365129651348231, 2.8218497463219123E-10, 0.13143679231974598, 2.8218550146925474E-10, 2.421943245707615E-10
240, Flight10, LOWRISK3, 0.6531895831774627, 0.12129342631387142, 1.023999910342897E-7, 0.11284766933234634, 5.4636475572716615E-9, 0.11266920324250508, 5.452727593921719E-9, 4.6408190088435296E-9
240, Flight10, LOWRISK4, 0.999999987631885, 2.5494194075339568E-9, 2.2186063808115114E-9, 2.2174840595367635E-9, 1.0838564006720575E-9, 2.218611928266766E-9, 1.0841507838000125E-9, 1.0193565968153468E-9
240, Flight11, SELECTEE, 2.065528036922159E-12, 1.0928099358173912E-11, 1.092902287440666E-11, 3.803156997634498E-14, 0.9999999775020465, 1.592247332798175E-11, 4.645505811157433E-11, 2.2434985911909954E-8
240, Flight11, UNKNOWN, 0.2549488438191181, 0.0387937376766513, 5.141305156973091E-10, 0.4070593233472563, 8.561668948434658E-11, 0.2991980944214791, 8.56153287576985E-11, 7.350346460135468E-11
240, Flight11, LOWRISK1, 0.1057436663116716, 0.048306995331213895, 6.921425535899434E-10, 0.562919426633507, 1.1533804441719309E-10, 0.28302991072514627, 1.1532978051615524E-10, 9.902162985900455E-11
240, Flight11, LOWRISK2, 1.0114715871377628E-10, 8.994988858534015E-10, 5.711243499513683E-10, 0.709613820391767, 5.995477407045913E-10, 0.290386176429426, 5.99901545913119E-10, 4.3098692522977276E-10
240, Flight11, LOWRISK3, 2.2604309397052106E-10, 1.9363416511634875E-9, 1.4005999894607581E-9, 0.6922193946229139, 1.71610247387647E-8, 0.30778056221586275, 1.9663105899442696E-8, 2.797478504704463E-9
240, Flight11, LOWRISK4, 0.8460571103289454, 0.05215261977633528, 7.583222459373693E-9, 0.05099447704951764, 1.1259867181414952E-9, 0.05079578207024687, 1.125832945633653E-9, 9.63283313833102E-10
240, Flight12, SELECTEE, 2.087893023781947E-10, 1.892510645500215E-9, 1.4095459857369794E-9, 0.3206177524049116, 0.5051023398949402, 0.07938224161731987, 0.09489765691846053, 5.676892566297421E-9
240, Flight12, UNKNOWN, 0.7299416711999479, 0.030524957338732804, 4.842226453864127E-10, 0.11985852600173694, 8.06978781213934E-11, 0.11967484476805833, 8.069807739861942E-11, 6.927592754793166E-11
240, Flight12, LOWRISK1, 0.4587167376774099, 0.07154934672580719, 1.2548251439244498E-9, 0.26233387656506096, 2.0921598517437867E-10, 0.20740003720223837, 2.0921326542548714E-10, 1.795998680035303E-10
240, Flight12, LOWRISK2, 0.25409283312008857, 0.11316449898607445, 2.256360008595755E-9, 0.3795686736963873, 3.765521128047667E-10, 0.2531739908881398, 3.765239297676355E-10, 3.232446495865383E-10
240, Flight12, LOWRISK3, 0.24390153174488058, 0.20488606510655405, 1.7958233454744328E-8, 0.31509990501257007, 2.8128612670062367E-9, 0.2361124721647959, 2.811095801347451E-9, 2.4123796959482433E-9
240, Flight12, LOWRISK4, 0.9999999964719044, 7.309520787307967E-10, 6.360367627638431E-10, 6.360153433904559E-10, 3.102697905450791E-10, 6.361018523815865E-10, 3.102885020612429E-10, 2.9180192492016917E-10
240, Flight13, SELECTEE, 1.394743741426389E-10, 1.5917689755414026E-9, 1.047442795708194E-9, 0.05157810021428211, 0.9209247947570548, 0.01092189512133043, 0.016575202913972877, 4.238044260149109E-9
240, Flight13, UNKNOWN, 0.328556010416101, 0.04299590480113038, 5.849409288123535E-10, 0.3491961916648414, 9.742124814228314E-11, 0.2792518922778786, 9.742018325110876E-11, 8.363676825638091E-11
240, Flight13, LOWRISK1, 0.16108177074058397, 0.050264054576536425, 6.922643770493951E-10, 0.5119270514842692, 1.153290032003476E-10, 0.2767271222000529, 1.1532324846966016E-10, 9.901161172067132E-11
240, Flight13, LOWRISK2, 0.02990619457332812, 0.1058442440848075, 4.235493204326146E-9, 0.6130036754235342, 7.081318125433358E-10, 0.2512458796826463, 7.074372268821101E-10, 6.079923366531043E-10
240, Flight13, LOWRISK3, 0.02818078531833756, 0.12137284400206895, 6.6874847189635825E-9, 0.5885970474953581, 1.143983788911885E-9, 0.26184931325347577, 1.1415093000267956E-9, 9.811525571641673E-10
240, Flight13, LOWRISK4, 0.9999999923873993, 1.6840853846074182E-9, 1.351666006470144E-9, 1.4640241455950088E-9, 5.719839050366104E-10, 1.4642238185399884E-9, 5.720152705989518E-10, 5.279726782279915E-10
240, Flight14, SELECTEE, 1.570259149154768E-10, 1.4084377798023175E-9, 1.0572250058955718E-9, 0.4753869378327589, 0.2631914416099754, 0.14961305808470746, 0.11180855563690562, 4.236334623579879E-9
240, Flight14, UNKNOWN, 0.9999999997456868, 6.190879458561477E-11, 4.90395294382671E-11, 5.371912815623247E-11, 2.030075192780882E-11, 5.37193528518509E-11, 2.030073051888667E-11, 1.8695738426817483E-11
240, Flight14, LOWRISK1, 0.66203096199395, 0.041721325047395966, 8.471180899281759E-10, 0.16340002766909295, 1.4120984335553848E-10, 0.13284768406217418, 1.4121005599670134E-10, 1.2121976138611577E-10
240, Flight14, LOWRISK2, 0.40430097685448757, 0.11129120533931297, 2.114876868971733E-9, 0.25770687367622386, 3.529159286271158E-10, 0.2267009410297039, 3.5290794536218E-10, 3.029416066035495E-10
240, Flight14, LOWRISK3, 0.3985093014543129, 0.16341611795280409, 5.676886753078089E-9, 0.22140912731614273, 9.405222578243885E-10, 0.21666544493531828, 9.403863320513267E-10, 8.069973834182215E-10
240, Flight14, LOWRISK4, 0.9999999950540247, 1.0227104565840924E-9, 8.899172924779875E-10, 8.898117204585806E-10, 4.3423746728111165E-10, 8.899997486324693E-10, 4.3427974213124057E-10, 4.083894915811889E-10
240, Flight15, SELECTEE, 1.562443333380356E-10, 1.4971627318735601E-9, 1.0801230357902887E-9, 0.11735065109587167, 0.8202616105074154, 0.025506487109199567, 0.036881244215025526, 4.362328255660063E-9
240, Flight15, UNKNOWN, 0.42550951523390984, 0.02755721871184955, 3.4630700376047043E-10, 0.2917801481978042, 5.7658672703125564E-11, 0.2551531173686819, 5.7658491496907174E-11, 4.950093910869744E-11
240, Flight15, LOWRISK1, 0.22978439267049713, 0.07479759837124338, 1.2105333882618906E-9, 0.43041448420018213, 2.0179730390963136E-10, 0.26500352299409063, 2.0178543484359417E-10, 1.7324120549747328E-10
240, Flight15, LOWRISK2, 0.08368854378543178, 0.10394596031207222, 2.2558112186461576E-9, 0.5504016106208651, 3.767824522576115E-10, 0.26196388197224785, 3.766863935462759E-10, 3.234737181281202E-10
240, Flight15, LOWRISK3, 0.07663605701227989, 0.1674182421396106, 8.495368670222409E-9, 0.4986136428426444, 1.41554606625915E-9, 0.2573320454896487, 1.413437281093472E-9, 1.214835012821531E-9
240, Flight15, LOWRISK4, 0.9999999876179197, 2.5503242995339508E-9, 2.221018866697025E-9, 2.2215564675948794E-9, 1.0845423419454524E-9, 2.2229938963070497E-9, 1.0848226794415093E-9, 1.0201923533264738E-9
240, Flight16, SELECTEE, 1.7903590299493427E-10, 1.6177578879156905E-9, 1.2075451553301256E-9, 0.3209369138174019, 0.5046957157285046, 0.07906308118426891, 0.09530428141626236, 4.872593861494796E-9
240, Flight16, UNKNOWN, 0.7296708135027226, 0.03296267655733944, 5.379203259495483E-10, 0.11841948285272978, 8.96599045248021E-11, 0.1189470263163701, 8.966014241936385E-11, 7.696865922367641E-11
240, Flight16, LOWRISK1, 0.46159721796651026, 0.04562502463223835, 7.706939295389566E-10, 0.2836979244511645, 1.284036665258391E-10, 0.20907983183572423, 1.2840307899172676E-10, 1.1023277070591804E-10
240, Flight16, LOWRISK2, 0.25615906182282006, 0.09456844115906483, 1.7823947189483021E-9, 0.3927092894593598, 2.9732032541561665E-10, 0.25656320494987434, 2.973024843481437E-10, 2.5523414666457904E-10
240, Flight16, LOWRISK3, 0.24597643908247477, 0.18621190894486506, 8.540430524294376E-9, 0.32588601694169095, 1.4103795025998147E-9, 0.24192562248357838, 1.4097762054025067E-9, 1.210175188873395E-9
240, Flight16, LOWRISK4, 0.9999999917466754, 1.7030641168562826E-9, 1.4820589922391649E-9, 1.4817938977546045E-9, 7.234837271203613E-10, 1.4822716000514971E-9, 7.235944964432593E-10, 6.804284568331221E-10
240, Flight17, SELECTEE, 1.394743741426389E-10, 1.5917689755414026E-9, 1.047442795708194E-9, 0.05157810021428211, 0.9209247947570548, 0.01092189512133043, 0.016575202913972877, 4.238044260149109E-9
240, Flight17, UNKNOWN, 0.3301399884534879, 0.02874010270737476, 3.5354675605285694E-10, 0.3574569117136908, 5.886164857687793E-11, 0.28366299662701355, 5.886126325684046E-11, 5.053389742628703E-11
240, Flight17, LOWRISK1, 0.16017084232476023, 0.05846241013316807, 8.695102085603703E-10, 0.5024839155210952, 1.4489845113674397E-10, 0.2788828307606513, 1.448892423374942E-10, 1.2439790233320024E-10
240, Flight17, LOWRISK2, 0.02990619457332812, 0.1058442440848075, 4.235493204326146E-9, 0.6130036754235342, 7.081318125433358E-10, 0.2512458796826463, 7.074372268821101E-10, 6.079923366531043E-10
240, Flight17, LOWRISK3, 0.02951943455369744, 0.10932500273140269, 4.773578933152963E-9, 0.5976480565986175, 8.144381020742218E-10, 0.26350749903956827, 8.133039665790766E-10, 6.987635456514537E-10
240, Flight17, LOWRISK4, 0.999999991356177, 1.880085562543426E-9, 1.5412437660016387E-9, 1.6345407472924367E-9, 6.752749527170914E-10, 1.6347807444914567E-9, 6.753161231725288E-10, 6.259518597741939E-10
240, Flight18, SELECTEE, 3.812913218388891E-10, 3.410344023911396E-9, 2.0050715928610315E-9, 0.6337307279111355, 1.509468100783842E-9, 0.36626926213957356, 1.508540039783677E-9, 1.1541990494792897E-9
240, Flight18, UNKNOWN, 0.9999999996758714, 7.165986535272948E-11, 6.227954008827688E-11, 6.227984970238838E-11, 3.02692269486552E-11, 6.228037083148561E-11, 3.0269342924212114E-11, 2.846115779531928E-11
240, Flight18, LOWRISK1, 0.9999999973821706, 6.576982866311534E-10, 4.318210899240355E-10, 5.691365823870741E-10, 1.4261292211678852E-10, 5.691458260903991E-10, 1.4261370591922172E-10, 1.2817151315847798E-10
240, Flight18, LOWRISK2, 0.6589651113142291, 0.0693139956865614, 1.4093581931729897E-9, 0.13679446918259092, 2.352156794537131E-10, 0.13492642175831246, 2.35216175953409E-10, 2.0188684514083848E-10
240, Flight18, LOWRISK3, 0.6571292451630425, 0.0858365715156913, 4.4675266333931485E-9, 0.12546875010979044, 7.072384115754993E-10, 0.1315654267469444, 7.072073699350478E-10, 6.059297437479317E-10
240, Flight18, LOWRISK4, 0.999999987631885, 2.5494194075339568E-9, 2.2186063808115114E-9, 2.2174840595367635E-9, 1.0838564006720575E-9, 2.218611928266766E-9, 1.0841507838000125E-9, 1.0193565968153468E-9
240, Flight19, SELECTEE, 2.4993472524154143E-10, 2.362867699051363E-9, 1.7171224511392042E-9, 0.20368340365187268, 0.6866597183000093, 0.04631658870478583, 0.06334027816888235, 6.86789540536872E-9
240, Flight19, UNKNOWN, 0.552741632659883, 0.02532530459659304, 3.2317865382729076E-10, 0.21761800918637103, 5.381292142597545E-11, 0.20431505310352033, 5.381287968557359E-11, 4.6198768221247154E-11
240, Flight19, LOWRISK1, 0.32694247490000655, 0.05751771424918689, 8.92375565836294E-10, 0.3588890657908073, 1.4868751782080032E-10, 0.25665074376597524, 1.4868427491201548E-10, 1.2764739016022256E-10
240, Flight19, LOWRISK2, 0.14897259058239765, 0.1592466783754239, 5.641194930779479E-9, 0.44519288928966155, 9.408462751440744E-10, 0.24658783344571136, 9.404988760798223E-10, 8.076361962586674E-10
240, Flight19, LOWRISK3, 0.14401314519042296, 0.2038815660879717, 1.7844332709451683E-8, 0.4004514181070293, 2.81757550387007E-9, 0.2516538447449519, 2.813619803279741E-9, 2.4174670584665664E-9
240, Flight19, LOWRISK4, 0.9999999917428938, 1.7037458158231288E-9, 1.482747171742217E-9, 1.4826523428141453E-9, 7.23728281602899E-10, 1.4831047583682056E-9, 7.238292949142228E-10, 6.806692543916878E-10
240, Flight20, SELECTEE, 1.0812266077490043E-11, 2.5226868726299776E-11, 2.508537082537424E-11, 8.48105372780929E-11, 0.9999999913946279, 3.0240913338939674E-11, 4.633117165694577E-11, 8.406235662273263E-9
240, Flight20, UNKNOWN, 0.2563348810742909, 0.026319402577005692, 3.263782999959738E-10, 0.41826478372044895, 5.43353038106517E-11, 0.29908093216992837, 5.4334772630363994E-11, 4.6648200095754095E-11
240, Flight20, LOWRISK1, 0.10491599996096863, 0.055755992324681904, 8.476243947130583E-10, 0.5597016869034912, 1.4129109597047885E-10, 0.2796263195827316, 1.4127845430507644E-10, 1.2130341851507188E-10
240, Flight20, LOWRISK2, 1.1162448966235512E-10, 9.930795533446964E-10, 6.295697420633673E-10, 0.7092951083855118, 6.552502652399463E-10, 0.2907048881206676, 6.556254398031035E-10, 4.720665993487577E-10
240, Flight20, LOWRISK3, 2.7083039656809553E-10, 2.3181538201066405E-9, 1.661242210531525E-9, 0.6911432654494883, 1.7419462671877572E-8, 0.3088566900420476, 1.9608294064323964E-8, 3.2538515951328705E-9
240, Flight20, LOWRISK4, 0.8461639835303072, 0.0511907635875488, 5.2144824601322804E-9, 0.05145189401327829, 8.059029362808897E-10, 0.051193351375962134, 8.058485988662443E-10, 6.900403966272678E-10
240, Flight21, SELECTEE, 1.5721010238331853E-10, 1.897460226272481E-9, 1.2134699241455664E-9, 0.05158251119055165, 0.9208959772878473, 0.010917483281673742, 0.016604020092069273, 4.903088362480628E-9
240, Flight21, UNKNOWN, 0.3287434493053355, 0.04130895482817159, 5.562015549692648E-10, 0.349984672172599, 9.263061316220449E-11, 0.2799629228962788, 9.262966014955373E-11, 7.952415893120143E-11
240, Flight21, LOWRISK1, 0.15918897581612598, 0.06729920851187368, 1.059383819776347E-9, 0.49886652314618424, 1.7659343181201367E-10, 0.27464529098502244, 1.765794017746223E-10, 1.5160779900549998E-10
240, Flight21, LOWRISK2, 0.03332669808856638, 0.07505971517107582, 1.611172216357459E-9, 0.6282610524374614, 2.6931148017265627E-10, 0.2633525319453217, 2.6923646887459217E-10, 2.312251082790334E-10
240, Flight21, LOWRISK3, 0.02692820827820698, 0.1326459288027838, 1.2154117083674438E-7, 0.5601700545844965, 6.590173419231237E-9, 0.28025566789788664, 6.4474136166411196E-9, 5.881238890083051E-9
240, Flight21, LOWRISK4, 0.9999999923873993, 1.6840853846074182E-9, 1.351666006470144E-9, 1.4640241455950088E-9, 5.719839050366104E-10, 1.4642238185399884E-9, 5.720152705989518E-10, 5.279726782279915E-10
240, Flight22, SELECTEE, 1.22593682739193E-9, 1.4750221188074554E-8, 9.404900288640398E-9, 0.3178044437369457, 0.5071212152764522, 0.08219550995449366, 0.09287877269807164, 3.297634934086029E-8
240, Flight22, UNKNOWN, 0.7308357037939417, 0.022478664191572868, 2.949559975110461E-10, 0.12327281921574794, 4.912856228260741E-11, 0.12341281238671839, 4.9128579861992376E-11, 4.217650442845401E-11
240, Flight22, LOWRISK1, 0.4587167376774099, 0.07154934672580719, 1.2548251439244498E-9, 0.26233387656506096, 2.0921598517437867E-10, 0.20740003720223837, 2.0921326542548714E-10, 1.795998680035303E-10
240, Flight22, LOWRISK2, 0.24780793577783822, 0.169728570304233, 6.783431554217945E-9, 0.34939055726169577, 1.1277677784619347E-9, 0.23307292667290305, 1.1275699463795126E-9, 9.67931509407505E-10
240, Flight22, LOWRISK3, 0.24283998672617937, 0.21443994499834526, 4.208002023104564E-8, 0.30842116200208985, 5.57585313407105E-9, 0.2342988482875892, 5.571566629604793E-9, 4.7817270476926244E-9
240, Flight22, LOWRISK4, 0.9999999876268775, 2.5501552333486933E-9, 2.219483114404412E-9, 2.218648661924512E-9, 1.0842475247270096E-9, 2.2197027280857246E-9, 1.0845069174618452E-9, 1.0197490362432385E-9
240, Flight23, SELECTEE, 1.2219031457810901E-11, 2.7255586427786376E-11, 2.7154214451004723E-11, 9.496773252852167E-11, 0.999999986349203, 3.209571228276866E-11, 4.640241506791271E-11, 1.3434072974001189E-8
240, Flight23, UNKNOWN, 0.2546647193862098, 0.041350857528665665, 5.562331810233954E-10, 0.4057019943722264, 9.263385493711296E-11, 0.2982824279152419, 9.263224477480375E-11, 7.95276301172254E-11
240, Flight23, LOWRISK1, 0.10401703078514142, 0.06384671471919523, 1.0270838945018625E-9, 0.5572684172408503, 1.7126499177985715E-10, 0.27486783576155194, 1.712459177893259E-10, 1.470369167775875E-10
240, Flight23, LOWRISK2, 1.3201709297164895E-10, 1.1749225890762083E-9, 7.430946172701619E-10, 0.7090349704018992, 7.636256502514115E-10, 0.2909650254919132, 7.640567911464806E-10, 5.518519667667848E-10
240, Flight23, LOWRISK3, 1.7160714216007952E-9, 1.3199911971343209E-8, 9.755680121801459E-9, 0.6493010451283615, 2.3004346057827396E-8, 0.35069886953769314, 2.4198090233621092E-8, 1.3483216165834786E-8
240, Flight23, LOWRISK4, 0.8460571103289454, 0.05215261977633528, 7.583222459373693E-9, 0.05099447704951764, 1.1259867181414952E-9, 0.05079578207024687, 1.125832945633653E-9, 9.63283313833102E-10
240, Flight24, SELECTEE, 1.7944893371149347E-10, 1.6097822708798213E-9, 1.2078585163629915E-9, 0.4749031504259926, 0.26390167043417856, 0.15009684476441013, 0.11109832656540093, 4.836298789909409E-9
240, Flight24, UNKNOWN, 0.9999999996525989, 7.98342098589063E-11, 6.611095797622933E-11, 6.93408884428633E-11, 2.940981710950056E-11, 6.934128030812857E-11, 2.9409867291377924E-11, 2.7324372807086954E-11
240, Flight24, LOWRISK1, 0.6618677358544857, 0.04319036036460033, 7.881018120069471E-10, 0.1543354128753172, 1.3136449411634995E-10, 0.14060648976536816, 1.3136458702574255E-10, 1.1276839044654971E-10
240, Flight24, LOWRISK2, 0.4031911107552097, 0.12127999922195012, 3.075136190012925E-9, 0.25422689957565286, 5.131136736974076E-10, 0.2213019859287978, 5.130966805521756E-10, 4.4041353287328226E-10
240, Flight24, LOWRISK3, 0.3987931143166439, 0.16086179906967285, 8.6419518532445E-9, 0.22788199997625327, 1.4099159464737514E-9, 0.21246307399004535, 1.4096326949060742E-9, 1.2092546927628223E-9
240, Flight24, LOWRISK4, 0.9999999917486745, 1.702715481792124E-9, 1.4816991040123534E-9, 1.4813313097137417E-9, 7.233469409543983E-10, 1.4818419620495705E-9, 7.23467998398601E-10, 6.802934938688847E-10
240, Flight25, SELECTEE, 1.1998966458549147E-9, 1.0750986688350583E-8, 6.516838054723544E-9, 0.6190447658645035, 5.839086422413715E-9, 0.3809551996642329, 5.8390625099169255E-9, 4.348324000540708E-9
240, Flight25, UNKNOWN, 0.9999999997991367, 4.629465055320365E-11, 4.020294178705971E-11, 4.0202999911294897E-11, 1.94993780317888E-11, 4.020314938643542E-11, 1.9499390688395313E-11, 1.8331677807847E-11
240, Flight25, LOWRISK1, 0.9999999974364845, 6.82506229328843E-10, 3.9176133172153096E-10, 5.903177756522101E-10, 1.148841828800616E-10, 5.903299762849394E-10, 1.1488485949966073E-10, 1.022018498888635E-10
240, Flight25, LOWRISK2, 0.6568303695818611, 0.08852667001156603, 2.6062117849026485E-9, 0.12908628793611773, 4.3380367214429725E-10, 0.125556668647746, 4.338037180330549E-10, 3.722606009853104E-10
240, Flight25, LOWRISK3, 0.6569001572369484, 0.08789835240067874, 1.4385814546689786E-8, 0.1124774476262203, 1.8933510864217176E-9, 0.14272402297182954, 1.8927988971132215E-9, 1.6157292475229133E-9
240, Flight25, LOWRISK4, 0.9999999972609646, 5.685989548445741E-10, 4.947398761268237E-10, 4.947020438786842E-10, 2.4131679948483374E-10, 4.947665650245444E-10, 2.4133085420368684E-10, 2.269509761434057E-10
240, Flight26, SELECTEE, 0.6542168656113648, 0.11204820402296677, 1.2334566899890367E-8, 0.11755387409727217, 1.868847508448248E-9, 0.1161810386200248, 1.868673316672116E-9, 1.600670615027714E-9
240, Flight26, UNKNOWN, 0.9999999998530902, 3.518868933426385E-11, 3.054182090998717E-11, 3.0541708199592416E-11, 1.4784422267039486E-11, 3.0541859854588265E-11, 1.478441288183368E-11, 1.3897533202306925E-11
240, Flight26, LOWRISK1, 0.9999999991016694, 1.8996045644170846E-10, 1.6524836066881214E-10, 1.6524413141118024E-10, 8.051622257542238E-11, 1.652518961002147E-10, 8.051785374339115E-11, 7.572055710841846E-11
240, Flight26, LOWRISK2, 0.9999999989867595, 2.1362513950218262E-10, 1.8584477914226532E-10, 1.85840433775266E-10, 9.05670321987412E-11, 1.8584966658094408E-10, 9.056894153508244E-11, 8.517358505683069E-11
240, Flight26, LOWRISK3, 0.9999999972619413, 5.685820846355775E-10, 4.947424998926584E-10, 4.947128272244357E-10, 2.413202221517305E-10, 4.947735925867338E-10, 2.4133325780330854E-10, 2.2695603574663962E-10
240, Flight26, LOWRISK4, 0.9999999876359272, 2.5489038676080818E-9, 2.218090881262226E-9, 2.2167770836803405E-9, 1.0836215316609963E-9, 2.217996937046747E-9, 1.0839503848116052E-9, 1.0191280394213701E-9
240, Flight27, SELECTEE, 6.285933680779615E-10, 5.627590638392407E-9, 3.3759390905891107E-9, 0.6308145110790178, 2.8032911904682023E-9, 0.36918547159695514, 2.800532114439418E-9, 2.111270717427107E-9
240, Flight27, UNKNOWN, 0.999999999767438, 5.2817870898074337E-11, 4.588013686928877E-11, 4.588023833029004E-11, 2.226880434105524E-11, 4.588047025522706E-11, 2.2268845547271795E-11, 2.0936417595743656E-11
240, Flight27, LOWRISK1, 0.9999999974105889, 6.67240626471656E-10, 4.147406837178937E-10, 5.771994597954849E-10, 1.3003301178848273E-10, 5.772096085297909E-10, 1.3003373232179497E-10, 1.1632460300158067E-10
240, Flight27, LOWRISK2, 0.6568303695818611, 0.08852667001156603, 2.6062117849026485E-9, 0.12908628793611773, 4.3380367214429725E-10, 0.125556668647746, 4.338037180330549E-10, 3.722606009853104E-10
240, Flight27, LOWRISK3, 0.655241977986261, 0.1028219746738734, 5.8055413148301144E-9, 0.1200156696857079, 9.410052309085378E-10, 0.12192036918325747, 9.409452462410066E-10, 8.067790833076995E-10
240, Flight27, LOWRISK4, 0.9999999950546156, 1.0225981769837342E-9, 8.898127701932331E-10, 8.896722672647397E-10, 4.3419810025551984E-10, 8.898777431247787E-10, 4.342447312587577E-10, 4.08351433622955E-10
240, Flight28, SELECTEE, 1.7679591742896363E-10, 1.5618607146117692E-7, 3.9143459617176785E-8, 0.05165312314181169, 0.921601241310172, 0.010846580462010256, 0.01589880284621719, 5.675683258828895E-8
240, Flight28, UNKNOWN, 0.3310809696452618, 0.02027127210323893, 2.373957998522559E-10, 0.37168806187251, 3.9516681171397464E-11, 0.2769596960520051, 3.951654420459325E-11, 3.392592300577853E-11
240, Flight28, LOWRISK1, 0.15778801812659943, 0.07990782740742068, 1.3553747656565985E-9, 0.49386398681399046, 2.260356380706254E-10, 0.2684401656738851, 2.260117911533341E-10, 1.940529073453676E-10
240, Flight28, LOWRISK2, 0.02915943779218815, 0.11256505363021616, 5.673201250114282E-9, 0.6087517322657937, 9.449923898515192E-10, 0.24952376796201453, 9.43637889499498E-10, 8.113266653058177E-10
240, Flight28, LOWRISK3, 0.027683193311162937, 0.12585117047112507, 8.374054811506695E-9, 0.5848827799287729, 1.4325503684407329E-9, 0.261582843848828, 1.4285382360809623E-9, 1.228338180174975E-9
240, Flight28, LOWRISK4, 0.9999999923873993, 1.6840853846074182E-9, 1.351666006470144E-9, 1.4640241455950088E-9, 5.719839050366104E-10, 1.4642238185399884E-9, 5.720152705989518E-10, 5.279726782279915E-10
240, Flight29, SELECTEE, 1.7874084322595133E-10, 1.64569880084845E-9, 1.2142196315647718E-9, 0.20393327795724048, 0.6865967628792901, 0.0460667168618164, 0.06340323437592864, 4.910435809248187E-9
240, Flight29, UNKNOWN, 0.5535230533226504, 0.018292518725168273, 2.3407945703563284E-10, 0.22297298858906334, 3.8969048370055644E-11, 0.20521143904101527, 3.8968922904132715E-11, 3.345587213226514E-11
240, Flight29, LOWRISK1, 0.3271852740253958, 0.05533252216742735, 8.478192923382747E-10, 0.3587158701885219, 1.412542975957616E-10, 0.25876633239043423, 1.4125142736232998E-10, 1.2126656350701829E-10
240, Flight29, LOWRISK2, 0.15109348976682083, 0.14015858769096323, 3.757141594274191E-9, 0.4562888332768485, 6.275491828744487E-10, 0.25245908373794324, 6.273894097377369E-10, 5.387146743875272E-10
240, Flight29, LOWRISK3, 0.1428078894010027, 0.21472884278502907, 4.240140530459369E-8, 0.3916485014398883, 5.590602027061318E-9, 0.25081470802923256, 5.578284425222462E-9, 4.797926487159962E-9
240, Flight29, LOWRISK4, 0.9999999754696197, 5.040361150945023E-9, 4.393523184339619E-9, 4.387707040214922E-9, 2.155352241708887E-9, 4.392379112912533E-9, 2.156510488021332E-9, 2.027917862801531E-9
240, Flight30, SELECTEE, 6.559009333663621E-10, 4.338000635501157E-8, 1.496249847466273E-8, 0.05148363436302692, 0.9213755791735984, 0.011016272996202784, 0.01612441488293743, 3.960919944855241E-8
240, Flight30, UNKNOWN, 0.330002790708885, 0.02997488238844042, 3.729595244211923E-10, 0.3564434240032008, 6.209551312761837E-11, 0.28357890237238415, 6.209508912043889E-11, 5.331019730661289E-11
240, Flight30, LOWRISK1, 0.1584523792810049, 0.0739285771696624, 1.2104301760307193E-9, 0.4963908492027741, 2.0181941527980724E-10, 0.2712281925826149, 2.018007250855663E-10, 1.7326384536488195E-10
240, Flight30, LOWRISK2, 0.033131113781217796, 0.07681997385347843, 1.6915502985275307E-9, 0.6272801196251282, 2.8279034726297916E-10, 0.26276879026370076, 2.827065868874891E-10, 2.427982974135741E-10
240, Flight30, LOWRISK3, 0.027412779056047092, 0.128284896183393, 1.1198959608412677E-8, 0.5810502585539342, 1.9131253560075735E-9, 0.263252049571945, 1.906034734017647E-9, 1.6399317084004324E-9
240, Flight30, LOWRISK4, 0.9999999893556116, 2.2833028844300367E-9, 1.902228961602696E-9, 1.9853861631885494E-9, 8.569354014389999E-10, 1.985763499038998E-9, 8.570073252865009E-10, 7.97134851168576E-10