TimeWindow, Flight, RiskCategory, O281, O282, O283, O284, O285, O286, O287, O288
240, Flight1, SELECTEE, 4.793725250646119E-11, 4.309324765668563E-10, 3.2331737320567704E-10, 0.47619746788154454, 0.2611610966691336, 0.14880253071169286, 0.11383890264228513, 1.2934605094252832E-9
240, Flight1, UNKNOWN, 0.9999999991496447, 2.4746403194746363E-10, 1.0395788531347544E-10, 2.131897499091923E-10, 2.532921496498634E-11, 2.1319066874671627E-10, 2.532925419702875E-11, 2.2198255550687294E-11
240, Flight1, LOWRISK1, 0.4107345767210968, 0.05338880925760247, 3.0643521786432175E-10, 0.27912778375699104, 5.108056048331567E-11, 0.2567488298122182, 5.108027026896994E-11, 4.379887547305294E-11
240, Flight1, LOWRISK2, 0.32102839664003674, 0.1107444310866286, 7.758272807179537E-10, 0.3053746358594009, 1.2936817453295576E-10, 0.2628525352687549, 1.2936661203849507E-10, 1.109205925666171E-10
240, Flight1, LOWRISK3, 0.309318502464856, 0.21613346097694394, 1.1609393074889231E-8, 0.24317852436330004, 1.935030049165726E-9, 0.23136949505680535, 1.934723020128427E-9, 1.6592523511155543E-9
240, Flight1, LOWRISK4, 0.9999999989347206, 2.1945628306825358E-10, 1.9076431663801946E-10, 1.9075686049341522E-10, 9.314133222548332E-11, 1.907663531813817E-10, 9.314369928837546E-11, 8.755440161050034E-11
240, Flight2, SELECTEE, 0.146282478113669, 0.18345769513565138, 2.327478737186258E-9, 0.37276253635192386, 3.8799438089952877E-10, 0.2974972869629677, 3.879676241897274E-10, 3.3265115928441854E-10
240, Flight2, UNKNOWN, 0.9999999998480182, 3.1364579370747374E-11, 2.72641043998126E-11, 2.7264006773265834E-11, 1.3308876503211567E-11, 2.7264219565806025E-11, 1.3308922063340312E-11, 1.251060568654831E-11
240, Flight2, LOWRISK1, 0.9999999997418829, 5.322252587477568E-11, 4.626546780843678E-11, 4.626605245434696E-11, 2.258490866469058E-11, 4.62663875435527E-11, 2.2584978130791633E-11, 2.12303794271794E-11
240, Flight2, LOWRISK2, 0.9999999996206987, 7.895652940228118E-11, 6.792708770729575E-11, 6.861504006904029E-11, 3.2508983187889605E-11, 6.861543347958612E-11, 3.250908019312622E-11, 3.047262201509666E-11
240, Flight2, LOWRISK3, 0.9999999902119249, 2.0597936649160437E-9, 1.749523032666436E-9, 1.7888958002248767E-9, 8.184323223377621E-10, 1.788565294417495E-9, 8.184597423176092E-10, 7.647088615239155E-10
240, Flight2, LOWRISK4, 0.9999999990531129, 1.9507414285830822E-10, 1.6957023157579634E-10, 1.6956257539481615E-10, 8.279222048435408E-11, 1.6957130538149201E-10, 8.279437054929675E-11, 7.782608148920058E-11
240, Flight3, SELECTEE, 0.1483717863333437, 0.16465392185603875, 1.6622397666925012E-9, 0.3815159583619483, 2.7718541361054543E-10, 0.30545833099472364, 2.771695619397692E-10, 2.376545631422078E-10
240, Flight3, UNKNOWN, 0.9999999999430487, 1.1793345133850616E-11, 1.025097236919701E-11, 1.0250955943842674E-11, 5.002956199557362E-12, 1.025098837774699E-11, 5.0029636312407905E-12, 4.702826936904654E-12
240, Flight3, LOWRISK1, 0.9999999998262575, 3.584598862349275E-11, 3.116001896171735E-11, 3.116033718708289E-11, 1.5210555252472834E-11, 3.116047572736439E-11, 1.5210584483666375E-11, 1.4298269617223994E-11
240, Flight3, LOWRISK2, 0.9999999995646038, 9.068365229010065E-11, 7.796087997940267E-11, 7.880412426155215E-11, 3.726228122108264E-11, 7.880460698201791E-11, 3.7262404879116983E-11, 3.492159740883794E-11
240, Flight3, LOWRISK3, 0.9999999902119249, 2.0597936649160437E-9, 1.749523032666436E-9, 1.7888958002248767E-9, 8.184323223377621E-10, 1.788565294417495E-9, 8.184597423176092E-10, 7.647088615239155E-10
240, Flight3, LOWRISK4, 0.9999999978698753, 4.3876433097124895E-10, 3.81382274601369E-10, 3.813527557058216E-10, 1.8623678059836816E-10, 3.8138295807635337E-10, 1.8624592934757147E-10, 1.7506322984701765E-10
240, Flight4, SELECTEE, 2.254644309075207E-12, 5.6218554981491824E-12, 5.600384948789565E-12, 1.6141696257172826E-11, 0.9999999970644681, 6.912649594560572E-12, 1.2138315653431622E-11, 2.8871660005727147E-9
240, Flight4, UNKNOWN, 0.25686062812473914, 0.021587676886014047, 1.0042646384505758E-10, 0.38694684601297985, 1.6735002540692144E-11, 0.33460484882832475, 1.6734904973562808E-11, 1.4349605783675464E-11
240, Flight4, LOWRISK1, 1.9521977440018547E-11, 1.7528358387227614E-10, 1.0750879426844058E-10, 0.6610039972634638, 9.767555881791041E-11, 0.33899600216692144, 9.767058761258928E-11, 7.225777744303516E-11
240, Flight4, LOWRISK2, 3.928050372126976E-11, 3.5277366036368974E-10, 2.647341919270254E-10, 0.6190148542068081, 0.0956516515489783, 0.21431847822115224, 0.07101501430880296, 1.0577737417244371E-9
240, Flight4, LOWRISK3, 4.3142884458534444E-10, 3.905099779870322E-9, 2.9197651146630207E-9, 0.5701645339312112, 0.10492383408706077, 0.2631687843084445, 0.06174282998288598, 1.043440748342297E-8
240, Flight4, LOWRISK4, 0.8463438206135485, 0.04957224412779859, 1.4628683701676006E-9, 0.05235460149942469, 2.425346983041667E-10, 0.05172933160368896, 2.425351060246026E-10, 2.0790464180599836E-10
240, Flight5, SELECTEE, 7.189403976242366E-11, 6.463008609839372E-10, 4.848360210035713E-10, 0.4750291586656718, 0.2624817551197218, 0.14997083914958032, 0.11251824392271774, 1.9395810672918583E-9
240, Flight5, UNKNOWN, 0.9999999991555049, 2.704761852702047E-10, 6.891959586988407E-11, 2.3234634475507392E-10, 1.4198300348214333E-11, 2.3234809302306085E-10, 1.4198316071289148E-11, 1.2311857678805878E-11
240, Flight5, LOWRISK1, 0.4115565348715065, 0.045991185965398335, 2.477925689921281E-10, 0.2811053180974142, 4.130073782245372E-11, 0.2613469607001775, 4.1300534362991875E-11, 3.541342839049213E-11
240, Flight5, LOWRISK2, 0.3202259191204614, 0.1179667286376871, 8.951187594580195E-10, 0.3017800083887689, 1.4926641813226838E-10, 0.26002734253175586, 1.4926438102837085E-10, 1.279809437505698E-10
240, Flight5, LOWRISK3, 0.31705856505593016, 0.14647290835594678, 1.4544958547588695E-9, 0.25105839171168465, 2.4257500625946125E-10, 0.2854101327291002, 2.4257832176582647E-10, 2.0799254771726077E-10
240, Flight5, LOWRISK4, 0.9999999978697928, 4.3877905804845373E-10, 3.81396282960351E-10, 3.813719206125877E-10, 1.862432693272349E-10, 3.8139916125213227E-10, 1.8625146199757184E-10, 1.75069585705618E-10
240, Flight6, SELECTEE, 1.664952938879336E-10, 1.495994964123274E-9, 9.105772797795834E-10, 0.6367564242609265, 8.053561558248512E-10, 0.36324357095724547, 8.052322929720117E-10, 5.984756802879517E-10
240, Flight6, UNKNOWN, 0.9999999999213234, 1.626742908811654E-11, 1.4140449712967381E-11, 1.414048221980768E-11, 6.901733805878784E-12, 1.4140525511115935E-11, 6.901743574098832E-12, 6.4877454686879115E-12
240, Flight6, LOWRISK1, 0.6611108291320621, 0.05000253758169969, 3.0630270992882803E-10, 0.1451546576838538, 5.107090511182053E-11, 0.1437319751504545, 5.107092253849129E-11, 4.378911225374384E-11
240, Flight6, LOWRISK2, 0.547419034530658, 0.07322869085680603, 5.541359600127041E-10, 0.1928185295417525, 9.240470081141413E-11, 0.18653374425291366, 9.24046960192222E-11, 7.922827285365685E-11
240, Flight6, LOWRISK3, 0.5387544041109281, 0.15121035071592118, 5.806171134417487E-9, 0.15450956910629582, 9.687836823184316E-10, 0.15552566749288602, 9.687563439034822E-10, 8.305613654657258E-10
240, Flight6, LOWRISK4, 0.9999999987825734, 2.5079131067496285E-10, 2.1800095444273091E-10, 2.1798997099342363E-10, 1.0644242350138902E-10, 2.1800256855994713E-10, 1.0644566767726612E-10, 1.0005741573569979E-10
240, Flight7, SELECTEE, 6.156629652920988E-11, 5.540218572734251E-10, 4.153823344372302E-10, 0.2023383637597676, 0.6879307077833025, 0.04766163433998612, 0.062069291421554956, 1.664721904063928E-9
240, Flight7, UNKNOWN, 0.5528377410229811, 0.02446032583676018, 1.2133728621563954E-10, 0.21116526925111956, 2.0220672932845306E-11, 0.21153666371032573, 2.022066247964651E-11, 1.733832328448407E-11
240, Flight7, LOWRISK1, 0.1611273014437223, 0.04985428676887778, 2.708149245028291E-10, 0.4730767062599366, 4.514341260925101E-11, 0.3159417051279578, 4.514247895962086E-11, 3.870836242307226E-11
240, Flight7, LOWRISK2, 0.10136570356792594, 0.0877086683862016, 5.820001693203265E-10, 0.5154905590710607, 9.70527202234112E-11, 0.29543506811579834, 9.70470560414003E-11, 8.321720708040713E-11
240, Flight7, LOWRISK3, 0.0962314222588989, 0.13391719523719647, 1.2927731871665873E-9, 0.4808363151230855, 2.1560562621219893E-10, 0.2890150654722923, 2.1559394737914791E-10, 1.8485786713059653E-10
240, Flight7, LOWRISK4, 0.9999999987824164, 2.5082029671999314E-10, 2.1802880676431537E-10, 2.18025597526482E-10, 1.0645336765784204E-10, 2.180350920337696E-10, 1.0645569238926121E-10, 1.0006819728365176E-10
240, Flight8, SELECTEE, 2.141375148053849E-10, 1.956452922469051E-9, 1.4488455233864337E-9, 0.11648734685079615, 0.8198582065936826, 0.026369789081390125, 0.037284648020123885, 5.834874866387333E-9
240, Flight8, UNKNOWN, 0.4264404396773536, 0.019178895813439206, 8.961339468356145E-11, 0.2811546849942794, 1.4932602257170168E-11, 0.27322597938294885, 1.4932578398102463E-11, 1.2804096053927305E-11
240, Flight8, LOWRISK1, 0.09013242839372088, 0.04595100137371845, 2.531624040306489E-10, 0.5398431701680506, 4.220194806957162E-11, 0.3240733996910622, 4.2200543216042965E-11, 3.618659833232833E-11
240, Flight8, LOWRISK2, 0.039509151027943785, 0.07298906973898517, 5.060861747624345E-10, 0.5938842103369518, 8.44022900065443E-11, 0.29361756814916745, 8.43955048598802E-11, 7.237123210091956E-11
240, Flight8, LOWRISK3, 0.03500703583941902, 0.11350810163768084, 1.6617533008237472E-9, 0.565533961826604, 2.7723626513797117E-10, 0.28595089824270675, 2.772063423545173E-10, 2.3769701637217813E-10
240, Flight8, LOWRISK4, 0.9999999987822752, 2.508489401871232E-10, 2.180543473106157E-10, 2.1805681749152128E-10, 1.064623908284273E-10, 2.1806515656118448E-10, 1.0646436704874208E-10, 1.0007682667842514E-10
240, Flight9, SELECTEE, 8.61640881130625E-11, 7.758753087891154E-10, 5.814567263324271E-10, 0.2020823215463017, 0.6879597730169889, 0.04791767575320278, 0.06204022591090327, 2.3294109321322064E-9
240, Flight9, UNKNOWN, 0.5513647377506796, 0.037717355200506404, 2.0431137223599898E-10, 0.20622981361366344, 3.405420325024094E-11, 0.2046880931338348, 3.4054162519176254E-11, 2.919971137010297E-11
240, Flight9, LOWRISK1, 0.1617258137333466, 0.04446767619180944, 2.4262057775271895E-10, 0.48304816542076645, 4.044149382396248E-11, 0.3107583442962015, 4.044077325788838E-11, 3.467677508262237E-11
240, Flight9, LOWRISK2, 0.09568235191770176, 0.13885883232401086, 1.4544002524712694E-9, 0.49210461833862024, 2.425757075033559E-10, 0.27335419527246024, 2.4254838579804493E-10, 2.0798622753399864E-10
240, Flight9, LOWRISK3, 0.09555340955685078, 0.1400193093861693, 1.4543308912848935E-9, 0.4783203616644185, 2.425461612916333E-10, 0.2861069172455015, 2.425319570096647E-10, 2.0795456581352604E-10
240, Flight9, LOWRISK4, 0.999999991486699, 1.7536503625184713E-9, 1.5239777434853948E-9, 1.523987307689987E-9, 7.442269883185477E-10, 1.5239671959182402E-9, 7.442563193557882E-10, 6.995387803648978E-10
240, Flight10, SELECTEE, 1.071015192177498E-10, 9.621145618266217E-10, 5.793505721408696E-10, 0.6350133592997259, 4.886218939552708E-10, 0.3649866377089249, 4.885473860836891E-10, 3.6591691909776267E-10
240, Flight10, UNKNOWN, 0.9999999998818494, 2.4397092510249543E-11, 2.1207482554720535E-11, 2.1207545967129037E-11, 1.0351871779110836E-11, 2.1207639855165384E-11, 1.0351892050994392E-11, 9.730963490230463E-12
240, Flight10, LOWRISK1, 0.6615826476329624, 0.04575617112940263, 2.530455852659736E-10, 0.14776296959101579, 4.2185918462175794E-11, 0.1448982112733353, 4.2185927029910695E-11, 3.6170236340447866E-11
240, Flight10, LOWRISK2, 0.5470753091163116, 0.07632221955683068, 5.818233679960053E-10, 0.1913886568517435, 9.702201410404681E-11, 0.18521381361636374, 9.702200636958745E-11, 8.318669742664682E-11
240, Flight10, LOWRISK3, 0.5383546380552087, 0.15480823901388774, 1.1629398067646275E-8, 0.1525567148785321, 1.933579202259344E-9, 0.15428039089826834, 1.933482151720659E-9, 1.6579472346380727E-9
240, Flight10, LOWRISK4, 0.9999999957413896, 8.771568138598802E-10, 7.623814654959654E-10, 7.623257894312127E-10, 3.7233173412193974E-10, 7.623784303790787E-10, 3.723550791942605E-10, 3.499851310103587E-10
240, Flight11, SELECTEE, 2.273382224529802E-12, 5.597840358526964E-12, 5.589836016638125E-12, 1.5712999023793278E-11, 0.9999999922186038, 6.8501084156251345E-12, 1.2161699725819971E-11, 7.733514172840854E-9
240, Flight11, UNKNOWN, 0.25528728468469636, 0.0357477677666984, 1.7647959561216178E-10, 0.38047322682575824, 2.9412558663136074E-11, 0.3284917204626261, 2.941223063022885E-11, 2.5220041212491803E-11
240, Flight11, LOWRISK1, 1.6817590973067408E-11, 1.5099469144118375E-10, 9.243671896877095E-11, 0.6580646483630853, 8.32638681752911E-11, 0.3419353511487607, 8.325983126303603E-11, 6.168492082048544E-11
240, Flight11, LOWRISK2, 1.9631430878546014E-11, 1.764256338785268E-10, 1.3240584901437776E-10, 0.6291186931286316, 0.09467635479955455, 0.2042146399367079, 0.07199031127795703, 5.289896133821294E-10
240, Flight11, LOWRISK3, 6.203323521059957E-11, 5.541657187227919E-10, 4.1586981715574366E-10, 0.6030781562427902, 0.09599609636203499, 0.2302551740600592, 0.07067057063987353, 1.6634771768062695E-9
240, Flight11, LOWRISK4, 0.845977516408385, 0.05286898104083774, 2.3426199404010106E-9, 0.05080910039878226, 3.878491965289686E-10, 0.0503443987015152, 3.878481509864744E-10, 3.3246595492089627E-10
240, Flight12, SELECTEE, 7.184994405435167E-11, 6.462517137877304E-10, 4.846727083378854E-10, 0.32001546771195377, 0.5066267383830876, 0.07998453007424285, 0.09337326068737073, 1.9408743685117862E-9
240, Flight12, UNKNOWN, 0.730122058897655, 0.02890146395160229, 1.663564713778874E-10, 0.11979581382862997, 2.7729018588757006E-11, 0.12118066307682568, 2.7729040628589972E-11, 2.3776067886252884E-11
240, Flight12, LOWRISK1, 0.25845252137695296, 0.07392730721085923, 4.311945892165555E-10, 0.36894556090036434, 7.188910267477847E-11, 0.29867460987551514, 7.188772476875309E-11, 6.164067748520095E-11
240, Flight12, LOWRISK2, 0.18795613809246042, 0.10839475768341615, 7.758645003374921E-10, 0.42030332798438896, 1.2938329833826E-10, 0.2833457750944762, 1.293781638197705E-10, 1.1093586087364105E-10
240, Flight12, LOWRISK3, 0.17643064307526843, 0.21212420251908756, 5.819809416419371E-9, 0.35366791718718205, 9.69393872020159E-10, 0.2577772286292815, 9.692795072844232E-10, 8.310014222180388E-10
240, Flight12, LOWRISK4, 0.9999999987824918, 2.508059726530691E-10, 2.180152602843596E-10, 2.1800880250567042E-10, 1.0644828731956275E-10, 2.180192267256371E-10, 1.0645089602115379E-10, 1.0006322289479014E-10
240, Flight13, SELECTEE, 4.781693275877184E-11, 4.321266911384163E-10, 3.229361439009659E-10, 0.05124675279468752, 0.9212628699741716, 0.011253245723577856, 0.01623712940683766, 1.2981492755459653E-9
240, Flight13, UNKNOWN, 0.3289392085296551, 0.039547119400782316, 2.008109409788398E-10, 0.33024508082225573, 3.346872813926511E-11, 0.30126859095116454, 3.3468461707392276E-11, 2.8697933330536343E-11
240, Flight13, LOWRISK1, 0.037081447038958444, 0.04126697643512591, 2.376414735359487E-10, 0.5923413825322826, 3.962149714851381E-11, 0.32931019364308006, 3.961942424099068E-11, 3.397441371508385E-11
240, Flight13, LOWRISK2, 1.1697603683651845E-10, 1.0481779748059053E-9, 6.095305650264492E-10, 0.6870494207604321, 4.507174510774592E-10, 0.312950576219593, 4.506945149327293E-10, 3.4418202142989413E-10
240, Flight13, LOWRISK3, 1.298928605525986E-10, 1.1640285226848254E-9, 7.76267360686972E-10, 0.6747871243985857, 1.1615037541121823E-9, 0.32521287043359737, 1.1616046869504436E-9, 7.7482341325242E-10
240, Flight13, LOWRISK4, 0.99999999513998, 1.2086087838599256E-9, 7.95717674101034E-10, 1.0457462199976048E-9, 2.6376258249054833E-10, 1.0457616028114897E-9, 2.63766381826949E-10, 2.369608447218499E-10
240, Flight14, SELECTEE, 5.392743495321069E-11, 4.847746870134203E-10, 3.6370128217895473E-10, 0.47584557861827026, 0.2615242821096261, 0.1491544197804589, 0.11347571713453998, 1.4550052181876218E-9
240, Flight14, UNKNOWN, 0.9999999991562024, 2.7460748038163496E-10, 6.217142589344257E-11, 2.3578049121010785E-10, 1.2477845748711668E-11, 2.357825630969098E-10, 1.2477858770101037E-11, 1.080373739644508E-11
240, Flight14, LOWRISK1, 0.410953757316567, 0.05141618391442512, 2.9113183474618554E-10, 0.27943321807856, 4.8527432849565707E-11, 0.2581968402609554, 4.852715349495002E-11, 4.160985252695664E-11
240, Flight14, LOWRISK2, 0.32136575332759737, 0.10770822094933548, 7.273746304084438E-10, 0.30708576420778166, 1.2128118065328874E-10, 0.2638402604416671, 1.212798516522913E-10, 1.039863244676057E-10
240, Flight14, LOWRISK3, 0.3165506644731384, 0.15104401309142965, 1.9387673578396426E-9, 0.28124526063371347, 3.233471536757498E-10, 0.2511600589393265, 3.2334762998347636E-10, 2.772333929007216E-10
240, Flight14, LOWRISK4, 0.9999999982956916, 3.5106413358037055E-10, 3.0515786587358737E-10, 3.051405816976548E-10, 1.4900738219447343E-10, 3.0516067274104664E-10, 1.490129962374988E-10, 1.4006839021513507E-10
240, Flight15, SELECTEE, 5.3849201793616826E-11, 4.849985275949916E-10, 3.634074084049823E-10, 0.11655932551152132, 0.8207349858203817, 0.026297815681081922, 0.03640787062726755, 1.4577960520512924E-9
240, Flight15, UNKNOWN, 0.42581751623842573, 0.024785206733129152, 1.1886616533134108E-10, 0.2797233266472543, 1.9808306791491467E-11, 0.26967395020602697, 1.980826250854757E-11, 1.6984778066068426E-11
240, Flight15, LOWRISK1, 0.08760171405248926, 0.06872743027442833, 4.1578293523746285E-10, 0.5297027725163002, 6.932910892253069E-11, 0.3139680825432018, 6.932542256573463E-11, 5.944664938960895E-11
240, Flight15, LOWRISK2, 0.03768251876144005, 0.089428759855102, 7.757830566961119E-10, 0.5891657847517969, 1.2941434968908386E-10, 0.2837229354864022, 1.2939895366747455E-10, 1.1096632338863221E-10
240, Flight15, LOWRISK3, 0.033416743010627914, 0.12782073579210582, 2.908229498325722E-9, 0.5613184595257419, 4.851225756239005E-10, 0.277444057377517, 4.850550240516495E-10, 4.1590378859041264E-10
240, Flight15, LOWRISK4, 0.9999999957406946, 8.772862231028444E-10, 7.624950735883977E-10, 7.624752139773814E-10, 3.723902414280594E-10, 7.625130983226989E-10, 3.7240679614951387E-10, 3.5004218513588125E-10
240, Flight16, SELECTEE, 6.159220089960425E-11, 5.539210042179579E-10, 4.154653357049631E-10, 0.32035457635776843, 0.5063038502188846, 0.0796454217617932, 0.09369614896699462, 1.6638842765433705E-9
240, Flight16, UNKNOWN, 0.7298361400767325, 0.031474733320540085, 1.8482826014807942E-10, 0.11882545100630425, 3.080940357028567E-11, 0.1198636753238627, 3.0809426879270095E-11, 2.6417228341870393E-11
240, Flight16, LOWRISK1, 0.260933008444609, 0.05160292377651067, 2.646492948789051E-10, 0.38302412627167315, 4.4115283329463346E-11, 0.30443994111680484, 4.411477648665449E-11, 3.7826449443095185E-11
240, Flight16, LOWRISK2, 0.18966182377860993, 0.09304358667924716, 6.126028760271684E-10, 0.42891080674316656, 1.0215008333558367E-10, 0.28838378189479397, 1.0214671662276753E-10, 8.758633768087603E-11
240, Flight16, LOWRISK3, 0.17944492785962693, 0.18499564251558856, 2.9100689332610136E-9, 0.37146882266690934, 4.848711969362294E-10, 0.26409060266270706, 4.848495260186231E-10, 4.156820295751937E-10
240, Flight16, LOWRISK4, 0.9999999971600109, 5.84958601583446E-10, 5.084468944182008E-10, 5.084178405795931E-10, 2.4830118002907596E-10, 5.084526539456103E-10, 2.483126664810365E-10, 2.334029977881643E-10
240, Flight17, SELECTEE, 4.781693275877184E-11, 4.321266911384163E-10, 3.229361439009659E-10, 0.05124675279468752, 0.9212628699741716, 0.011253245723577856, 0.01623712940683766, 1.2981492755459653E-9
240, Flight17, UNKNOWN, 0.3304932432480801, 0.02556080701823681, 1.213437976119305E-10, 0.3356786652537399, 2.0221182780337665E-11, 0.308267284301122, 2.0221090446471364E-11, 1.7338829496715367E-11
240, Flight17, LOWRISK1, 0.03629810297851234, 0.048317072915372, 2.9852889077886905E-10, 0.5984500211473635, 4.9780564980727304E-11, 0.3169348025182831, 4.977770009899825E-11, 4.268545181492415E-11
240, Flight17, LOWRISK2, 1.1697603683651845E-10, 1.0481779748059053E-9, 6.095305650264492E-10, 0.6870494207604321, 4.507174510774592E-10, 0.312950576219593, 4.506945149327293E-10, 3.4418202142989413E-10
240, Flight17, LOWRISK3, 9.22196952491749E-11, 7.787474963245957E-10, 5.314360968917852E-10, 0.6724393232220143, 9.43680300237194E-10, 0.3275606728821045, 9.435932479023565E-10, 6.065081143973952E-10
240, Flight17, LOWRISK4, 0.9999999950112104, 1.192945692553744E-9, 8.462297449730294E-10, 1.033248862086532E-9, 3.040375790300225E-10, 1.0332729121079273E-9, 3.0404224674560053E-10, 2.7531632295933463E-10
240, Flight18, SELECTEE, 1.212245747894765E-10, 1.0889848689852271E-9, 6.581961019901116E-10, 0.6353865569669223, 5.639323287828613E-10, 0.3646134396159466, 5.638452511806952E-10, 4.212514496919901E-10
240, Flight18, UNKNOWN, 0.9999999998818492, 2.4397084015641893E-11, 2.120747612005302E-11, 2.12075395323011E-11, 1.0351870247776087E-11, 2.1207633420065968E-11, 1.0351890519634963E-11, 9.730962135562318E-12
240, Flight18, LOWRISK1, 0.660070199964387, 0.059368199959909905, 4.310079836952073E-10, 0.14043092163470466, 7.187094550961605E-11, 0.14013067780492963, 7.187099585650709E-11, 6.162261442062023E-11
240, Flight18, LOWRISK2, 0.5480073321627736, 0.06793401224047825, 4.849669034470689E-10, 0.1968120090507949, 8.086450049484279E-11, 0.18724664583022563, 8.08644063823159E-11, 6.933544503904368E-11
240, Flight18, LOWRISK3, 0.5387451448068455, 0.151293689047724, 1.4678060844995673E-9, 0.15577772864884368, 2.4241273823317395E-10, 0.15418343533644632, 2.4241405598062036E-10, 2.078112265895803E-10
240, Flight18, LOWRISK4, 0.9999999957413896, 8.771568138598802E-10, 7.623814654959654E-10, 7.623257894312127E-10, 3.7233173412193974E-10, 7.623784303790787E-10, 3.723550791942605E-10, 3.499851310103587E-10
240, Flight19, SELECTEE, 8.61640881130625E-11, 7.758753087891154E-10, 5.814567263324271E-10, 0.2020823215463017, 0.6879597730169889, 0.04791767575320278, 0.06204022591090327, 2.3294109321322064E-9
240, Flight19, UNKNOWN, 0.5530363744232601, 0.022672625245146575, 1.10939992918157E-10, 0.21190493776921326, 1.8487566314146365E-11, 0.21238606239891616, 1.8487558391476254E-11, 1.5852275295925965E-11
240, Flight19, LOWRISK1, 0.16042461779070658, 0.05617843960869111, 3.064302052903986E-10, 0.46525702297111354, 5.108285042970795E-11, 0.31813991917739665, 5.108161017355401E-11, 4.3801071600118375E-11
240, Flight19, LOWRISK2, 0.09412303867851562, 0.15289265096859334, 1.939283233616253E-9, 0.4845286688868919, 3.233964318008832E-10, 0.268455638602992, 3.233544121352056E-10, 2.772768135508719E-10
240, Flight19, LOWRISK3, 0.0893879569310214, 0.19550837844173907, 5.820675416823098E-9, 0.4485231715712746, 9.696597495059915E-10, 0.2665804844652388, 9.69478767787084E-10, 8.312157309307385E-10
240, Flight19, LOWRISK4, 0.9999999971598591, 5.849871029178534E-10, 5.084727191974671E-10, 5.08450857925306E-10, 2.483131000784993E-10, 5.08482911020361E-10, 2.4832355272583973E-10, 2.3341456005395763E-10
240, Flight20, SELECTEE, 2.254644309075207E-12, 5.6218554981491824E-12, 5.600384948789565E-12, 1.6141696257172826E-11, 0.9999999970644681, 6.912649594560572E-12, 1.2138315653431622E-11, 2.8871660005727147E-9
240, Flight20, UNKNOWN, 0.25660422829676255, 0.023895275325659025, 1.1201175576291287E-10, 0.38546458635243974, 1.866592242607358E-11, 0.3340359098600935, 1.8665798124159095E-11, 1.6005287869934875E-11
240, Flight20, LOWRISK1, 2.0468666614139684E-11, 1.837871412885132E-10, 1.1278414660113686E-10, 0.6620786078644317, 1.0271953762280042E-10, 0.3379213915374403, 1.0271421276945077E-10, 7.595806905506285E-11
240, Flight20, LOWRISK2, 2.1597016070175685E-11, 1.9406843795110215E-10, 1.456471241470373E-10, 0.6264273501361713, 0.09484156198163954, 0.20690598286539932, 0.07182510407389048, 5.818904659623089E-10
240, Flight20, LOWRISK3, 7.2282991818989E-11, 6.46443994454501E-10, 4.850902994109126E-10, 0.6036431696622282, 0.09629165945213504, 0.2296901603072451, 0.07037500743482636, 1.9400516940832224E-9
240, Flight20, LOWRISK4, 0.8462425586522263, 0.05048360155683918, 1.6730818238741298E-9, 0.05194117306382844, 2.7715001293777823E-10, 0.051332664262453906, 2.7715016219595304E-10, 2.3757371636965056E-10
240, Flight21, SELECTEE, 5.377506314229353E-11, 4.866036652550131E-10, 3.633005108038177E-10, 0.05122450038554229, 0.9212726773148218, 0.011275497937539892, 0.016227321998175222, 1.460545096898807E-9
240, Flight21, UNKNOWN, 0.3291231603800032, 0.037891552757996924, 1.9093892244383805E-10, 0.330869716986057, 3.182283012234294E-11, 0.30211556959437563, 3.1822589859413716E-11, 2.728666506285891E-11
240, Flight21, LOWRISK1, 0.03550578633078502, 0.05544792267659791, 3.63784680389603E-10, 0.5983184869280914, 6.06702951484387E-11, 0.31072780352768525, 6.066610149193039E-11, 5.202305691247707E-11
240, Flight21, LOWRISK2, 5.962505976485676E-11, 5.366034714732954E-10, 2.727938946869841E-10, 0.6882918106102975, 1.4085646101730106E-10, 0.3117081881268837, 1.4081900411777367E-10, 1.1242447481827088E-10
240, Flight21, LOWRISK3, 7.361023522574554E-10, 6.953284621498016E-9, 4.278618472128335E-9, 0.6150655013969868, 4.510627770020626E-9, 0.3849344744300626, 4.449486384472953E-9, 3.245134707782485E-9
240, Flight21, LOWRISK4, 0.99999999513998, 1.2086087838599256E-9, 7.95717674101034E-10, 1.0457462199976048E-9, 2.6376258249054833E-10, 1.0457616028114897E-9, 2.63766381826949E-10, 2.369608447218499E-10
240, Flight22, SELECTEE, 4.294420064706394E-10, 3.873045218668117E-9, 2.892310498942744E-9, 0.31578317407101303, 0.5067206044947559, 0.08421681208696623, 0.09327939056840066, 1.1584370032088186E-8
240, Flight22, UNKNOWN, 0.7311760127559901, 0.01941587929479959, 1.0128727800802905E-10, 0.12338885800234013, 1.6879662052127164E-11, 0.1260192497976535, 1.6879674263699476E-11, 1.4473528813863128E-11
240, Flight22, LOWRISK1, 0.25845252137695296, 0.07392730721085923, 4.311945892165555E-10, 0.36894556090036434, 7.188910267477847E-11, 0.29867460987551514, 7.188772476875309E-11, 6.164067748520095E-11
240, Flight22, LOWRISK2, 0.18070316400858755, 0.17367152281099932, 2.3274233458390905E-9, 0.3848329617114309, 3.879728144081313E-10, 0.2607923480333127, 3.879469881579287E-10, 3.3263026343334604E-10
240, Flight22, LOWRISK3, 0.17475308423090374, 0.2272222260315481, 1.1612221051062004E-8, 0.33946258738504725, 1.9365059235620535E-9, 0.25856208520797835, 1.9357420461218514E-9, 1.660357403273651E-9
240, Flight22, LOWRISK4, 0.9999999957411572, 8.771954641219155E-10, 7.624177433012642E-10, 7.623743168352885E-10, 3.723547910350793E-10, 7.624210421453766E-10, 3.723750587823424E-10, 3.500079568401986E-10
240, Flight23, SELECTEE, 2.2660593222512063E-12, 5.607616631713744E-12, 5.59424375314768E-12, 1.5883895097306048E-11, 0.9999999953202545, 6.875075238840107E-12, 1.2151373477909679E-11, 4.631671155941115E-9
240, Flight23, UNKNOWN, 0.2550091395356683, 0.03825107409280255, 1.9093951003677893E-10, 0.37945810122916196, 3.1823313654785277E-11, 0.3272816848607978, 3.182292741648526E-11, 2.7287146493873795E-11
240, Flight23, LOWRISK1, 2.4685369134233403E-11, 2.2167110087793136E-10, 1.3628095880417762E-10, 0.6661476579401719, 1.251912575670622E-10, 0.3338523413346765, 1.2518399374086085E-10, 9.244254349966812E-11
240, Flight23, LOWRISK2, 2.541218017815835E-11, 2.2830989895481638E-10, 1.7134423017659872E-10, 0.6229539417426854, 0.09509980092478838, 0.21037939113512477, 0.07156686508806213, 6.845770273609996E-10
240, Flight23, LOWRISK3, 4.3142884458534444E-10, 3.905099779870322E-9, 2.9197651146630207E-9, 0.5701645339312112, 0.10492383408706077, 0.2631687843084445, 0.06174282998288598, 1.043440748342297E-8
240, Flight23, LOWRISK4, 0.845977516408385, 0.05286898104083774, 2.3426199404010106E-9, 0.05080910039878226, 3.878491965289686E-10, 0.0503443987015152, 3.878481509864744E-10, 3.3246595492089627E-10
240, Flight24, SELECTEE, 6.162812765021418E-11, 5.539993579079215E-10, 4.1561862223145077E-10, 0.47545618333458933, 0.26196029157993744, 0.14954381481407136, 0.11303970757776755, 1.6626918018688867E-9
240, Flight24, UNKNOWN, 0.9999999991531309, 2.589829646476882E-10, 8.696702179667457E-11, 2.227863838035888E-10, 1.9381226833546787E-11, 2.2278769055968597E-10, 1.9381253118141523E-11, 1.68863149140118E-11
240, Flight24, LOWRISK1, 0.41117342574100085, 0.049439168115794165, 2.7084208371706707E-10, 0.27803269515984835, 4.5142788430719006E-11, 0.26135471058382514, 4.514251355014358E-11, 3.870784835853392E-11
240, Flight24, LOWRISK2, 0.3191714333829484, 0.12745710010457356, 1.0578050726916588E-9, 0.29705480696992514, 1.7639359009479455E-10, 0.25631665798102904, 1.7639096530042022E-10, 1.5123800606662305E-10
240, Flight24, LOWRISK3, 0.31283298058437004, 0.18450316706138772, 2.9112196280624444E-9, 0.2594437785264014, 4.848044937321042E-10, 0.24322006953170966, 4.847976124414416E-10, 4.156132921984804E-10
240, Flight24, LOWRISK4, 0.9999999971601339, 5.84937979139742E-10, 5.084267814866849E-10, 5.083911002907714E-10, 2.482899890116067E-10, 5.084291046167086E-10, 2.48302867507314E-10, 2.3339188016587417E-10
240, Flight25, SELECTEE, 4.0299407673711964E-10, 3.6480029444409326E-9, 2.2374843597375182E-9, 0.6314258528426544, 2.073687691672226E-9, 0.3685741351927603, 2.0737062795666246E-9, 1.5290134651296096E-9
240, Flight25, UNKNOWN, 0.9999999999241433, 1.5686765868759347E-11, 1.3635663141885725E-11, 1.363569338141719E-11, 6.655298464152979E-12, 1.3635733805380737E-11, 6.655307605102616E-12, 6.256087986097843E-12
240, Flight25, LOWRISK1, 0.6610442090532296, 0.05060211828251728, 3.1457828177207306E-10, 0.14482438423432514, 5.2451113124548914E-11, 0.14352928796577885, 5.245113231419604E-11, 4.497253299834107E-11
240, Flight25, LOWRISK2, 0.5448037489253224, 0.0967662609469485, 8.949404436182175E-10, 0.18233678817592425, 1.4924074863184738E-10, 0.17609320063073078, 1.4924071152012507E-10, 1.2795610231343078E-10
240, Flight25, LOWRISK3, 0.5390964074532696, 0.14813232266302387, 3.8769781265993965E-9, 0.15643462924534685, 6.462137910476196E-10, 0.15633663491529587, 6.462055893703153E-10, 5.539699152054912E-10
240, Flight25, LOWRISK4, 0.9999999990531029, 1.9507594946589854E-10, 1.695719230472809E-10, 1.6956506755150974E-10, 8.279293409082645E-11, 1.6957325770536103E-10, 8.27949451901501E-11, 7.78267782855861E-11
240, Flight26, SELECTEE, 0.6540265101791309, 0.11376140549522186, 3.8716621414092724E-9, 0.11565153600258714, 6.459176237734136E-10, 0.11656054260611849, 6.459159590364427E-10, 5.537627567519515E-10
240, Flight26, UNKNOWN, 0.9999999999426621, 1.1872925923239036E-11, 1.0320154796734532E-11, 1.0320124986618971E-11, 5.03673559337009E-12, 1.0320165212709505E-11, 5.036744668889594E-12, 4.734580421555009E-12
240, Flight26, LOWRISK1, 0.999999999684501, 6.504251599850972E-11, 5.653999499810087E-11, 5.653951243622968E-11, 2.7601805528339216E-11, 5.654041535259602E-11, 2.7602001748301876E-11, 2.5946320697744492E-11
240, Flight26, LOWRISK2, 0.9999999996450304, 7.317141751241137E-11, 6.360639833990152E-11, 6.360601093842657E-11, 3.105187025587353E-11, 6.360703895200019E-11, 3.1052096828063344E-11, 2.918947855912544E-11
240, Flight26, LOWRISK3, 0.999999999053093, 1.9508000293141894E-10, 1.695761989652589E-10, 1.6956997281441197E-10, 8.279453851847205E-11, 1.6957827989476504E-10, 8.279654690095666E-11, 7.782841045982849E-11
240, Flight26, LOWRISK4, 0.9999999957415122, 8.771378788849372E-10, 7.623641451817939E-10, 7.622997508105866E-10, 3.7232196747110414E-10, 7.623580380079734E-10, 3.7234767727350094E-10, 3.4997565967949855E-10
240, Flight27, SELECTEE, 2.0609918738845683E-10, 1.8532553527632645E-9, 1.1314190217823378E-9, 0.637439545165511, 1.016853012767384E-9, 0.3625604488568337, 1.0166847255381506E-9, 7.536475118589656E-10
240, Flight27, UNKNOWN, 0.9999999999132675, 1.7926521129843447E-11, 1.55827207154081E-11, 1.5582759679436538E-11, 7.60584281439913E-12, 1.558281170471277E-11, 7.605854467287136E-12, 7.149629447308108E-12
240, Flight27, LOWRISK1, 0.6605219167267842, 0.05530274915667236, 3.7542794365775647E-10, 0.14240982390296392, 6.260038973776168E-11, 0.1417655096595799, 6.260042452461492E-11, 5.3674408449642093E-11
240, Flight27, LOWRISK2, 0.5448037489253224, 0.0967662609469485, 8.949404436182175E-10, 0.18233678817592425, 1.4924074863184738E-10, 0.17609320063073078, 1.4924071152012507E-10, 1.2795610231343078E-10
240, Flight27, LOWRISK3, 0.5419142240820229, 0.12277197506477483, 1.9392871967426915E-9, 0.16839285549908314, 3.2322774539528047E-10, 0.16692094249156658, 3.2323098298822414E-10, 2.7711021708885047E-10
240, Flight27, LOWRISK4, 0.9999999982957299, 3.510571718674022E-10, 3.0515122078073895E-10, 3.05131797642323E-10, 1.4900450975070046E-10, 3.051529583333994E-10, 1.490104513779481E-10, 1.4006557221663702E-10
240, Flight28, SELECTEE, 4.3325894317512993E-10, 6.039365674109029E-9, 3.785139413722245E-9, 0.052105477340557524, 0.9201366411388856, 0.010394504208423918, 0.017363354994198953, 1.2060473562620544E-8
240, Flight28, UNKNOWN, 0.33153881228378523, 0.0161506857386799, 8.146291456391748E-11, 0.34231634165263675, 1.3575104231231832E-11, 0.3099941602049485, 1.3575066763714464E-11, 1.1640095465910187E-11
240, Flight28, LOWRISK1, 0.03444275114314429, 0.06501523925880848, 4.6557000937942307E-10, 0.5946058428949935, 7.765922015232695E-11, 0.3059361660158853, 7.765208438287642E-11, 6.659062948018537E-11
240, Flight28, LOWRISK2, 1.4937409952903579E-10, 1.3397770688952694E-9, 7.924600822342852E-10, 0.6877641798621359, 6.241321400825125E-10, 0.31223581613605356, 6.240907720834639E-10, 4.722800347038405E-10
240, Flight28, LOWRISK3, 1.6710348943325271E-10, 1.5044277072331523E-9, 9.919169495599212E-10, 0.6752592485095618, 1.3612160834548665E-9, 0.32474074517721285, 1.3613999200308749E-9, 9.274650555046867E-10
240, Flight28, LOWRISK4, 0.99999999513998, 1.2086087838599256E-9, 7.95717674101034E-10, 1.0457462199976048E-9, 2.6376258249054833E-10, 1.0457616028114897E-9, 2.63766381826949E-10, 2.369608447218499E-10
240, Flight29, SELECTEE, 6.156629652920988E-11, 5.540218572734251E-10, 4.153823344372302E-10, 0.2023383637597676, 0.6879307077833025, 0.04766163433998612, 0.062069291421554956, 1.664721904063928E-9
240, Flight29, UNKNOWN, 0.55365279813518, 0.01712481186993871, 8.034284956760387E-11, 0.2138975839730258, 1.3387768820023217E-11, 0.21532480590356146, 1.3387766657148393E-11, 1.147945469892667E-11
240, Flight29, LOWRISK1, 0.16071608434310755, 0.053555240653136965, 2.911157351973738E-10, 0.4681274602951699, 4.852888438510818E-11, 0.3176012142791057, 4.852777940469505E-11, 4.161119828231316E-11
240, Flight29, LOWRISK2, 0.09637169738757881, 0.1326547232644382, 1.2928198258095048E-9, 0.49528980549848906, 2.1563158142214926E-10, 0.2756837719408519, 2.1560894815553925E-10, 1.8488545399033633E-10
240, Flight29, LOWRISK3, 0.08750517630728273, 0.21245339796366805, 1.1632461801167386E-8, 0.4289506660658646, 1.9383437343973087E-9, 0.2710907424941353, 1.9369002175569427E-9, 1.6616472430357827E-9
240, Flight29, LOWRISK4, 0.999999991486699, 1.7536503625184713E-9, 1.5239777434853948E-9, 1.523987307689987E-9, 7.442269883185477E-10, 1.5239671959182402E-9, 7.442563193557882E-10, 6.995387803648978E-10
240, Flight30, SELECTEE, 2.1037986002762706E-10, 2.1225232733145157E-9, 1.4854916050056263E-9, 0.05195396367197081, 0.92044406142302, 0.010546029118047334, 0.017055935863223185, 6.105647607707113E-9
240, Flight30, UNKNOWN, 0.3303544752360401, 0.02680971911961196, 1.280091352559431E-10, 0.3352891106723794, 2.1332192562447242E-11, 0.30754669478330754, 2.133208905064987E-11, 1.8291467985145326E-11
240, Flight30, LOWRISK1, 0.034936681127170355, 0.06056986945475708, 4.1571782727103737E-10, 0.5965972119886306, 6.933798787852499E-11, 0.30789623681590195, 6.933241822040952E-11, 5.945537183813126E-11
240, Flight30, LOWRISK2, 6.12010642983133E-11, 5.507769769355181E-10, 2.831181450705483E-10, 0.6877358111049259, 1.4973033548146816E-10, 0.31226418758166063, 1.4969362445078433E-10, 1.1919690526567586E-10
240, Flight30, LOWRISK3, 2.3119423661725465E-10, 2.0802377839024225E-9, 1.354067358467501E-9, 0.6737613629613536, 1.7027461911125554E-9, 0.32623862878523985, 1.7023679502883506E-9, 1.183096802965211E-9
240, Flight30, LOWRISK4, 0.9999999947077531, 1.210875354366634E-9, 9.22990602425798E-10, 1.0498804683496596E-9, 3.633203011007625E-10, 1.0499066495717334E-9, 3.6332640010150826E-10, 3.3225076935208244E-10