TimeWindow, Flight, RiskCategory, O57, O58, O59, O60, O61, O62, O63, O64
240, Flight1, SELECTEE, 1.0260335794031802E-12, 7.857403035515674E-12, 6.0613520087903205E-12, 0.478413339296884, 0.2620497608431467, 0.14658666067903858, 0.11295023914182865, 2.4542958157090602E-11
240, Flight1, UNKNOWN, 0.9999999999976081, 5.668387724249225E-13, 5.002693713049344E-13, 5.009928892660658E-13, 2.4022960978385447E-13, 5.012258865246214E-13, 2.403031730367597E-13, 2.2746064187204146E-13
240, Flight1, LOWRISK1, 0.6608858410307195, 0.05202743069064336, 5.5788325623471205E-12, 0.1472019106947923, 9.883759184540615E-13, 0.13988481757581459, 9.885632195784048E-13, 8.601946908354037E-13
240, Flight1, LOWRISK2, 0.6572684333360289, 0.08458409293026335, 1.4423991876728135E-11, 0.1330199855986531, 2.4514788977167712E-12, 0.12512748811398133, 2.4506923268996793E-12, 2.132671836001151E-12
240, Flight1, LOWRISK3, 0.3950193152685049, 0.19482616303965228, 1.8540854454786307E-10, 0.21074456217544615, 3.2962703113687437E-11, 0.19940995923707988, 3.288441409778453E-11, 2.8446532602810716E-11
240, Flight1, LOWRISK4, 0.9999999999794099, 4.264005657819423E-12, 3.757929077569843E-12, 3.740804584662058E-12, 1.8486368760295114E-12, 3.759009211081373E-12, 1.8553585504325814E-12, 1.7498028406593868E-12
240, Flight2, SELECTEE, 0.14536437435026306, 0.1917206308197395, 4.1596619109270853E-11, 0.3776726280630762, 7.2004156345197786E-12, 0.2852423667051099, 7.162900285534827E-12, 6.23666338804607E-12
240, Flight2, UNKNOWN, 0.999999999997199, 6.499619582262215E-13, 5.737326320383315E-13, 5.732398042081998E-13, 2.766797395389977E-13, 5.740914483878972E-13, 2.769010332599593E-13, 2.619685818557119E-13
240, Flight2, LOWRISK1, 0.9999999999950379, 1.0876436894099914E-12, 9.61282179699788E-13, 9.61075411108282E-13, 4.664608496427924E-13, 9.623839352759519E-13, 4.668595407350018E-13, 4.4178818222875574E-13
240, Flight2, LOWRISK2, 0.9999999999930723, 1.4857884370596972E-12, 1.3137858322675622E-12, 1.3135988621971248E-12, 6.388719543577935E-13, 1.3160356857496976E-12, 6.396543847321297E-13, 6.052170499203093E-13
240, Flight2, LOWRISK3, 0.9999999998515067, 3.029631215877452E-11, 2.6543061631900107E-11, 2.6498983997626764E-11, 1.3258176834009977E-11, 2.648144830062833E-11, 1.3275332337630479E-11, 1.2525644642806925E-11
240, Flight2, LOWRISK4, 0.99999999998168, 3.8018438159435885E-12, 3.352698161595756E-12, 3.3356934483895075E-12, 1.648003980499564E-12, 3.3529996531897617E-12, 1.6540692651858316E-12, 1.5601146123419842E-12
240, Flight3, SELECTEE, 0.14725310095634644, 0.17472209137834502, 3.003520786815427E-11, 0.3864326120251921, 5.189491954519288E-12, 0.29159219559560534, 5.171516550822147E-12, 4.500326402026205E-12
240, Flight3, UNKNOWN, 0.9999999999991505, 2.540306909923973E-13, 2.2309413919070936E-13, 2.2309182594998097E-13, 1.0571974073582619E-13, 2.2318015460460976E-13, 1.0581678340896353E-13, 1.0002447335708544E-13
240, Flight3, LOWRISK1, 0.9999999999967489, 7.410893826092872E-13, 6.544468051762141E-13, 6.54366453332161E-13, 3.160263651691284E-13, 6.550852399247509E-13, 3.162329951083415E-13, 2.992497326951125E-13
240, Flight3, LOWRISK2, 0.9999999999920552, 1.6919154582385692E-12, 1.4958911916828228E-12, 1.4956470081266132E-12, 7.284935319743537E-13, 1.4986080661635838E-12, 7.294438576248821E-13, 6.901219455536325E-13
240, Flight3, LOWRISK3, 0.9999999998515067, 3.029631215877452E-11, 2.6543061631900107E-11, 2.6498983997626764E-11, 1.3258176834009977E-11, 2.648144830062833E-11, 1.3275332337630479E-11, 1.2525644642806925E-11
240, Flight3, LOWRISK4, 0.9999999999596256, 8.310725858189559E-12, 7.293565922608473E-12, 7.2651640365896086E-12, 3.5919775363961315E-12, 7.2960886668242E-12, 3.6072903760076085E-12, 3.3949495875364512E-12
240, Flight4, SELECTEE, 1.085649181335502E-13, 2.6857303358404057E-13, 2.6708723940338853E-13, 8.125439869725327E-13, 0.9999999999426875, 3.3249951385084473E-13, 5.289326262052748E-13, 5.537978927879735E-11
240, Flight4, UNKNOWN, 0.40451305032388, 0.026049213668861766, 1.9972222560344283E-12, 0.31102144126110814, 3.3722863372859696E-13, 0.2584162947435692, 3.3703097632374287E-13, 2.9496191947200486E-13
240, Flight4, LOWRISK1, 0.10457325856380394, 0.05884067290934417, 5.292852852547656E-12, 0.5422846821912124, 9.31671689117348E-13, 0.2943013863280619, 9.244752571179564E-13, 8.142397111014812E-13
240, Flight4, LOWRISK2, 0.0973767817051541, 0.12360896151236896, 1.8840300385726916E-11, 0.5354091733136225, 3.516123518055138E-12, 0.2436050834403915, 3.4273109123009463E-12, 3.064778383810337E-12
240, Flight4, LOWRISK3, 1.9925718714276035E-11, 1.8859704550782714E-10, 9.571964965076825E-11, 0.6492778028194384, 5.346637584705472E-11, 0.35072219672943156, 5.0655180534453645E-11, 4.3151638108520884E-11
240, Flight4, LOWRISK4, 0.8466944538916858, 0.04641658154887348, 2.2655462875845516E-11, 0.049204553810537864, 4.260148082272309E-12, 0.057684410714381275, 4.266982273428639E-12, 3.724561365736701E-12
240, Flight5, SELECTEE, 1.4658204922680964E-12, 1.1513069063956015E-11, 8.834135506716263E-12, 0.4766329484792594, 0.2642206192416091, 0.14836705148302953, 0.11077938073857006, 3.610456483660127E-11
240, Flight5, UNKNOWN, 0.9999999999989271, 2.9941254536983016E-13, 2.632798730451485E-13, 2.6364281072819103E-13, 1.250228983682571E-13, 2.636442979243104E-13, 1.2510406837961432E-13, 1.183442751170428E-13
240, Flight5, LOWRISK1, 0.6609574240100528, 0.05138318387827225, 4.637727760039655E-12, 0.14561116252610481, 7.966007195069987E-13, 0.142048229579032, 7.969187399283552E-13, 6.92377196906844E-13
240, Flight5, LOWRISK2, 0.6567146122269953, 0.08956848290962068, 1.5975890774721363E-11, 0.12980479120659863, 2.8215854568190283E-12, 0.12391211363309984, 2.8204599604588154E-12, 2.453332419947326E-12
240, Flight5, LOWRISK3, 0.4035822918889981, 0.11775937359665559, 2.4670985451154388E-11, 0.2357084101548927, 4.518309434176745E-12, 0.24294992432215992, 4.527369465131959E-12, 3.962726325725243E-12
240, Flight5, LOWRISK4, 0.9999999999595435, 8.327685371806669E-12, 7.30749617255951E-12, 7.284957805668184E-12, 3.597699441291067E-12, 7.31212111646627E-12, 3.6120667571721552E-12, 3.4003790466879324E-12
240, Flight6, SELECTEE, 3.390041308278003E-12, 2.7061802012446232E-11, 1.6826987988240314E-11, 0.6348357898226096, 1.450987247245894E-11, 0.36516421009085065, 1.412589994452273E-11, 1.1010342654249766E-11
240, Flight6, UNKNOWN, 0.999999999998701, 3.4529344375510884E-13, 3.038824199382184E-13, 3.0396220994449655E-13, 1.4499038538420507E-13, 3.041036092319727E-13, 1.4508145116513933E-13, 1.372422630949045E-13
240, Flight6, LOWRISK1, 0.9999999999939007, 1.3878473735810438E-12, 1.1581960266573315E-12, 1.2300829961167312E-12, 5.035086318147229E-13, 1.231005524410226E-12, 5.037853527862118E-13, 4.705172949368158E-13
240, Flight6, LOWRISK2, 0.9999999989056407, 4.6236227486254677E-10, 9.460144009171917E-12, 3.0937525038988756E-10, 1.7197323470383011E-12, 3.0860592133614904E-10, 1.7210097824587496E-12, 1.5005059580750124E-12
240, Flight6, LOWRISK3, 0.6583273805879151, 0.07505357542900204, 9.043237179186205E-11, 0.12066454342055467, 1.699766653776899E-11, 0.14595450042378788, 1.7001380494078684E-11, 1.4694548249332514E-11
240, Flight6, LOWRISK4, 0.9999999999765595, 4.845440925516339E-12, 4.267228685919532E-12, 4.246687994901196E-12, 2.101143779567323E-12, 4.267983973432304E-12, 2.1093200325256114E-12, 1.9883913912973723E-12
240, Flight7, SELECTEE, 1.1474045281549169E-12, 9.376848085108904E-12, 7.161739809713325E-12, 0.203742614868199, 0.686541126609249, 0.046257385101098385, 0.06345887337025086, 3.390237033222645E-11
240, Flight7, UNKNOWN, 0.7750032017650845, 0.024971183990357426, 2.341635497858369E-12, 0.09995668220559908, 4.0331112550736097E-13, 0.1000689320358438, 4.0337761624579954E-13, 3.52509429632181E-13
240, Flight7, LOWRISK1, 0.3264019455273193, 0.06238249023186514, 5.2086586377936085E-12, 0.34416726869312364, 8.901796444911649E-13, 0.2670482955403125, 8.890863367208025E-13, 7.769488459857319E-13
240, Flight7, LOWRISK2, 0.3220503005699013, 0.10154729017471964, 1.0847863242817256E-11, 0.33975935466232976, 1.9099005030497548E-12, 0.23664305457711154, 1.8989045753006997E-12, 1.6663683036489438E-12
240, Flight7, LOWRISK3, 0.1508503175109699, 0.14234714278368266, 2.2434609188397198E-11, 0.43578137496312075, 4.132562939457436E-12, 0.27102116470832693, 4.117919146246263E-12, 3.6003038853993915E-12
240, Flight7, LOWRISK4, 0.9999999999764475, 4.869908950972898E-12, 4.286393253873266E-12, 4.272418160448795E-12, 2.1083695728756233E-12, 4.290435839054523E-12, 2.1156382442324596E-12, 1.9949008800585334E-12
240, Flight8, SELECTEE, 3.5233256773775546E-12, 2.985948100914134E-11, 2.254156054339864E-11, 0.1172743907834795, 0.8194911774505393, 0.025582751967185468, 0.03765167963520444, 1.0805234823168842E-10
240, Flight8, UNKNOWN, 0.6166007039981004, 0.02202223533985171, 1.775257623208613E-12, 0.18418858662070298, 3.006432528627385E-13, 0.17718847403909052, 3.008429499874456E-13, 2.630597367051763E-13
240, Flight8, LOWRISK1, 0.2319911303217318, 0.05493696994244704, 4.847921168807412E-12, 0.43360773071846903, 8.388946099887317E-13, 0.279464169010481, 8.367768088452258E-13, 7.331182185476953E-13
240, Flight8, LOWRISK2, 0.22796159460354423, 0.09120278740052107, 9.450729609035216E-12, 0.4281017975514775, 1.668440466139113E-12, 0.2527338204306091, 1.65710885483989E-12, 1.457514581970353E-12
240, Flight8, LOWRISK3, 0.07911118969644888, 0.14514215019048204, 2.962450748534036E-11, 0.5037912101002893, 5.213530603008106E-12, 0.2719554499686343, 5.181420705293148E-12, 4.511387076069057E-12
240, Flight8, LOWRISK4, 0.999999999976365, 4.886357758421357E-12, 4.301680045763486E-12, 4.292426240671125E-12, 2.112637907093136E-12, 4.3085295040474676E-12, 2.1194736071652785E-12, 1.9990856043753072E-12
240, Flight9, SELECTEE, 1.562765938657981E-12, 1.2897701028220741E-11, 9.823310109761212E-12, 0.20350825967982758, 0.686747051116614, 0.04649174027644047, 0.06325294885692723, 4.62924392753635E-11
240, Flight9, UNKNOWN, 0.7737534262320191, 0.03621916378606529, 3.84819016166261E-12, 0.09452800295960224, 6.683899762204964E-13, 0.09549940701693051, 6.68387928745541E-13, 5.83417262902779E-13
240, Flight9, LOWRISK1, 0.32676850255252166, 0.05908347700578023, 4.721982396405955E-12, 0.3457081848304529, 7.934535089901443E-13, 0.26843983560463, 7.927901390050404E-13, 6.925983597039665E-13
240, Flight9, LOWRISK2, 0.3170619001897124, 0.1464428935795364, 2.6088788428647745E-11, 0.3209953196225102, 4.590924862237472E-12, 0.21549988656939983, 4.555878573474979E-12, 3.990981971649817E-12
240, Flight9, LOWRISK3, 0.1507493776215635, 0.14325560178250743, 2.531010762417735E-11, 0.44030751635706183, 4.4781399097948355E-12, 0.2656875042011176, 4.478107470160621E-12, 3.868993460021559E-12
240, Flight9, LOWRISK4, 0.999999999846679, 3.137956565631829E-11, 2.738750570140385E-11, 2.7543729989814803E-11, 1.3575082331375913E-11, 2.7436475805591145E-11, 1.3575895869440768E-11, 1.280836137177177E-11
240, Flight10, SELECTEE, 2.3825528766531603E-12, 1.77918868370254E-11, 1.101461500303E-11, 0.6380464694337328, 8.787125601793883E-12, 0.36195353051132206, 8.654088422560864E-12, 6.739046643769957E-12
240, Flight10, UNKNOWN, 0.9999999999978869, 5.103919820038586E-13, 4.5008139429489703E-13, 4.500976714520237E-13, 2.1620085375753153E-13, 4.5048120875353357E-13, 2.1631870313370778E-13, 2.0468190687589535E-13
240, Flight10, LOWRISK1, 0.9999999999946058, 1.2537237604939719E-12, 1.0288093213844781E-12, 1.1106647373197923E-12, 4.348719130798488E-13, 1.11148421930691E-12, 4.3508693900337407E-13, 4.050580474063991E-13
240, Flight10, LOWRISK2, 0.9999999989060026, 4.5823374028706263E-10, 9.880957329221768E-12, 3.1094524536328946E-10, 1.8031496759306102E-12, 3.1014168671034174E-10, 1.8044679199175227E-12, 1.57391676225397E-12
240, Flight10, LOWRISK3, 0.6533884146737865, 0.1195042685932395, 1.9609016439841822E-10, 0.11385103792280502, 2.981442824102891E-11, 0.11325627852890593, 2.979224618791243E-11, 2.5951453383514365E-11
240, Flight10, LOWRISK4, 0.9999999999204858, 1.6352288169923703E-11, 1.4320317653191766E-11, 1.4283078498837129E-11, 6.99338293558341E-12, 1.4332299303461481E-11, 7.0165577294378745E-12, 6.601707759031341E-12
240, Flight11, SELECTEE, 1.0932780273192959E-13, 2.627200500717114E-13, 2.6218411435101004E-13, 7.347991369065875E-13, 0.9999999998591537, 3.199133562503373E-13, 5.327797771937793E-13, 1.3900992199472082E-10
240, Flight11, UNKNOWN, 0.4028029031411849, 0.04144053831152067, 3.438702046252491E-12, 0.2954157672657797, 5.897977929118482E-13, 0.2603407912767674, 5.889057740654E-13, 5.155479033794913E-13
240, Flight11, LOWRISK1, 0.10529307723864108, 0.05236230483656698, 4.574041759349606E-12, 0.5403137489951271, 8.035623024743414E-13, 0.3020308689231737, 7.968948583121639E-13, 7.023244994901805E-13
240, Flight11, LOWRISK2, 0.10113915203993079, 0.08974762850888143, 9.729913695950245E-12, 0.5509465120001996, 1.7824811680176428E-12, 0.25816670743654796, 1.7538500968677803E-12, 1.5595062332472736E-12
240, Flight11, LOWRISK3, 1.1689247789156611E-11, 1.55816566546731E-10, 2.3385629795887882E-11, 0.6711916123419165, 5.986118078605872E-12, 0.32880838745061436, 5.867061434408533E-12, 5.109923613398038E-12
240, Flight11, LOWRISK4, 0.8459419686199461, 0.05318894897575867, 3.742774847997383E-11, 0.050436896012094515, 6.832989084707946E-12, 0.05043218633555145, 6.840463902757299E-12, 5.933626800415216E-12
240, Flight12, SELECTEE, 1.374505976674952E-12, 1.1136383712979643E-11, 8.518258641605385E-12, 0.320664170697073, 0.5058241303180642, 0.07933582926626812, 0.09417586965987405, 3.8077017794724355E-11
240, Flight12, UNKNOWN, 0.9999999999828597, 5.046303246455644E-12, 2.0115495097606258E-12, 4.543127185124477E-12, 4.771111925071288E-13, 4.5476616799242754E-12, 4.772170510235628E-13, 4.2286176477801566E-13
240, Flight12, LOWRISK1, 0.4580394730375644, 0.07764474263274414, 7.971599314130831E-12, 0.25123986697488904, 1.3942954772196712E-12, 0.21307591734321382, 1.3933426302848766E-12, 1.214843990780164E-12
240, Flight12, LOWRISK2, 0.4548710516173868, 0.10616052980648157, 1.4124758619862543E-11, 0.24596264932772283, 2.49168450142544E-12, 0.19300576922752347, 2.4838308367294974E-12, 2.170508035133975E-12
240, Flight12, LOWRISK3, 0.24373177353325526, 0.20641403857266075, 9.801722160728281E-11, 0.31098473856068687, 1.7311029561514122E-11, 0.23886944918633063, 1.7141761471407734E-11, 1.498208407079725E-11
240, Flight12, LOWRISK4, 0.9999999999765026, 4.858268535224029E-12, 4.276638476591765E-12, 4.2596976848723376E-12, 2.105090768291074E-12, 4.279002865256742E-12, 2.1126823328272858E-12, 1.9918482802335754E-12
240, Flight13, SELECTEE, 8.47214839162032E-13, 6.936110378125155E-12, 5.283422542039604E-12, 0.0516454675110955, 0.9207181561142479, 0.010854532466393566, 0.01678184386763979, 2.79420459891868E-11
240, Flight13, UNKNOWN, 0.4950512324807914, 0.04453890757773009, 3.87429388625581E-12, 0.23749725507602903, 6.674774923740478E-13, 0.22291260486004322, 6.668158351264054E-13, 5.832615051533572E-13
240, Flight13, LOWRISK1, 0.16079787266018616, 0.05281914604129756, 4.586028145845508E-12, 0.48749231401753723, 8.014482567967692E-13, 0.2988906672744809, 7.958865457046131E-13, 7.004152713130787E-13
240, Flight13, LOWRISK2, 0.15043018632999208, 0.14612831948992086, 2.5892536876291457E-11, 0.46543618817925175, 4.701089099065668E-12, 0.23800530596193073, 4.608296500351902E-12, 4.0880205132907036E-12
240, Flight13, LOWRISK3, 0.02826418819588613, 0.12062230649784703, 4.1545868646667696E-11, 0.5759257743825777, 7.393962642489671E-12, 0.2751877308614754, 7.252642742279835E-12, 6.406725863789052E-12
240, Flight13, LOWRISK4, 0.9999999999618087, 8.042710097605644E-12, 6.893418986717886E-12, 7.0694817982027014E-12, 3.2258583082652997E-12, 7.0797509320809485E-12, 3.234809075375443E-12, 3.0309508352299343E-12
240, Flight14, SELECTEE, 1.1379801319359646E-12, 8.778142920521955E-12, 6.760742898235312E-12, 0.47793563338533795, 0.2627317256832404, 0.14706436658713729, 0.11226827430053182, 2.746116364578562E-11
240, Flight14, UNKNOWN, 0.999999999999111, 2.620651644621846E-13, 2.301934117705225E-13, 2.3048818739975653E-13, 1.0895943976142414E-13, 2.3048004940555736E-13, 1.0904727474330988E-13, 1.0311731555103319E-13
240, Flight14, LOWRISK1, 0.6610558913290333, 0.05049697800616786, 5.314650176597036E-12, 0.14789895261559943, 9.4136303487187E-13, 0.14054817804156797, 9.415437248145972E-13, 8.194182489270133E-13
240, Flight14, LOWRISK2, 0.6576674251824173, 0.08099316631104149, 1.3799193958110577E-11, 0.13495359921086664, 2.295269926691074E-12, 0.12638580927567278, 2.2945814342109555E-12, 1.998193263118974E-12
240, Flight14, LOWRISK3, 0.39803648236579253, 0.16767165928863018, 3.689449461252531E-11, 0.2199692064677931, 5.984853834012026E-12, 0.21432265182416466, 5.980674010018508E-12, 5.144967513550911E-12
240, Flight14, LOWRISK4, 0.9999999999674426, 6.708753040123989E-12, 5.895024277012086E-12, 5.872225665380802E-12, 2.9050881779631082E-12, 5.897576957228225E-12, 2.916748372676071E-12, 2.7472659700006124E-12
240, Flight15, SELECTEE, 9.813564909485682E-13, 8.037399512891489E-12, 6.130960958900997E-12, 0.11730596458566972, 0.8196985269537886, 0.025551178245261128, 0.03744433016980433, 3.071199819166625E-11
240, Flight15, UNKNOWN, 0.61592485052614, 0.028104916586857695, 2.329918877655094E-12, 0.18140916129482332, 3.9699209957148057E-13, 0.17456107158909343, 3.970328721875572E-13, 3.4715400250977016E-13
240, Flight15, LOWRISK1, 0.22903523707246454, 0.08154000918228128, 7.821486410843458E-12, 0.41688007579365016, 1.3674399336039155E-12, 0.2725446779402452, 1.3621085145464857E-12, 1.1935566321129843E-12
240, Flight15, LOWRISK2, 0.2251175214974536, 0.11679944535024953, 1.4247243796236189E-11, 0.41363495264341243, 2.533648569621625E-12, 0.24444808048777045, 2.5085218425803153E-12, 2.2101655862142806E-12
240, Flight15, LOWRISK3, 0.076460878389016, 0.16899495193419345, 5.133904730657432E-11, 0.4873878198148457, 9.109938942519544E-12, 0.2671563497850225, 8.962812190963949E-12, 7.896069994639992E-12
240, Flight15, LOWRISK4, 0.9999999999195751, 1.6523342564472695E-11, 1.4470202127414097E-11, 1.4534907142414999E-11, 7.050456620763907E-12, 1.4516838029445172E-11, 7.060501940797659E-12, 6.654363904942136E-12
240, Flight16, SELECTEE, 1.1948380794191196E-12, 9.625129651930148E-12, 7.3743705606932E-12, 0.32096803584037414, 0.5054346567053728, 0.07903196412857819, 0.09456534327491857, 3.2947664689930717E-11
240, Flight16, UNKNOWN, 0.9999999999828151, 4.990661654234639E-12, 2.127352586878909E-12, 4.4722381887075966E-12, 5.20542658689164E-13, 4.4770974070752014E-12, 5.206519031531398E-13, 4.620965490191988E-13
240, Flight16, LOWRISK1, 0.46072039846870716, 0.05351641375617037, 5.008075526447338E-12, 0.2655967021397309, 8.80124908259319E-13, 0.22016648562824204, 8.786088012749178E-13, 7.681728865607471E-13
240, Flight16, LOWRISK2, 0.4560766400708508, 0.09531023372840748, 1.1181400372171747E-11, 0.24532844291007005, 2.022028066711603E-12, 0.20328468327407911, 2.0098994332708976E-12, 1.7647864404658021E-12
240, Flight16, LOWRISK3, 0.24563311357555978, 0.18930197824740427, 5.0247064894183476E-11, 0.3184627748667155, 8.869342058674303E-12, 0.24660213323506738, 8.821293994992138E-12, 7.700897568535684E-12
240, Flight16, LOWRISK4, 0.9999999999461757, 1.107755388754145E-11, 9.703111201291805E-12, 9.703768237574998E-12, 4.751369818417962E-12, 9.7205416848692E-12, 4.766908620543249E-12, 4.486538519325131E-12
240, Flight17, SELECTEE, 8.47214839162032E-13, 6.936110378125155E-12, 5.283422542039604E-12, 0.0516454675110955, 0.9207181561142479, 0.010854532466393566, 0.01678184386763979, 2.79420459891868E-11
240, Flight17, UNKNOWN, 0.49668449577349116, 0.029839537945103422, 2.391989826814116E-12, 0.24690930865365962, 4.0652456940106544E-13, 0.22656665762457068, 4.063943849057532E-13, 3.5552681636058857E-13
240, Flight17, LOWRISK1, 0.1596795360723826, 0.06288417533025399, 5.689841292481311E-12, 0.48779088976126633, 9.96129908480909E-13, 0.2896453988279355, 9.905995879069547E-13, 8.704465599940425E-13
240, Flight17, LOWRISK2, 0.15043018632999208, 0.14612831948992086, 2.5892536876291457E-11, 0.46543618817925175, 4.701089099065668E-12, 0.23800530596193073, 4.608296500351902E-12, 4.0880205132907036E-12
240, Flight17, LOWRISK3, 0.029392386967166347, 0.11046851756962572, 2.9774155694478094E-11, 0.5825684826365597, 5.284603686106386E-12, 0.27757061278217293, 5.2253496553727295E-12, 4.5769036326758E-12
240, Flight17, LOWRISK4, 0.9999999999529144, 9.895342744685832E-12, 8.481801693431776E-12, 8.699371534010249E-12, 3.9746420018466166E-12, 8.701616202227834E-12, 3.9850061114087084E-12, 3.733482826141531E-12
240, Flight18, SELECTEE, 2.6104435760251663E-12, 1.9948201619446204E-11, 1.2388906014152528E-11, 0.6373477463540613, 1.0178156868911255E-11, 0.3626522535834305, 9.995106660987539E-12, 7.773640414625006E-12
240, Flight18, UNKNOWN, 0.9999999999978869, 5.103919820038586E-13, 4.5008139429489703E-13, 4.500976714520237E-13, 2.1620085375753153E-13, 4.5048120875353357E-13, 2.1631870313370778E-13, 2.0468190687589535E-13
240, Flight18, LOWRISK1, 0.9999999999920363, 1.7615176708124903E-12, 1.4943474981891124E-12, 1.5608904570685626E-12, 6.70638053713746E-13, 1.5621004452374337E-12, 6.710301224707881E-13, 6.288603636823086E-13
240, Flight18, LOWRISK2, 0.9999999989064401, 4.6111316813879604E-10, 8.114727836484133E-12, 3.105092119825657E-10, 1.4667402703101243E-12, 3.1000103617221525E-10, 1.4675344071225566E-12, 1.272826899079479E-12
240, Flight18, LOWRISK3, 0.6555752669770237, 0.09982259802354651, 2.3575952670644718E-11, 0.12086972737958177, 3.949757316502042E-12, 0.12373240758534315, 3.950075796249615E-12, 3.4145184225516776E-12
240, Flight18, LOWRISK4, 0.9999999999204858, 1.635228717614983E-11, 1.4320316889588086E-11, 1.428307773959467E-11, 6.993382753386661E-12, 1.4332298538395938E-11, 7.016557545888903E-12, 6.601707596508819E-12
240, Flight19, SELECTEE, 1.562765938657981E-12, 1.2897701028220741E-11, 9.823310109761212E-12, 0.20350825967982758, 0.686747051116614, 0.04649174027644047, 0.06325294885692723, 4.62924392753635E-11
240, Flight19, UNKNOWN, 0.7751789360844298, 0.023389575116462533, 2.1523359025047753E-12, 0.10030487726474738, 3.700231089769571E-13, 0.10112661153152976, 3.701221823060216E-13, 3.234838567534717E-13
240, Flight19, LOWRISK1, 0.3259322128807445, 0.06661008405028018, 5.838577438322924E-12, 0.34359869801759507, 1.0080538804292427E-12, 0.2638590050430331, 1.0064500837686247E-12, 8.797610409332296E-13
240, Flight19, LOWRISK2, 0.3157250370743706, 0.15847466160812135, 3.44086125923154E-11, 0.3139060396021197, 6.0495871595688425E-12, 0.21189426166406905, 5.996596868108657E-12, 5.2502325574586995E-12
240, Flight19, LOWRISK3, 0.14387315259324537, 0.20514162695563698, 9.923541180316976E-11, 0.3942378517500882, 1.758823238909118E-11, 0.25674736855207464, 1.7298209117878932E-11, 1.5218365556044918E-11
240, Flight19, LOWRISK4, 0.999999999945983, 1.1118246022120569E-11, 9.737504133600902E-12, 9.752082385295739E-12, 4.761541368954888E-12, 9.761572868631475E-12, 4.775691395001955E-12, 4.495899342939795E-12
240, Flight20, SELECTEE, 1.085649181335502E-13, 2.6857303358404057E-13, 2.6708723940338853E-13, 8.125439869725327E-13, 0.9999999999426875, 3.3249951385084473E-13, 5.289326262052748E-13, 5.537978927879735E-11
240, Flight20, UNKNOWN, 0.4042376083914407, 0.028528191060563417, 2.220713354034713E-12, 0.30640159450210924, 3.760907635861342E-13, 0.26083260604297054, 3.75825922200412E-13, 3.2894255495498223E-13
240, Flight20, LOWRISK1, 0.10432898940061919, 0.06103909537773408, 5.544720443665366E-12, 0.5426869154789007, 9.766260754711434E-13, 0.2919449997347874, 9.691248735453369E-13, 8.534857371743286E-13
240, Flight20, LOWRISK2, 0.10061769584562474, 0.09444073425668599, 1.0655519465506787E-11, 0.5492316229235583, 1.9567082132167773E-12, 0.2557099469582694, 1.923248110223298E-12, 1.7114319913993923E-12
240, Flight20, LOWRISK3, 1.1673160627454553E-11, 1.5572458215450038E-10, 2.6428203676356987E-11, 0.6701916923358523, 7.095117729918846E-12, 0.32980830745065354, 6.917625748053663E-12, 6.040999039416196E-12
240, Flight20, LOWRISK4, 0.8460982808778004, 0.0517821386650137, 2.652953064289417E-11, 0.0509161694317704, 4.833786265090553E-12, 0.05120341098539282, 4.8383307908532425E-12, 4.206500755308592E-12
240, Flight21, SELECTEE, 9.42776383856515E-13, 7.747085653274252E-12, 5.894984738033285E-12, 0.051650980539354005, 0.920719737935926, 0.010849019435135474, 0.01678026204447935, 3.090563070517005E-11
240, Flight21, UNKNOWN, 0.4952370474603878, 0.04286657276156431, 3.692532478536709E-12, 0.23856226439988285, 6.353056993710392E-13, 0.22333411537303274, 6.346996046742128E-13, 5.55180250865697E-13
240, Flight21, LOWRISK1, 0.15851017864242653, 0.07340839219851258, 6.881258287550751E-12, 0.48489836517034224, 1.2069908640053227E-12, 0.2831830639787614, 1.2000746435790622E-12, 1.0542472546463798E-12
240, Flight21, LOWRISK2, 0.1560107108312756, 0.09590359899532949, 1.0270395296110817E-11, 0.49025401935434926, 1.8419100677798472E-12, 0.25783167080388825, 1.820673592616663E-12, 1.6097038896362698E-12
240, Flight21, LOWRISK3, 0.02617039725921006, 0.13946642474358387, 1.986226965952312E-10, 0.5570442842644237, 3.5308380796122023E-11, 0.2773188934349545, 3.3755029862056364E-11, 3.052726232473076E-11
240, Flight21, LOWRISK4, 0.9999999999618087, 8.042710097605644E-12, 6.893418986717886E-12, 7.0694817982027014E-12, 3.2258583082652997E-12, 7.0797509320809485E-12, 3.234809075375443E-12, 3.0309508352299343E-12
240, Flight22, SELECTEE, 7.16570021993334E-12, 6.088649152793058E-11, 4.6137822479392483E-11, 0.3186177611189671, 0.5070187541905661, 0.08138223866115345, 0.09298124570949849, 2.0601057490308896E-10
240, Flight22, UNKNOWN, 0.9999999999829988, 5.26026485330595E-12, 1.4808978973123558E-12, 4.874424678130912E-12, 3.101984926628717E-13, 4.876896053498327E-12, 3.1041855082481774E-13, 2.734969028395224E-13
240, Flight22, LOWRISK1, 0.4580394730375644, 0.07764474263274414, 7.971599314130831E-12, 0.25123986697488904, 1.3942954772196712E-12, 0.21307591734321382, 1.3933426302848766E-12, 1.214843990780164E-12
240, Flight22, LOWRISK2, 0.4501903344008547, 0.14828698472333474, 4.0811336115159104E-11, 0.22519669549815022, 7.114460355895488E-12, 0.17632598531687632, 7.077122123762244E-12, 6.166640676323045E-12
240, Flight22, LOWRISK3, 0.24300068804505226, 0.2129938078944147, 1.897101355389777E-10, 0.30776388396563054, 3.4090655808326697E-11, 0.2362416198085016, 3.357501560341805E-11, 2.941054195420036E-11
240, Flight22, LOWRISK4, 0.9999999999199416, 1.6461942548000358E-11, 1.4412117900351789E-11, 1.4429050219337618E-11, 7.025576573183014E-12, 1.4442627001028433E-11, 7.0419394900369955E-12, 6.630671320290514E-12
240, Flight23, SELECTEE, 1.0596333597761541E-13, 2.6005664988085756E-13, 2.591851405930332E-13, 7.362997211141068E-13, 0.9999999999124344, 3.1981445942894216E-13, 5.310560536891109E-13, 8.573885849015368E-11
240, Flight23, UNKNOWN, 0.4025054106653595, 0.0441179705936516, 3.707673601287255E-12, 0.2937226773197644, 6.372902940883036E-13, 0.2596539414160717, 6.362653176329229E-13, 5.570215538468206E-13
240, Flight23, LOWRISK1, 0.10331256751586163, 0.07018689233936685, 6.663838914455097E-12, 0.5426167149442678, 1.1775275580841574E-12, 0.28388382519085104, 1.1681258272501778E-12, 1.0287714300217496E-12
240, Flight23, LOWRISK2, 0.09971767324822617, 0.10254093763143368, 1.2441548369647877E-11, 0.5457887407187548, 2.295171746063344E-12, 0.2519526483829768, 2.251083886472543E-12, 2.0062497781636647E-12
240, Flight23, LOWRISK3, 1.9925718714276035E-11, 1.8859704550782714E-10, 9.571964965076825E-11, 0.6492778028194384, 5.346637584705472E-11, 0.35072219672943156, 5.0655180534453645E-11, 4.3151638108520884E-11
240, Flight23, LOWRISK4, 0.8459419686199461, 0.05318894897575867, 3.742774847997383E-11, 0.050436896012094515, 6.832989084707946E-12, 0.05043218633555145, 6.840463902757299E-12, 5.933626800415216E-12
240, Flight24, SELECTEE, 1.2798724833839865E-12, 9.95434684198494E-12, 7.653147630156698E-12, 0.4773482158982607, 0.26345780490345627, 0.14765178406982424, 0.1115421950787728, 3.118401656194601E-11
240, Flight24, UNKNOWN, 0.9999999999983427, 4.178807490117465E-13, 3.6826011158695664E-13, 3.6882804761880353E-13, 1.760410999054911E-13, 3.6888327534913455E-13, 1.7610244541765236E-13, 1.6666477924043473E-13
240, Flight24, LOWRISK1, 0.6611448449754189, 0.04969639518922147, 4.964310412634527E-12, 0.14762523821097703, 8.776276541344971E-13, 0.1415335216172844, 8.778248664586768E-13, 7.63898495122088E-13
240, Flight24, LOWRISK2, 0.6563054735628855, 0.09325073088285755, 1.8587430509824147E-11, 0.12774819966137538, 3.3097668207423262E-12, 0.12269559586518514, 3.3082291437249237E-12, 2.876646033059258E-12
240, Flight24, LOWRISK3, 0.3972058078284477, 0.17514773009051257, 4.947855220772464E-11, 0.2179851385094392, 8.710470428663726E-12, 0.20966132349754002, 8.710434781838013E-12, 7.546592329993071E-12
240, Flight24, LOWRISK4, 0.9999999999464139, 1.1023836772096097E-11, 9.661322804939255E-12, 9.640965878267812E-12, 4.740132628671564E-12, 9.670665567143818E-12, 4.7576753454161945E-12, 4.477150134779178E-12
240, Flight25, SELECTEE, 7.459291987008612E-12, 6.354510013098288E-11, 3.933734770857701E-11, 0.6262730263848968, 3.680345528881948E-11, 0.3737269734057243, 3.492116361016052E-11, 2.7698247414148554E-11
240, Flight25, UNKNOWN, 0.999999999998759, 3.3349553970443486E-13, 2.9343402509813106E-13, 2.9351352453304407E-13, 1.3990453911359396E-13, 2.9364251508215983E-13, 1.3999588674440111E-13, 1.3242455067984973E-13
240, Flight25, LOWRISK1, 0.9999999999937842, 1.4106884588306157E-12, 1.1793766938192423E-12, 1.2503584508729749E-12, 5.143684136891326E-13, 1.2512935902459634E-12, 5.14653256738416E-13, 4.808408694004027E-13
240, Flight25, LOWRISK2, 0.9999999989087619, 4.263548665940645E-10, 1.4349887043726139E-11, 3.2205179631712943E-10, 2.6804434588310988E-12, 3.211672287002268E-10, 2.6818921302055227E-12, 2.3373325161532286E-12
240, Flight25, LOWRISK3, 0.6538936950673843, 0.11495674516327574, 6.064739129770041E-11, 0.11542974555789103, 1.086107778176154E-11, 0.11571981412003425, 1.0868239137161952E-11, 9.423683633223999E-12
240, Flight25, LOWRISK4, 0.9999999999816688, 3.8040554011370745E-12, 3.3546320492062937E-12, 3.3384939460983176E-12, 1.6488545098434089E-12, 3.355224270080066E-12, 1.654761678508082E-12, 1.5609452895098522E-12
240, Flight26, SELECTEE, 0.6538238320491586, 0.11558551149117437, 6.274910154316118E-11, 0.11574287060571174, 1.1113890386693857E-11, 0.11484778575975173, 1.1113883994409344E-11, 9.629012128160585E-12
240, Flight26, UNKNOWN, 0.9999999999991431, 2.5549150540070015E-13, 2.2439813215835484E-13, 2.2434680626709018E-13, 1.0637141353710665E-13, 2.2446842384300879E-13, 1.0647183853777354E-13, 1.0064149487789107E-13
240, Flight26, LOWRISK1, 0.9999999999939123, 1.3183065359910334E-12, 1.1653420175228664E-12, 1.1638168829870775E-12, 5.670072355028302E-13, 1.1663823164381417E-12, 5.677525175043401E-13, 5.370624565805713E-13
240, Flight26, LOWRISK2, 0.9999999999931136, 1.480494955639023E-12, 1.309078293013698E-12, 1.3071727596687524E-12, 6.37098211530448E-13, 1.310608195516356E-12, 6.381237229885356E-13, 6.035289723284516E-13
240, Flight26, LOWRISK3, 0.9999999999816552, 3.8115807180501325E-12, 3.3591945229751307E-12, 3.343938220046854E-12, 1.651155403809167E-12, 3.360614280900381E-12, 1.6570297605642525E-12, 1.5629292175349967E-12
240, Flight26, LOWRISK4, 0.9999999999204807, 1.6366071649465602E-11, 1.4329183950454684E-11, 1.4283164766074293E-11, 6.989168484303373E-12, 1.4342900242545314E-11, 7.014286908165773E-12, 6.59701101398772E-12
240, Flight27, SELECTEE, 4.076700161667761E-12, 3.326563966767068E-11, 2.0659729528389254E-11, 0.6326961037690995, 1.8289199051211536E-11, 0.36730389612347314, 1.7685033848241175E-11, 1.383653604687975E-11
240, Flight27, UNKNOWN, 0.9999999999985346, 3.7900262096910485E-13, 3.337341424702628E-13, 3.33812272539712E-13, 1.5952328245885402E-13, 3.3399182721325655E-13, 1.596149861667255E-13, 1.5100696578585636E-13
240, Flight27, LOWRISK1, 0.9999999999928888, 1.5889799887614365E-12, 1.3410580440582646E-12, 1.408345870403855E-12, 5.954410256750516E-13, 1.4093984304333996E-12, 5.957803349181495E-13, 5.577277754032439E-13
240, Flight27, LOWRISK2, 0.9999999989087619, 4.263548665940645E-10, 1.4349887043726139E-11, 3.2205179631712943E-10, 2.6804434588310988E-12, 3.211672287002268E-10, 2.6818921302055227E-12, 2.3373325161532286E-12
240, Flight27, LOWRISK3, 0.6571521855742969, 0.08563033061682258, 3.099279493381878E-11, 0.11782700693273657, 5.738763345272741E-12, 0.13939047682907427, 5.748762065789455E-12, 4.974789853902451E-12
240, Flight27, LOWRISK4, 0.9999999999674751, 6.702238573369009E-12, 5.889674763969394E-12, 5.864585773446113E-12, 2.902757411237703E-12, 5.89131832281384E-12, 2.9147861592209774E-12, 2.74508701036584E-12
240, Flight28, SELECTEE, 6.3470446088440925E-12, 9.415816060627016E-11, 5.5844377927305873E-11, 0.053802592719885474, 0.9142387581702504, 0.00869740700206312, 0.023261241823060927, 1.287760858555785E-10
240, Flight28, UNKNOWN, 0.49754040994593673, 0.022136310393871834, 1.6292299084184094E-12, 0.25888581049483955, 2.7358541083950815E-13, 0.22143746916332205, 2.734715183392231E-13, 2.3919661229733024E-13
240, Flight28, LOWRISK1, 0.15699205243128397, 0.0870715280967619, 8.719758674898829E-12, 0.4795964101472312, 1.5352283698736485E-12, 0.2763400093119879, 1.5253620705903794E-12, 1.3401604762610963E-12
240, Flight28, LOWRISK2, 0.14905534534004758, 0.15850188838989712, 3.414397951700002E-11, 0.4580232738191577, 6.2068519809864005E-12, 0.234419492399476, 6.075661011941457E-12, 5.380536554743033E-12
240, Flight28, LOWRISK3, 0.027728795555603543, 0.1254408402493579, 5.171968912377633E-11, 0.5719912050763186, 9.212825011155886E-12, 0.27483915904120093, 8.986866130585412E-12, 7.985012187101333E-12
240, Flight28, LOWRISK4, 0.9999999999618087, 8.042710097605644E-12, 6.893418986717886E-12, 7.0694817982027014E-12, 3.2258583082652997E-12, 7.0797509320809485E-12, 3.234809075375443E-12, 3.0309508352299343E-12
240, Flight29, SELECTEE, 1.1474045281549169E-12, 9.376848085108904E-12, 7.161739809713325E-12, 0.203742614868199, 0.686541126609249, 0.046257385101098385, 0.06345887337025086, 3.390237033222645E-11
240, Flight29, UNKNOWN, 0.7755595766053234, 0.01996381042914799, 1.5871373394106256E-12, 0.10408552506332205, 2.6674266935135133E-13, 0.10039108790023793, 2.6704513721114643E-13, 2.332337646646998E-13
240, Flight29, LOWRISK1, 0.32613898930837826, 0.06474909620189316, 5.566825671273585E-12, 0.3438246018590617, 9.57641307406904E-13, 0.2652873126227356, 9.562570875463477E-13, 8.357940190956107E-13
240, Flight29, LOWRISK2, 0.31766052855811266, 0.1410552382670858, 2.3289158316808607E-11, 0.3238973118368004, 4.10055690508512E-12, 0.21738692130335957, 4.070713445206045E-12, 3.566792236446913E-12
240, Flight29, LOWRISK3, 0.1428863202449246, 0.2140231179966987, 1.9133895490477066E-10, 0.3886716296573396, 3.4604645049450125E-11, 0.2544189318117879, 3.38120245681986E-11, 2.987911075619311E-11
240, Flight29, LOWRISK4, 0.999999999846679, 3.137956565631829E-11, 2.738750570140385E-11, 2.7543729989814803E-11, 1.3575082331375913E-11, 2.7436475805591145E-11, 1.3575895869440768E-11, 1.280836137177177E-11
240, Flight30, SELECTEE, 3.368115556546676E-12, 3.077384850014439E-11, 2.2186542822055715E-11, 0.05228170761575169, 0.9184483689455675, 0.010218292277881725, 0.019051631003216326, 1.0164000580249281E-10
240, Flight30, UNKNOWN, 0.4965340987564994, 0.03119311109789141, 2.518199284830653E-12, 0.24613959623281711, 4.2856767510900087E-13, 0.2261331939094279, 4.2838493334380124E-13, 3.747600980920286E-13
240, Flight30, LOWRISK1, 0.1576952388137972, 0.08074285065513065, 7.822127386841337E-12, 0.48232708005279945, 1.3748216762531358E-12, 0.27923483046689435, 1.3664483757621209E-12, 1.200467992328876E-12
240, Flight30, LOWRISK2, 0.15571043012591032, 0.09860612534311983, 1.0763499485082622E-11, 0.489159165349737, 1.931377045342047E-12, 0.25652427916532755, 1.908355956221439E-12, 1.687642759445904E-12
240, Flight30, LOWRISK3, 0.027237350257489964, 0.12986384791378974, 6.848749195634445E-11, 0.568021495245642, 1.2192740377479926E-11, 0.2748773064803971, 1.181893338481037E-11, 1.0567375222348616E-11
240, Flight30, LOWRISK4, 0.9999999999380866, 1.298640889159023E-11, 1.1135293166672926E-11, 1.143046866603137E-11, 5.213657920210853E-12, 1.1413474047573929E-11, 5.224180020187082E-12, 4.8955000516658E-12