TimeWindow, Flight, RiskCategory, O201, O202, O203, O204, O205, O206, O207, O208
240, Flight1, SELECTEE, 3.0894305501997427E-12, 2.77970615516802E-11, 2.0852151756144334E-11, 0.4753412103667258, 0.2627756920084031, 0.14965878953911288, 0.11222430795057176, 8.348729284449104E-11
240, Flight1, UNKNOWN, 0.6651003800606553, 0.01409657925196282, 1.155089903043994E-11, 0.15576035180507355, 1.9248955543966058E-12, 0.16504268886529685, 1.9248942606463076E-12, 1.6502237276585703E-12
240, Flight1, LOWRISK1, 0.33047669272381935, 0.025709765390713995, 1.975815792225081E-11, 0.34476443642111987, 3.2926063441400667E-12, 0.29904910543522, 3.292602471628351E-12, 2.82276852940957E-12
240, Flight1, LOWRISK2, 0.24335472512870626, 0.05980747373677288, 5.004936659192502E-11, 0.3843994205385174, 8.341221291727394E-12, 0.3124383805221601, 8.34119804209453E-12, 7.150923194508952E-12
240, Flight1, LOWRISK3, 0.1432580057487229, 0.21067794754366834, 7.54782259027501E-10, 0.3653207261711189, 1.2504887301502552E-10, 0.2807433194244569, 1.2504032018857373E-10, 1.0720093770069515E-10
240, Flight1, LOWRISK4, 0.9999999999313527, 1.414783579980757E-11, 1.2296356091906407E-11, 1.229634088542279E-11, 6.00338967052786E-12, 1.2296407005940804E-11, 6.003402936602901E-12, 5.6429038271258335E-12
240, Flight2, SELECTEE, 0.15170080115353224, 0.13469278948561397, 1.501286283341844E-10, 0.38721425179328584, 2.502299622427092E-11, 0.32639215734598137, 2.5022522877394065E-11, 2.145196010998887E-11
240, Flight2, UNKNOWN, 0.9999999999902245, 2.0219271892071413E-12, 1.7571676995265465E-12, 1.757168569628369E-12, 8.57762749167467E-13, 1.7571688197609946E-12, 8.577625670453288E-13, 8.062448503867241E-13
240, Flight2, LOWRISK1, 0.9999999999761096, 5.223963745259587E-12, 4.248561520815785E-12, 4.53291564746363E-12, 1.8431522810211725E-12, 4.532918076106424E-12, 1.8431523015244345E-12, 1.7050487535104509E-12
240, Flight2, LOWRISK2, 0.8306025374647238, 0.024577162679760758, 3.1280023486632566E-11, 0.0724060486050453, 5.212955673808736E-12, 0.07241425120433441, 5.212956611091361E-12, 4.468885910803542E-12
240, Flight2, LOWRISK3, 0.6538556830444553, 0.11529885192189454, 7.82995867186804E-10, 0.11592684740419577, 1.2473693598744985E-10, 0.11491861649010601, 1.247344311632578E-10, 1.0692038464107032E-10
240, Flight2, LOWRISK4, 0.9999999999389847, 1.2575840130443571E-11, 1.0930112802719203E-11, 1.0930067521842633E-11, 5.336330137615134E-12, 1.0930138634263487E-11, 5.336344585582498E-12, 5.015902456661112E-12
240, Flight3, SELECTEE, 0.15435178273869246, 0.1108339552641153, 1.0723612927695782E-10, 0.3971470420467956, 1.7873905704234568E-11, 0.3376672197921293, 1.7873661305763118E-11, 1.5323204101187285E-11
240, Flight3, UNKNOWN, 0.999999999996349, 7.602807410217434E-13, 6.606542887104881E-13, 6.606543754056702E-13, 3.224489043399378E-13, 6.606543134954604E-13, 3.224489388596922E-13, 3.0307510362119195E-13
240, Flight3, LOWRISK1, 0.9999999999799948, 4.549908227756481E-12, 3.5093143289413E-12, 3.9463105521575426E-12, 1.4035676293169824E-12, 3.946340576562006E-12, 1.403569359226908E-12, 1.2859904068730783E-12
240, Flight3, LOWRISK2, 0.8304803630968842, 0.02567673198563298, 3.5749501738266706E-11, 0.07173878944538982, 5.957593602596399E-12, 0.07210411541936035, 5.957594835811568E-12, 5.107210155507656E-12
240, Flight3, LOWRISK3, 0.6538556830444553, 0.11529885192189454, 7.82995867186804E-10, 0.11592684740419577, 1.2473693598744985E-10, 0.11491861649010601, 1.247344311632578E-10, 1.0692038464107032E-10
240, Flight3, LOWRISK4, 0.9999999998626746, 2.829353990344648E-11, 2.4591066815434997E-11, 2.4590795023140225E-11, 1.2006343326233978E-11, 2.4591154933064626E-11, 1.2006420738750897E-11, 1.1285400932962388E-11
240, Flight4, SELECTEE, 9.501817935207912E-14, 2.32995784698892E-13, 2.3242037850640034E-13, 6.716042249495373E-13, 0.9999999998111092, 2.846706198022608E-13, 4.953810009416121E-13, 1.8691809687032873E-10
240, Flight4, UNKNOWN, 0.11015001531222891, 0.008649862098737573, 6.4728009428633775E-12, 0.521442386124387, 1.0786086792112775E-12, 0.35975773645513104, 1.0786096707023328E-12, 9.24711363921635E-13
240, Flight4, LOWRISK1, 6.620183234028604E-13, 5.956567142372657E-12, 4.4687972037780066E-12, 0.6228076722457865, 0.09369592950301603, 0.21052566104960277, 0.07297073717264115, 1.7905553485376938E-11
240, Flight4, LOWRISK2, 2.52774389402497E-12, 2.2742779403341463E-11, 1.7061443445246725E-11, 0.5249589251032217, 0.23466443387578054, 0.14170774146971463, 0.09866889944068383, 6.830668776855994E-11
240, Flight4, LOWRISK3, 2.777620196727826E-11, 2.5082928033834696E-10, 1.876408647516118E-10, 0.40531984875588145, 0.40413506062791177, 0.09468015035617534, 0.09586493904349132, 7.503331714024587E-10
240, Flight4, LOWRISK4, 0.6970290377936433, 0.06007199103123397, 9.387341583077256E-11, 0.10767022095188941, 1.5639597955486488E-11, 0.1352287500847128, 1.5639604336273716E-11, 1.3407115076041768E-11
240, Flight5, SELECTEE, 4.634125741481547E-12, 4.16960726361408E-11, 3.127652932390962E-11, 0.4743759050775035, 0.2636522526038057, 0.15062409477814062, 0.11134774733778845, 1.2519450987315872E-10
240, Flight5, UNKNOWN, 0.665843617764966, 0.00740743991903122, 5.9590049212144366E-12, 0.15308706320733012, 9.9300176506939E-13, 0.17366187909991582, 9.930020093653747E-13, 8.513130190210767E-13
240, Flight5, LOWRISK1, 0.330993354640931, 0.021059808140674333, 1.5974898780860664E-11, 0.3458814786934702, 2.6621116511956556E-12, 0.3020653585013825, 2.6621086669055768E-12, 2.2822436165134842E-12
240, Flight5, LOWRISK2, 0.2425469852739345, 0.0670771324216511, 5.774805412806894E-11, 0.38106002216955764, 9.624459893215341E-12, 0.309315860049648, 9.624428793596934E-12, 8.251027105401685E-12
240, Flight5, LOWRISK3, 0.15469755192915396, 0.10772203261237684, 9.383348612901144E-11, 0.4097310754771235, 1.5639641972530954E-11, 0.32784933984286463, 1.563949602448829E-11, 1.3407839194012158E-11
240, Flight5, LOWRISK4, 0.9999999998626719, 2.829409741383661E-11, 2.4591499064739845E-11, 2.4591383714850044E-11, 1.2006513914087721E-11, 2.4591659804583635E-11, 1.2006572256759626E-11, 1.1285558964526826E-11
240, Flight6, SELECTEE, 1.0553357371419723E-11, 9.496783309635551E-11, 5.8173529530157864E-11, 0.6264988312191817, 5.288758378191689E-11, 0.37350116847226295, 5.288241744846819E-11, 3.912986590316217E-11
240, Flight6, UNKNOWN, 0.9999999999702001, 8.531418095790996E-12, 3.830862459323775E-12, 7.350627901541323E-12, 9.64420546918266E-13, 7.350624860907413E-12, 9.644207067285123E-13, 8.470449117166108E-13
240, Flight6, LOWRISK1, 0.5531579022350568, 0.021578879764832703, 1.9757669594602372E-11, 0.21685013712649973, 3.2925828138527288E-12, 0.2084130808444846, 3.292581609811801E-12, 2.8227367288572303E-12
240, Flight6, LOWRISK2, 0.44033161604579013, 0.037015455480509385, 3.575039885603391E-11, 0.2718315524878787, 5.957946725055665E-12, 0.25082137593308695, 5.957945693287812E-12, 5.1077571822835935E-12
240, Flight6, LOWRISK3, 0.3153468293612933, 0.16187853545148695, 3.761348142964873E-10, 0.2741952840636664, 6.254195547846846E-11, 0.24857935056876235, 6.254166332973456E-11, 5.361207878801774E-11
240, Flight6, LOWRISK4, 0.9999999999215416, 1.6168663853720465E-11, 1.405274119888304E-11, 1.405268741862262E-11, 6.8609501660803065E-12, 1.4052789105190382E-11, 6.860971241218543E-12, 6.448969655221578E-12
240, Flight7, SELECTEE, 3.971414631518941E-12, 3.576129337008636E-11, 2.6808806092946445E-11, 0.20502082278909317, 0.6900172336596232, 0.04497917708599566, 0.059982766291350534, 1.0743528999806797E-10
240, Flight7, UNKNOWN, 0.33218126330359143, 0.01036863013284662, 7.821283420279494E-12, 0.3477619547542838, 1.3033227611805245E-12, 0.3096881517977725, 1.303322057328466E-12, 1.1173537823741122E-12
240, Flight7, LOWRISK1, 0.10863869385097649, 0.02225175527349353, 1.7460783288499595E-11, 0.5316375794292033, 2.909762320923264E-12, 0.337471971420591, 2.9097539690793482E-12, 2.4945719001318047E-12
240, Flight7, LOWRISK2, 0.05083156004943886, 0.042515959480821465, 3.7536690832878145E-11, 0.5969002541356796, 6.256111178467598E-12, 0.309752226278687, 6.25606037317079E-12, 5.363441997540301E-12
240, Flight7, LOWRISK3, 6.721102511644301E-12, 6.04725742432304E-11, 3.508403355005885E-11, 0.6686087038724663, 2.5759979142929925E-11, 0.3313912959541014, 2.5764886958269472E-11, 1.966929720547338E-11
240, Flight7, LOWRISK4, 0.9999999999215349, 1.6169961532317557E-11, 1.4053998229240239E-11, 1.4054193456449883E-11, 6.861353214111913E-12, 1.4054246383171025E-11, 6.8613647046322135E-12, 6.449368677457256E-12
240, Flight8, SELECTEE, 1.389325753468582E-11, 1.2910442477199398E-10, 9.489426302385842E-11, 0.1166063506500303, 0.8223179913277392, 0.02625079175142756, 0.034824865654136276, 3.7881417533503606E-10
240, Flight8, UNKNOWN, 0.23722792070402954, 0.00780585640628079, 5.775766844458396E-12, 0.4165128481383016, 9.624508342154927E-13, 0.33845337474290155, 9.624510705041688E-13, 8.251246655608977E-13
240, Flight8, LOWRISK1, 0.04536677520280065, 0.020270451686764678, 1.6321605403246323E-11, 0.606884617362525, 2.7200188737364963E-12, 0.3274781557238554, 2.720008230251265E-12, 2.3319140705623265E-12
240, Flight8, LOWRISK2, 1.8387181388788113E-12, 1.653492805037747E-11, 1.0981453873085281E-11, 0.6822788283725897, 1.5896536696591957E-11, 0.3177211715556114, 1.5898406731390573E-11, 1.0688336383205534E-11
240, Flight8, LOWRISK3, 3.974117783609176E-12, 3.574651239419357E-11, 2.6817083277677995E-11, 0.5731559569487862, 0.16911956990111765, 0.21255832865732374, 0.04516614431883686, 1.074372127333644E-10
240, Flight8, LOWRISK4, 0.9999999996847392, 8.411766704554094E-11, 4.709645283651256E-11, 7.240908241070105E-11, 1.3601078181536714E-11, 7.240349217989743E-11, 1.3601114752796566E-11, 1.2071238604856824E-11
240, Flight9, SELECTEE, 5.559590651394877E-12, 5.010160525271359E-11, 3.7539446501157414E-11, 0.2046187562227733, 0.6903664616308086, 0.04538124360061352, 0.059633538302257844, 1.5038532335916097E-10
240, Flight9, UNKNOWN, 0.3314222766769987, 0.017199509766569355, 1.3172431404895594E-11, 0.3396374076322381, 2.1950689253263717E-12, 0.31174080590478875, 2.19506681778028E-12, 1.8818535571629892E-12
240, Flight9, LOWRISK1, 0.10888733310381275, 0.020014001999877528, 1.5642059711423975E-11, 0.5318311755365558, 2.6066593252441626E-12, 0.33926748933670337, 2.6066527551918585E-12, 2.234720353939652E-12
240, Flight9, LOWRISK2, 0.04651285215705214, 0.08138433045334362, 9.382904920590627E-11, 0.5792708691511481, 1.5640771702207642E-11, 0.2928319480999762, 1.5640372785027604E-11, 1.3409052007133991E-11
240, Flight9, LOWRISK3, 7.421492929243627E-12, 6.669131521531245E-11, 3.9017241794407285E-11, 0.6681135607095128, 2.948286243997069E-11, 0.33188643909600135, 2.948723994685796E-11, 2.2425402555295918E-11
240, Flight9, LOWRISK4, 0.9999999994507407, 1.1312760305856724E-10, 9.833130874734775E-11, 9.83322985629423E-11, 4.801669932181113E-11, 9.833842548171965E-11, 4.8017960466872E-11, 4.5134174859271404E-11
240, Flight10, SELECTEE, 6.7151547986128545E-12, 6.041495146991312E-11, 3.675974520748441E-11, 0.6276279926937358, 3.241811035153538E-11, 0.3723720071134757, 3.2416727966697296E-11, 2.41029370575097E-11
240, Flight10, UNKNOWN, 0.9999999999698372, 8.016182098648002E-12, 4.5335487482771325E-12, 6.924472407619116E-12, 1.3169603995852252E-12, 6.924481929826265E-12, 1.316960210726223E-12, 1.1694613709637943E-12
240, Flight10, LOWRISK1, 0.553557719583928, 0.017980523628590248, 1.632181772319292E-11, 0.21855747650960072, 2.7199471184784425E-12, 0.20990428025382682, 2.7199464099272973E-12, 2.331834262989897E-12
240, Flight10, LOWRISK2, 0.4402248213885425, 0.037976607393863084, 3.7537701330974936E-11, 0.2673041534629052, 6.255825625344546E-12, 0.2544944176993158, 6.255825877277618E-12, 5.36313379030181E-12
240, Flight10, LOWRISK3, 0.3117456946166855, 0.1942887477580398, 7.526933562704237E-10, 0.25903565224700653, 1.2504213203255207E-10, 0.23492990426833954, 1.2504070499102636E-10, 1.0719180267139117E-10
240, Flight10, LOWRISK4, 0.9999999997253325, 5.6582101373187436E-11, 4.917750156048251E-11, 4.917648218978732E-11, 2.4011577684584852E-11, 4.917766633933018E-11, 2.4011857936475953E-11, 2.2569692186636315E-11
240, Flight11, SELECTEE, 9.553017153887987E-14, 2.320709895949047E-13, 2.318566011515806E-13, 6.605603076105117E-13, 0.9999999994984186, 2.825542557487986E-13, 4.942274344490049E-13, 4.996239514384038E-10
240, Flight11, UNKNOWN, 0.10947136242873072, 0.014757738045084037, 1.1376216879163297E-11, 0.5306262592511717, 1.8957509394201584E-12, 0.3451446402582598, 1.895746936978587E-12, 1.6252515448412227E-12
240, Flight11, LOWRISK1, 5.674394209840769E-13, 5.10561660738878E-12, 3.8303926987586355E-12, 0.6282895800854698, 0.09153371683852346, 0.2050437532129933, 0.07513294983819774, 1.535176493950888E-11
240, Flight11, LOWRISK2, 1.263838478351117E-12, 1.1371572272651502E-11, 8.531023542379461E-12, 0.5263036411750027, 0.23631889658100877, 0.140363025439003, 0.09701443674968281, 3.417573946897829E-11
240, Flight11, LOWRISK3, 3.9717667797607176E-12, 3.5737545127969664E-11, 2.680678025193478E-11, 0.4010040537230323, 0.4155301685273317, 0.09899594616419817, 0.0844698314116409, 1.0732010801945819E-10
240, Flight11, LOWRISK4, 0.694992308592716, 0.078402553780454, 1.5027112024843578E-10, 0.11748115793824261, 2.5022484270922408E-11, 0.109123979466861, 2.50224823303751E-11, 2.1449888465316554E-11
240, Flight12, SELECTEE, 4.633628825943693E-12, 4.170427635727153E-11, 3.1274641164317816E-11, 0.3218910017324952, 0.5085629195847867, 0.07810899812193267, 0.09143708035794844, 1.2526372360364694E-10
240, Flight12, UNKNOWN, 0.4651641450247086, 0.013522694614411022, 1.0726142198110594E-11, 0.2605377395935651, 1.7874075457738203E-12, 0.26077542075152127, 1.7874068749654036E-12, 1.5323635369133655E-12
240, Flight12, LOWRISK1, 0.1961067604532469, 0.03503915583233135, 2.780716151551098E-11, 0.44340973624323726, 4.6340507252118625E-12, 0.3254443474301757, 4.63403933155868E-12, 3.9727998673837E-12
240, Flight12, LOWRISK2, 0.12689844811630313, 0.0579139668589451, 5.004911919105147E-11, 0.5049086302104276, 8.341319426094494E-12, 0.3102789547404808, 8.341270325096852E-12, 7.151051813694335E-12
240, Flight12, LOWRISK3, 0.05051656641927261, 0.14535090189183164, 3.7577396661256045E-10, 0.5315489270488583, 6.256226411028798E-11, 0.27258360408555077, 6.255613458032441E-11, 5.363363317321954E-11
240, Flight12, LOWRISK4, 0.9999999999215399, 1.6168997776345627E-11, 1.405309929194688E-11, 1.4053128679520308E-11, 6.8610636116717805E-12, 1.40532009822683E-11, 6.861079011125807E-12, 6.449087265611215E-12
240, Flight13, SELECTEE, 3.0888781527180184E-12, 2.803995105425453E-11, 2.09160511887569E-11, 0.05161879361349197, 0.9212329465483943, 0.010881206288820817, 0.01626705341328548, 8.400211333835477E-11
240, Flight13, UNKNOWN, 0.1647724239843949, 0.017048184031912984, 1.2945343917285227E-11, 0.4756126036875843, 2.1572318542630796E-12, 0.3425667882770382, 2.157227332634036E-12, 1.8494181820231675E-12
240, Flight13, LOWRISK1, 7.190118152851252E-13, 6.467554558061068E-12, 4.5495114880203735E-12, 0.6839309433943846, 1.212608207910987E-11, 0.316069056562669, 1.2126102065134096E-11, 6.770564096458163E-12
240, Flight13, LOWRISK2, 3.4760964565988257E-12, 3.1272130177967244E-11, 2.3461088126262487E-11, 0.6060055507945087, 0.11396597765586167, 0.2064944490794951, 0.07353402231809672, 9.386793330110227E-11
240, Flight13, LOWRISK3, 5.560763786333797E-12, 5.0029737306050594E-11, 3.7528457245878855E-11, 0.4950845439893064, 0.2695746569371151, 0.12991545584833317, 0.10542534298196832, 1.5019756560070186E-10
240, Flight13, LOWRISK4, 0.827588246678137, 0.05170577742020883, 1.507467377382472E-10, 0.06166617802681138, 2.502756909012308E-11, 0.05903979765262858, 2.5027523119617976E-11, 2.145195868413532E-11
240, Flight14, SELECTEE, 3.475609616292678E-12, 3.1271728156490767E-11, 2.3458340697398237E-11, 0.47504908472645946, 0.26305720986793796, 0.14995091516682865, 0.11194279008669304, 9.391452512408899E-11
240, Flight14, UNKNOWN, 0.6658907577078094, 0.006983180434256337, 5.178186542634667E-12, 0.15445101363165165, 8.628869190399679E-13, 0.17267504821867843, 8.628871635315856E-13, 7.397626012424231E-13
240, Flight14, LOWRISK1, 0.33059824343331495, 0.02461580900629364, 1.8770314733251224E-11, 0.3450777066729613, 3.1279774852255465E-12, 0.29970824085976183, 3.127973837340916E-12, 2.6816317302400344E-12
240, Flight14, LOWRISK2, 0.24367356995116277, 0.05693787033793891, 4.6921693565039735E-11, 0.3857475343247439, 7.819904933617662E-12, 0.3136410253169282, 7.819884379042174E-12, 6.704002650050964E-12
240, Flight14, LOWRISK3, 0.1570466693626577, 0.08657997567806981, 1.251124962314025E-10, 0.42803935286287653, 2.0852710598259753E-11, 0.3283340019117408, 2.0852426933308957E-11, 1.787680923071602E-11
240, Flight14, LOWRISK4, 0.999999999890144, 2.2635695706357512E-11, 1.9673541916319576E-11, 1.9673480831582284E-11, 9.605285989195069E-12, 1.9673655936859742E-11, 9.605322359035663E-12, 9.028519559162203E-12
240, Flight15, SELECTEE, 3.474734311060186E-12, 3.132887578790981E-11, 2.346651497603804E-11, 0.1172936227014716, 0.8218509022239358, 0.025563520046239758, 0.03529195487602693, 9.409527061031481E-11
240, Flight15, UNKNOWN, 0.23697108490681393, 0.010117378579245384, 7.661682684613702E-12, 0.4243398274334566, 1.2767241741574406E-12, 0.32857170906921396, 1.2767233018475387E-12, 1.0945525089197511E-12
240, Flight15, LOWRISK1, 0.044140173259819414, 0.031309869162607556, 2.6812643577926395E-11, 0.5998196222932535, 4.468646854846478E-12, 0.3247303352447781, 4.468617606149019E-12, 3.831043747077507E-12
240, Flight15, LOWRISK2, 2.9889939835241875E-12, 2.6857755352183986E-11, 1.749174004230278E-11, 0.6810026114786505, 2.2020539361177803E-11, 0.3189973884147186, 2.2020753901412716E-11, 1.529042226511992E-11
240, Flight15, LOWRISK3, 6.951776659232138E-12, 6.253973740107339E-11, 4.691380360115122E-11, 0.5949721831791198, 0.12797899595365606, 0.1907421023302268, 0.086306718232953, 1.8767860713748649E-10
240, Flight15, LOWRISK4, 0.9999999995922748, 8.942411307981253E-11, 7.228972191023307E-11, 7.77121285252994E-11, 3.099217164751938E-11, 7.771740267558387E-11, 3.0992690299238225E-11, 2.863630783990293E-11
240, Flight16, SELECTEE, 3.971753279974522E-12, 3.5743909655962244E-11, 2.6807057079960393E-11, 0.32206593322705995, 0.5084376172687198, 0.07793406664888361, 0.09156238268147146, 1.0738174638890805E-10
240, Flight16, UNKNOWN, 0.4650033283980977, 0.0149700442526631, 1.1917875780990626E-11, 0.26043038198488366, 1.986009085483432E-12, 0.2595962453468023, 1.9860081347372124E-12, 1.7026244738773213E-12
240, Flight16, LOWRISK1, 0.19758703940237296, 0.0217166453014558, 1.7064106825654777E-11, 0.44978542925629084, 2.843622255469315E-12, 0.3309108860147306, 2.843617084277119E-12, 2.4378624031365655E-12
240, Flight16, LOWRISK2, 0.1280951927148069, 0.04714326548344587, 3.951373779900046E-11, 0.5103336290063667, 6.585256432961529E-12, 0.31442791273709003, 6.585225719539591E-12, 5.645578465057753E-12
240, Flight16, LOWRISK3, 0.0535123824715161, 0.11838855761832283, 1.876882428296802E-10, 0.5425943876791647, 3.1281662256417496E-11, 0.28550467195396817, 3.128009535543408E-11, 2.6817804208840073E-11
240, Flight16, LOWRISK4, 0.9999999998168825, 3.7725255803037947E-11, 3.278866531218338E-11, 3.278863456667453E-11, 1.6008784921574668E-11, 3.278906826952395E-11, 1.6008879959632763E-11, 1.504752522541367E-11
240, Flight17, SELECTEE, 3.0888781527180184E-12, 2.803995105425453E-11, 2.09160511887569E-11, 0.05161879361349197, 0.9212329465483943, 0.010881206288820817, 0.01626705341328548, 8.400211333835477E-11
240, Flight17, UNKNOWN, 0.1655177122369981, 0.010340589763849677, 7.821288928858922E-12, 0.47990228571771926, 1.3033219006627652E-12, 0.3442394122699272, 1.3033213026430328E-12, 1.1173574514143742E-12
240, Flight17, LOWRISK1, 9.437238193536782E-13, 8.489093247571042E-12, 5.893281082591486E-12, 0.6773840192839167, 1.3127841861272695E-11, 0.32261598066655667, 1.312791435188438E-11, 7.807126922330693E-12
240, Flight17, LOWRISK2, 3.4760964565988257E-12, 3.1272130177967244E-11, 2.3461088126262487E-11, 0.6060055507945087, 0.11396597765586167, 0.2064944490794951, 0.07353402231809672, 9.386793330110227E-11
240, Flight17, LOWRISK3, 3.9719804182425875E-12, 3.573589512901282E-11, 2.6807729952904243E-11, 0.4965895641801472, 0.2641168002266499, 0.12841043570911745, 0.11088319971030434, 1.073051462887406E-10
240, Flight17, LOWRISK4, 0.8273622602558292, 0.05373965518118946, 1.8863739960981596E-10, 0.0607930877912184, 3.128290299198298E-11, 0.05810499649378632, 3.128281690866728E-11, 2.681274306557114E-11
240, Flight18, SELECTEE, 7.628492996043787E-12, 6.863776451316055E-11, 4.1857333483091336E-11, 0.6273177517038986, 3.728898792876172E-11, 0.3726822480757616, 3.7286830636634415E-11, 2.7679788331968604E-11
240, Flight18, UNKNOWN, 0.9999999999698372, 8.016182098648002E-12, 4.5335487482771325E-12, 6.924472407619116E-12, 1.3169603995852252E-12, 6.924481929826265E-12, 1.316960210726223E-12, 1.1694613709637943E-12
240, Flight18, LOWRISK1, 0.5519034234178298, 0.032869189111443646, 2.780595790545592E-11, 0.21170734360745627, 4.633983437769389E-12, 0.2035200438222631, 4.633982107922485E-12, 3.972701399877173E-12
240, Flight18, LOWRISK2, 0.4390013323809418, 0.048988008468831695, 3.128155070938163E-11, 0.26611666404827267, 5.213255515080332E-12, 0.24589399505581588, 5.2132547597721475E-12, 4.469309413743865E-12
240, Flight18, LOWRISK3, 0.3218338647575505, 0.1034952171811389, 9.383203551429322E-11, 0.2931149048593921, 1.5639418230775624E-11, 0.2815560130634399, 1.563938615543702E-11, 1.3407188240332061E-11
240, Flight18, LOWRISK4, 0.9999999997253325, 5.6582101373187436E-11, 4.917750156048251E-11, 4.917648218978732E-11, 2.4011577684584852E-11, 4.917766633933018E-11, 2.4011857936475953E-11, 2.2569692186636315E-11
240, Flight19, SELECTEE, 5.559590651394877E-12, 5.010160525271359E-11, 3.7539446501157414E-11, 0.2046187562227733, 0.6903664616308086, 0.04538124360061352, 0.059633538302257844, 1.5038532335916097E-10
240, Flight19, UNKNOWN, 0.33228083250565854, 0.009472507314940174, 7.150905682890027E-12, 0.35054248897128204, 1.1916093215220672E-12, 0.3077041711976028, 1.191608770741832E-12, 1.021580959241037E-12
240, Flight19, LOWRISK1, 0.10832833113654175, 0.025045019700995732, 1.9758083575617695E-11, 0.5309128683894648, 3.2926289752339585E-12, 0.3357137807438707, 3.292618311024891E-12, 2.822805504467394E-12
240, Flight19, LOWRISK2, 0.0450596906348782, 0.09446278412016179, 1.2510458016353337E-10, 0.5727905513582396, 2.0854647319845522E-11, 0.28768697370206775, 2.0853875301849866E-11, 1.7878976749408368E-11
240, Flight19, LOWRISK3, 2.6603663579870594E-11, 2.379627729836793E-10, 1.457723492415882E-10, 0.664457702610877, 1.31653509271354E-10, 0.33554229661832513, 1.3144210394464098E-10, 9.740266132360012E-11
240, Flight19, LOWRISK4, 0.9999999998168623, 3.772928829503064E-11, 3.279243310835755E-11, 3.279316554305147E-11, 1.6010013152052107E-11, 3.279354677167315E-11, 1.6010093599298096E-11, 1.5048717203676542E-11
240, Flight20, SELECTEE, 9.501817935207912E-14, 2.32995784698892E-13, 2.3242037850640034E-13, 6.716042249495373E-13, 0.9999999998111092, 2.846706198022608E-13, 4.953810009416121E-13, 1.8691809687032873E-10
240, Flight20, UNKNOWN, 0.1100493516387905, 0.009555835158900404, 7.219641348445617E-12, 0.5233926810310616, 1.2030650335444393E-12, 0.35700213216062965, 1.2030656950205437E-12, 1.0314089598689151E-12
240, Flight20, LOWRISK1, 6.951207887400807E-13, 6.254401797300243E-12, 4.692239640452748E-12, 0.6212037449627758, 0.0942137516945169, 0.21212958833153645, 0.0724529149807692, 1.8799374273915473E-11
240, Flight20, LOWRISK2, 1.3902281345490919E-12, 1.250867384625169E-11, 9.384088806286916E-12, 0.5264107774400728, 0.23537537791692545, 0.14025588916982695, 0.09795795541234037, 3.759084583051129E-11
240, Flight20, LOWRISK3, 4.633710871031819E-12, 4.169405138584581E-11, 3.127359403858772E-11, 0.4036262091163516, 0.40813673641839376, 0.09637379074936864, 0.09186326351312384, 1.2520008410784516E-10
240, Flight20, LOWRISK4, 0.696689549397477, 0.0631273865826596, 1.0729677971285452E-10, 0.11920957426772993, 1.78737466206079E-11, 0.12097348959380642, 1.7873750995171284E-11, 1.5322186428451505E-11
240, Flight21, SELECTEE, 3.4750681582076865E-12, 3.1619537677011447E-11, 2.3552579180286184E-11, 0.05159663970784729, 0.9212354937541481, 0.010903360181715085, 0.016264506203073684, 9.460809361036929E-11
240, Flight21, UNKNOWN, 0.1648655276004919, 0.01621025148770426, 1.230871576873055E-11, 0.47683610133696486, 2.0511380217242147E-12, 0.3420881195567089, 2.0511339012684675E-12, 1.758463323750721E-12
240, Flight21, LOWRISK1, 1.1945281285322356E-12, 1.074531464769465E-11, 7.372452787651951E-12, 0.6737087540986174, 1.4349833283786736E-11, 0.32629124584435654, 1.4349918212475579E-11, 8.906292721738005E-12
240, Flight21, LOWRISK2, 1.3240664019452862E-12, 1.19130262256677E-11, 8.937627183562773E-12, 0.6103233655771868, 0.1125305857621936, 0.202176634366742, 0.07496941423596477, 3.577758940672881E-11
240, Flight21, LOWRISK3, 2.7786344060007748E-11, 2.502264645569232E-10, 1.8750164440676944E-10, 0.4929919478650605, 0.2741773808698318, 0.13200805125004564, 0.1008226187985485, 7.510384891951416E-10
240, Flight21, LOWRISK4, 0.827588246678137, 0.05170577742020883, 1.507467377382472E-10, 0.06166617802681138, 2.502756909012308E-11, 0.05903979765262858, 2.5027523119617976E-11, 2.145195868413532E-11
240, Flight22, SELECTEE, 2.7772384762691578E-11, 2.5229349035548743E-10, 1.8805088636628188E-10, 0.3199815633683535, 0.5095168627485458, 0.0800184357296362, 0.0904831369349041, 7.504829816234285E-10
240, Flight22, UNKNOWN, 0.46569973972512196, 0.008702342315084885, 6.5290688367654934E-12, 0.2614335475125438, 1.0879903132810286E-12, 0.26416437043765073, 1.0879902268592258E-12, 9.327463455198385E-13
240, Flight22, LOWRISK1, 0.1961067604532469, 0.03503915583233135, 2.780716151551098E-11, 0.44340973624323726, 4.6340507252118625E-12, 0.3254443474301757, 4.63403933155868E-12, 3.9727998673837E-12
240, Flight22, LOWRISK2, 0.11985148809159507, 0.12133660697647353, 1.5012838212434255E-10, 0.47313148567297797, 2.502330622680203E-11, 0.28568041903736585, 2.5022813543657788E-11, 2.1452388904594617E-11
240, Flight22, LOWRISK3, 0.04882723290611402, 0.16055490311130588, 7.596092164344082E-10, 0.522938171437748, 1.251493949355033E-10, 0.2676796914277071, 1.2511591199934125E-10, 1.0728990567525035E-10
240, Flight22, LOWRISK4, 0.9999999997253193, 5.658430393938547E-11, 4.9179874339639316E-11, 4.9179507859548815E-11, 2.401245703503237E-11, 4.918051768005434E-11, 2.401268701320565E-11, 2.257059249171377E-11
240, Flight23, SELECTEE, 9.540220127455856E-14, 2.3255920840925075E-13, 2.3220062018151987E-13, 6.656351648628055E-13, 0.9999999996985355, 2.8351088947852013E-13, 4.946502726915162E-13, 2.9949993520419684E-10
240, Flight23, UNKNOWN, 0.10933818485862752, 0.015956336175038388, 1.2308647865552655E-11, 0.5304541756379645, 2.051141973173801E-12, 0.3442513033102396, 2.051136888688283E-12, 1.7584691352844347E-12
240, Flight23, LOWRISK1, 8.425782893778627E-13, 7.581115595583792E-12, 5.6875762852356486E-12, 0.6158300991287452, 0.09566237962889791, 0.21750323416077788, 0.07100428704472604, 2.2781065147014977E-11
240, Flight23, LOWRISK2, 1.6355737718242164E-12, 1.471602507696118E-11, 1.104003453476896E-11, 0.5261765217209798, 0.23481243126444395, 0.14049014488094583, 0.09852090206206013, 4.4217925002613026E-11
240, Flight23, LOWRISK3, 2.777620196727826E-11, 2.5082928033834696E-10, 1.876408647516118E-10, 0.40531984875588145, 0.40413506062791177, 0.09468015035617534, 0.09586493904349132, 7.503331714024587E-10
240, Flight23, LOWRISK4, 0.694992308592716, 0.078402553780454, 1.5027112024843578E-10, 0.11748115793824261, 2.5022484270922408E-11, 0.109123979466861, 2.50224823303751E-11, 2.1449888465316554E-11
240, Flight24, SELECTEE, 3.9721205592666796E-12, 3.5739228772603285E-11, 2.68090562822948E-11, 0.47472990154900807, 0.2633441042400013, 0.15027009832814642, 0.11165589570904225, 1.0732075180563562E-10
240, Flight24, UNKNOWN, 0.6655412115529216, 0.010129095824831734, 8.436221072396366E-12, 0.16410103064982917, 1.4058178315722764E-12, 0.160228661960004, 1.4058175060001795E-12, 1.205224941565994E-12
240, Flight24, LOWRISK1, 0.33077151126252274, 0.023056398544793445, 1.7460839508690282E-11, 0.34544431087060384, 2.9097483098851985E-12, 0.30072777929634464, 2.9097449641458213E-12, 2.494543131865852E-12
240, Flight24, LOWRISK2, 0.2414553818584304, 0.07690156315019048, 6.824588920757103E-11, 0.3765404812638011, 1.1374317425664582E-11, 0.3051025736268718, 1.1374273469841522E-11, 9.751149029069987E-12
240, Flight24, LOWRISK3, 0.15077149289751668, 0.14305656379878057, 1.876832553028832E-10, 0.39369508422432126, 3.1278081471117957E-11, 0.312476858802368, 3.127749602795538E-11, 2.6814038103937946E-11
240, Flight24, LOWRISK4, 0.9999999998168878, 3.77244062245552E-11, 3.2787749372911144E-11, 3.278749280058073E-11, 1.6008477543033973E-11, 3.27879850696816E-11, 1.600858459979155E-11, 1.5047206788395828E-11
240, Flight25, SELECTEE, 2.59197260560573E-11, 2.3327022621970695E-10, 1.4383214886312736E-10, 0.6243648120310518, 1.3482075199791186E-10, 0.3756351871970911, 1.3481869553908426E-10, 9.923482034525036E-11
240, Flight25, UNKNOWN, 0.9999999999702207, 8.578879798791443E-12, 3.763580456033727E-12, 7.390803168607933E-12, 9.363592041285855E-13, 7.39080079261143E-12, 9.363593910106043E-13, 8.217175994511582E-13
240, Flight25, LOWRISK1, 0.5530590941507639, 0.022468152522912017, 2.0291600780822097E-11, 0.21633266968116446, 3.3815720162933683E-12, 0.20814008361524533, 3.3815708053772307E-12, 2.899025166039555E-12
240, Flight25, LOWRISK2, 0.43738613972186935, 0.0635247423727534, 5.774627696395608E-11, 0.25903997503455795, 9.624304461875433E-12, 0.24004914278561315, 9.624300382572738E-12, 8.250803242665731E-12
240, Flight25, LOWRISK3, 0.31584355175217327, 0.15740803406544754, 2.503704244807649E-10, 0.2727079587291198, 4.1699203091703415E-11, 0.2540404550837837, 4.169903338436603E-11, 3.574645143000978E-11
240, Flight25, LOWRISK4, 0.9999999999389847, 1.257592253208238E-11, 1.0930127051674141E-11, 1.0930097207688406E-11, 5.3363448964704376E-12, 1.0930157872206254E-11, 5.336357227332978E-12, 5.015911129601729E-12
240, Flight26, SELECTEE, 0.656183081863832, 0.09435226301184714, 2.5071980616823245E-10, 0.12282454477011191, 4.1691623151502414E-11, 0.1266401099844096, 4.169133662206837E-11, 3.573771571630664E-11
240, Flight26, UNKNOWN, 0.9999999999963242, 7.654701794682479E-13, 6.651668965490951E-13, 6.651669095335461E-13, 3.2463674550727726E-13, 6.65166921399733E-13, 3.246367874693627E-13, 3.0513201204539573E-13
240, Flight26, LOWRISK1, 0.9999999999796868, 4.192640709466275E-12, 3.64384624398813E-12, 3.643844067043804E-12, 1.7788953589731615E-12, 3.643849989511498E-12, 1.778896221197058E-12, 1.6720696175415707E-12
240, Flight26, LOWRISK2, 0.9999999999771431, 4.716587981145071E-12, 4.099243639571123E-12, 4.099241451354134E-12, 2.001235434697799E-12, 4.099248914444853E-12, 2.001236767957367E-12, 1.8810610578170004E-12
240, Flight26, LOWRISK3, 0.9999999999389861, 1.2575914459742522E-11, 1.0930194361007233E-11, 1.0930186096744499E-11, 5.336362269889925E-12, 1.0930240730594078E-11, 5.33637325070783E-12, 5.015936840647065E-12
240, Flight26, LOWRISK4, 0.9999999997253394, 5.658110189658928E-11, 4.9176562018431204E-11, 4.9175167005329615E-11, 2.401119256749217E-11, 4.917656247319739E-11, 2.4011527986567078E-11, 2.2569317969347698E-11
240, Flight27, SELECTEE, 1.3114026671965095E-11, 1.1801755712431266E-10, 7.245253389104163E-11, 0.6259824445997769, 6.654237783138412E-11, 0.37401755501445155, 6.653473330632872E-11, 4.914981319775697E-11
240, Flight27, UNKNOWN, 0.9999999999701369, 8.403635075699672E-12, 4.008001049815105E-12, 7.244417539678603E-12, 1.042327765755709E-12, 7.244413878317906E-12, 1.0423278320130998E-12, 9.17623095961153E-13
240, Flight27, LOWRISK1, 0.5523752143034274, 0.028623071144823053, 2.4218499980691554E-11, 0.2136351047174443, 4.0360626828616384E-12, 0.20536660979859384, 4.0360614254409916E-12, 3.460110445420176E-12
240, Flight27, LOWRISK2, 0.43738613972186935, 0.0635247423727534, 5.774627696395608E-11, 0.25903997503455795, 9.624304461875433E-12, 0.24004914278561315, 9.624300382572738E-12, 8.250803242665731E-12
240, Flight27, LOWRISK3, 0.32203453023631773, 0.10168922783944682, 1.2511589312595219E-10, 0.2998217112579008, 2.0851873235612087E-11, 0.2764545304816787, 2.0851809895132503E-11, 1.7875775021152454E-11
240, Flight27, LOWRISK4, 0.9999999998901451, 2.2635497387409346E-11, 1.967334532695944E-11, 1.967322654509201E-11, 9.605216549034791E-12, 1.9673428026895535E-11, 9.605259227208298E-12, 9.028450659419465E-12
240, Flight28, SELECTEE, 2.716396006120426E-11, 3.5059743098899667E-10, 2.1407027858291483E-10, 0.05165677419665675, 0.9222114031976416, 0.010843224717198853, 0.015288596533988641, 7.627219160254128E-10
240, Flight28, UNKNOWN, 0.16586417180461904, 0.007222453657954467, 5.2507026027872866E-12, 0.46838260798301745, 8.749539914643917E-13, 0.35853076654669774, 8.749547721652967E-13, 7.501142814843395E-13
240, Flight28, LOWRISK1, 1.6118098770936203E-12, 1.449742719776895E-11, 9.781310813124175E-12, 0.6708004115822239, 1.615391495488099E-11, 0.3291995883491119, 1.6153938994144307E-11, 1.0505296120976573E-11
240, Flight28, LOWRISK2, 4.6349956274531045E-12, 4.169606471431511E-11, 3.12808254246754E-11, 0.6045870721498869, 0.11437365578114493, 0.20791292768646577, 0.07312634417978048, 1.2514956808151504E-10
240, Flight28, LOWRISK3, 6.950847802803515E-12, 6.253765656317673E-11, 4.6908422897342424E-11, 0.4943626628985884, 0.2725006842629183, 0.13063733689388077, 0.10249931564052327, 1.8773174431217833E-10
240, Flight28, LOWRISK4, 0.827588246678137, 0.05170577742020883, 1.507467377382472E-10, 0.06166617802681138, 2.502756909012308E-11, 0.05903979765262858, 2.5027523119617976E-11, 2.145195868413532E-11
240, Flight29, SELECTEE, 3.971414631518941E-12, 3.576129337008636E-11, 2.6808806092946445E-11, 0.20502082278909317, 0.6900172336596232, 0.04497917708599566, 0.059982766291350534, 1.0743528999806797E-10
240, Flight29, UNKNOWN, 0.3325499047883701, 0.007050856772603461, 5.178278677935614E-12, 0.3481068960651074, 8.62887381312689E-13, 0.31229234236631465, 8.628875660848343E-13, 7.397662582574977E-13
240, Flight29, LOWRISK1, 0.10846114693352549, 0.02384967752918557, 1.8770249146743962E-11, 0.5312760377665777, 3.127996347701257E-12, 0.33641313774304266, 3.1279866907326663E-12, 2.6816650453541366E-12
240, Flight29, LOWRISK2, 0.04711493480657751, 0.07596558661853516, 8.34046499322371E-11, 0.5819277480469509, 1.390283530190488E-11, 0.2949917304048468, 1.3902530857863747E-11, 1.1919091932925186E-11
240, Flight29, LOWRISK3, 5.2155401241766455E-11, 4.675291498510121E-10, 2.881478565982761E-10, 0.6637192858122325, 2.6765194439382264E-10, 0.3362807126473431, 2.676990723921158E-10, 1.9728048431048502E-10
240, Flight29, LOWRISK4, 0.9999999994507407, 1.1312760305856724E-10, 9.833130874734775E-11, 9.83322985629423E-11, 4.801669932181113E-11, 9.833842548171965E-11, 4.8017960466872E-11, 4.5134174859271404E-11
240, Flight30, SELECTEE, 1.3886752416641006E-11, 1.462002714408038E-10, 9.988819468603218E-11, 0.051290713957108255, 0.9221097036055663, 0.011209285553719407, 0.01539029623951905, 3.8415123129662765E-10
240, Flight30, UNKNOWN, 0.1654570567604345, 0.010886489052473072, 8.25101749741692E-12, 0.48076875749222425, 1.3749339495827578E-12, 0.3428876966827281, 1.374932961795672E-12, 1.1787506664556082E-12
240, Flight30, LOWRISK1, 1.3999935460611523E-12, 1.259368364799324E-11, 8.571864312874075E-12, 0.6719588141245157, 1.5377603834818623E-11, 0.3280411858122991, 1.537768561517726E-11, 9.77550633809768E-12
240, Flight30, LOWRISK2, 1.390278461995422E-12, 1.2508691018735157E-11, 9.384517194549903E-12, 0.6100391782821889, 0.11256795792343459, 0.20246082165958817, 0.07493204207397941, 3.756502902751389E-11
240, Flight30, LOWRISK3, 9.267290278249793E-12, 8.33878009185314E-11, 6.254012084326796E-11, 0.49495473427625575, 0.27203714135522084, 0.13004526544093253, 0.10296285852215958, 2.502754880492114E-10
240, Flight30, LOWRISK4, 0.8271240865461725, 0.05588321850177868, 2.517543480686978E-10, 0.05990450336908728, 4.1704593705604033E-11, 0.057088191212093145, 4.1704439846731665E-11, 3.5744146649964255E-11